"기준_년월_코드","기준_분기_코드","상권_구분_코드","상권_구분_코드_명","상권_코드","상권_코드_명","총_직장_인구_수","남성_직장_인구_수","여성_직장_인구_수","연령대_10_직장_인구_수","연령대_20_직장_인구_수","연령대_30_직장_인구_수","연령대_40_직장_인구_수","연령대_50_직장_인구_수","연령대_60_이상_직장_인구_수","남성연령대_10_직장_인구_수","남성연령대_20_직장_인구_수","남성연령대_30_직장_인구_수","남성연령대_40_직장_인구_수","남성연령대_50_직장_인구_수","남성연령대_60_이상_직장_인구_수","여성연령대_10_직장_인구_수","여성연령대_20_직장_인구_수","여성연령대_30_직장_인구_수","여성연령대_40_직장_인구_수","여성연령대_50_직장_인구_수","여성연령대_60_이상_직장_인구_수"
"2022","4","A","골목상권","2110465","연신내역 7번","229","110","119","3","36","48","55","52","35","2","11","25","24","23","25","1","25","23","31","29","10"
"2022","4","A","골목상권","2110188","용두동신동아아파트","807","607","200","8","104","178","229","191","97","2","68","150","181","132","74","6","36","28","48","59","23"
"2022","4","A","골목상권","2110863","난우초등학교","319","179","140","6","40","61","63","79","70","5","23","30","38","36","47","1","17","31","25","43","23"
"2022","4","R","전통시장","2130279","관악신사시장","120","63","57","0","17","20","27","37","19","0","5","10","16","20","12","0","12","10","11","17","7"
"2022","4","R","전통시장","2130275","강남골목시장","168","124","44","0","17","40","46","35","30","0","15","33","30","24","22","0","2","7","16","11","8"
"2022","4","R","전통시장","2130250","삼구시장(로타리상가)","1","0","1","0","0","0","0","1","0","0","0","0","0","0","0","0","0","0","0","1","0"
"2022","4","A","골목상권","2110806","서울시립영등포장애인복지관","76","42","34","0","18","30","13","13","2","0","5","16","9","11","1","0","13","14","4","2","1"
"2022","4","A","골목상권","2110800","영등포동성당","227","153","74","0","26","34","61","66","40","0","13","22","37","46","35","0","13","12","24","20","5"
"2022","4","A","골목상권","2110775","대동초등학교","61","30","31","0","5","13","20","15","8","0","2","6","6","10","6","0","3","7","14","5","2"
"2022","4","R","전통시장","2130245","영일시장","675","567","108","1","61","189","238","136","50","0","41","148","217","115","46","1","20","41","21","21","4"
"2022","4","A","골목상권","2110816","대방역 6번","521","404","117","1","73","138","153","68","88","1","50","109","114","50","80","0","23","29","39","18","8"
"2022","4","A","골목상권","2110786","당산역 8번","271","179","92","2","20","41","60","51","97","2","8","21","42","38","68","0","12","20","18","13","29"
"2022","4","R","전통시장","2130240","영등포유통상가","1183","753","430","0","95","232","273","252","331","0","52","127","178","168","228","0","43","105","95","84","103"
"2022","4","A","골목상권","2110859","난향초등학교","182","113","69","0","11","32","42","52","45","0","0","21","27","30","35","0","11","11","15","22","10"
"2022","4","A","골목상권","2110589","애오개역 3번","58","14","44","0","4","8","19","13","14","0","0","1","5","6","2","0","4","7","14","7","12"
"2022","4","A","골목상권","2110231","장안교","11","8","3","0","0","1","4","5","1","0","0","1","3","4","0","0","0","0","1","1","1"
"2022","4","A","골목상권","2110473","구산역 1번","436","241","195","0","34","59","113","107","123","0","24","27","53","49","88","0","10","32","60","58","35"
"2022","4","A","골목상권","2110126","서울숲역 1번","27","18","9","0","0","7","2","12","6","0","0","6","0","7","5","0","0","1","2","5","1"
"2022","4","A","골목상권","2111090","강일동주민센터","91","35","56","0","15","30","23","17","6","0","1","10","10","10","4","0","14","20","13","7","2"
"2022","4","R","전통시장","2130144","백운시장","38","17","21","0","0","3","13","14","8","0","0","0","5","5","7","0","0","3","8","9","1"
"2022","4","A","골목상권","2110191","고려대역 6번","48","41","7","0","1","12","14","9","12","0","1","10","11","8","11","0","0","2","3","1","1"
"2022","4","A","골목상권","2110960","은광여고","1522","692","830","5","207","255","373","502","180","4","55","110","190","212","121","1","152","145","183","290","59"
"2022","4","A","골목상권","2110412","창동중학교","25","23","2","0","4","7","3","4","7","0","3","7","3","3","7","0","1","0","0","1","0"
"2022","4","D","발달상권","2120168","서울고교교차로","569","378","191","1","58","166","147","103","94","0","28","98","107","78","67","1","30","68","40","25","27"
"2022","4","A","골목상권","2110415","수락산역 4번","635","386","249","5","82","110","155","174","109","5","46","71","85","110","69","0","36","39","70","64","40"
"2022","4","A","골목상권","2110034","창신1동주민센터","41","35","6","0","2","1","14","13","11","0","2","1","10","11","11","0","0","0","4","2","0"
"2022","4","R","전통시장","2130091","청량종합도매시장","36","27","9","0","1","3","11","14","7","0","0","3","8","10","6","0","1","0","3","4","1"
"2022","4","A","골목상권","2110464","연신내역 5번","301","170","131","4","32","53","93","85","34","4","18","28","44","49","27","0","14","25","49","36","7"
"2022","4","R","전통시장","2130203","서서울 골목형상점가","34","7","27","0","2","7","10","12","3","0","0","0","2","4","1","0","2","7","8","8","2"
"2022","4","A","골목상권","2110477","은평세무서","434","205","229","0","43","62","106","141","82","0","15","23","49","71","47","0","28","39","57","70","35"
"2022","4","A","골목상권","2110456","구산보건지소","966","543","423","3","284","226","177","146","130","1","123","112","94","96","117","2","161","114","83","50","13"
"2022","4","D","발달상권","2120062","신설동역","12641","5433","7208","13","1215","2605","3449","3480","1879","2","445","1435","1625","1123","803","11","770","1170","1824","2357","1076"
"2022","4","A","골목상권","2110902","사당역 4번","1201","739","462","1","193","270","296","250","191","0","84","171","204","158","122","1","109","99","92","92","69"
"2022","4","D","발달상권","2120197","역삼역","58694","38567","20127","93","10088","18053","15887","10835","3738","43","5227","11916","11864","7079","2438","50","4861","6137","4023","3756","1300"
"2022","4","A","골목상권","2110278","망우본동주민센터","279","168","111","1","32","46","78","83","39","0","10","25","44","57","32","1","22","21","34","26","7"
"2022","4","A","골목상권","2110860","호림박물관(성보고등학교)","410","314","96","1","57","102","66","110","74","1","44","84","47","78","60","0","13","18","19","32","14"
"2022","4","A","골목상권","2110850","사당역 10번","969","487","482","4","217","207","185","162","194","1","54","88","92","95","157","3","163","119","93","67","37"
"2022","4","A","골목상권","2110436","상계제일중학교","93","60","33","0","15","21","33","20","4","0","5","13","23","15","4","0","10","8","10","5","0"
"2022","4","A","골목상권","2110397","도봉산입구","469","257","212","0","31","56","101","131","150","0","6","34","39","73","105","0","25","22","62","58","45"
"2022","4","D","발달상권","2120003","광화문역","44202","27021","17181","79","6413","12958","13138","8070","3544","12","2655","7612","8988","5645","2109","67","3758","5346","4150","2425","1435"
"2022","4","R","전통시장","2130310","강남개포시장","298","173","125","0","29","56","71","82","60","0","8","23","42","56","44","0","21","33","29","26","16"
"2022","4","A","골목상권","2110421","석계역 1번","249","109","140","0","22","37","78","65","47","0","8","16","31","26","28","0","14","21","47","39","19"
"2022","4","D","발달상권","2120231","가락시장","5698","4083","1615","0","368","1051","1564","1654","1061","0","264","836","1185","1098","700","0","104","215","379","556","361"
"2022","4","R","전통시장","2130306","강남언주로","235","151","84","2","48","48","63","45","29","2","27","34","47","23","18","0","21","14","16","22","11"
"2022","4","R","전통시장","2130149","창동신창시장","104","40","64","0","2","21","32","29","20","0","0","7","14","8","11","0","2","14","18","21","9"
"2022","4","A","골목상권","2110770","영등포구청역 6번","263","191","72","1","45","49","77","45","46","1","24","41","54","28","43","0","21","8","23","17","3"
"2022","4","R","전통시장","2130195","도화동 상점가","1055","510","545","2","201","269","228","163","192","1","86","133","121","95","74","1","115","136","107","68","118"
"2022","4","A","골목상권","2110776","도신초등학교","168","106","62","0","12","20","48","63","25","0","11","10","35","34","16","0","1","10","13","29","9"
"2022","4","A","골목상권","2110549","새터산","283","137","146","1","48","61","76","46","51","1","18","31","43","16","28","0","30","30","33","30","23"
"2022","4","A","골목상권","2110570","KB국민은행 서강지점","61","39","22","0","4","22","18","12","5","0","4","13","10","7","5","0","0","9","8","5","0"
"2022","4","A","골목상권","2110580","양원초등학교","78","20","58","0","3","6","16","25","28","0","0","1","3","11","5","0","3","5","13","14","23"
"2022","4","A","골목상권","2110803","신길2동우편취급국","304","220","84","0","17","27","56","62","142","0","6","14","33","39","128","0","11","13","23","23","14"
"2022","4","A","골목상권","2110531","홍지문","141","61","80","0","16","26","24","56","19","0","13","19","13","9","7","0","3","7","11","47","12"
"2022","4","A","골목상권","2110547","KB국민은행 망원동지점","284","168","116","0","13","47","93","76","55","0","4","25","55","45","39","0","9","22","38","31","16"
"2022","4","A","골목상권","2110561","상수역 4번","395","247","148","4","59","102","94","89","47","2","21","56","64","68","36","2","38","46","30","21","11"
"2022","4","R","전통시장","2130190","홍대소상공인상점가","150","77","73","1","55","35","30","18","11","0","18","22","18","10","9","1","37","13","12","8","2"
"2022","4","A","골목상권","2110518","서대문구청","117","70","47","0","19","39","29","18","12","0","6","19","22","12","11","0","13","20","7","6","1"
"2022","4","A","골목상권","2110337","아카데미하우스","512","368","144","6","70","69","94","159","114","6","43","58","60","98","103","0","27","11","34","61","11"
"2022","4","R","전통시장","2130140","숭인시장","62","27","35","0","9","13","10","15","15","0","0","4","1","9","13","0","9","9","9","6","2"
"2022","4","R","전통시장","2130131","동북프라자","121","49","72","0","9","23","37","29","23","0","4","8","17","9","11","0","5","15","20","20","12"
"2022","4","A","골목상권","2110347","구세군강북종합사회복지관","38","17","21","0","10","7","5","9","7","0","1","5","1","5","5","0","9","2","4","4","2"
"2022","4","D","발달상권","2120096","이화여대(이대역, 이대)","470","195","275","1","79","135","125","79","51","0","27","51","46","38","33","1","52","84","79","41","18"
"2022","4","A","골목상권","2110358","인수동 우편취급국","558","300","258","0","18","35","68","214","223","0","2","18","24","94","162","0","16","17","44","120","61"
"2022","4","A","골목상권","2110364","미아역 8번","146","75","71","0","9","26","51","39","21","0","3","9","25","23","15","0","6","17","26","16","6"
"2022","4","R","전통시장","2130126","새석관시장","3","1","2","0","0","0","1","2","0","0","0","0","0","1","0","0","0","0","1","1","0"
"2022","4","A","골목상권","2110333","돌곶이역 5번","988","746","242","0","15","23","38","74","838","0","2","13","20","42","669","0","13","10","18","32","169"
"2022","4","D","발달상권","2120011","종로4가","2980","1663","1317","5","420","1022","880","514","139","0","165","497","518","378","105","5","255","525","362","136","34"
"2022","4","A","골목상권","2110321","동덕여대","43","29","14","0","2","6","17","12","6","0","2","6","9","7","5","0","0","0","8","5","1"
"2022","4","R","전통시장","2130122","밤나무골시장","17","5","12","0","2","4","6","4","1","0","1","1","2","1","0","0","1","3","4","3","1"
"2022","4","A","골목상권","2110521","홍제역 4번","63","36","27","0","4","7","19","17","16","0","0","4","10","9","13","0","4","3","9","8","3"
"2022","4","A","골목상권","2110313","안암역 3번","2079","1351","728","2","209","555","672","477","164","0","96","312","446","356","141","2","113","243","226","121","23"
"2022","4","R","전통시장","2130125","장위전통시장","40","20","20","0","5","6","7","8","14","0","0","2","5","5","8","0","5","4","2","3","6"
"2022","4","A","골목상권","2110325","장곡초등학교","62","22","40","0","0","14","22","20","6","0","0","3","8","7","4","0","0","11","14","13","2"
"2022","4","A","골목상권","2110240","태릉시장 특화거리","97","39","58","2","20","13","28","16","18","1","3","8","7","8","12","1","17","5","21","8","6"
"2022","4","A","골목상권","2110235","세화어린이공원","17","12","5","0","6","3","1","5","2","0","5","1","1","3","2","0","1","2","0","2","0"
"2022","4","A","골목상권","2110270","혜원여고","168","148","20","0","4","5","7","70","82","0","4","3","6","59","76","0","0","2","1","11","6"
"2022","4","R","전통시장","2130105","장미제일시장(중화동제일시장)","63","27","36","0","8","14","22","11","8","0","3","6","14","3","1","0","5","8","8","8","7"
"2022","4","R","전통시장","2130135","수유중앙골목시장(수유중앙시장)","24","12","12","0","0","3","4","5","12","0","0","2","2","0","8","0","0","1","2","5","4"
"2022","4","A","골목상권","2110331","돌곶이역 8번","436","292","144","3","54","146","112","76","45","0","17","105","82","53","35","3","37","41","30","23","10"
"2022","4","R","전통시장","2130106","중랑동부시장","166","56","110","1","20","40","34","39","32","0","1","8","7","21","19","1","19","32","27","18","13"
"2022","4","R","전통시장","2130064","금남시장","36","13","23","0","6","7","8","4","11","0","1","0","5","2","5","0","5","7","3","2","6"
"2022","4","R","전통시장","2130077","조양시장","31","19","12","0","11","7","8","5","0","0","6","5","4","4","0","0","5","2","4","1","0"
"2022","4","R","전통시장","2130084","신성시장(신성골목시장)","21","6","15","0","3","5","8","4","1","0","0","1","2","2","1","0","3","4","6","2","0"
"2022","4","A","골목상권","2110256","면목2동체육관","477","321","156","2","56","66","82","140","131","1","21","35","45","109","110","1","35","31","37","31","21"
"2022","4","A","골목상권","2110130","답십리역 6번","105","89","16","0","20","24","38","15","8","0","17","20","35","10","7","0","3","4","3","5","1"
"2022","4","A","골목상권","2110010","평창동서측","6687","3622","3065","12","676","1736","2550","1464","249","0","276","655","1387","1128","176","12","400","1081","1163","336","73"
"2022","4","A","골목상권","2110129","성원어린이공원","664","421","243","1","65","126","138","185","149","0","35","74","91","111","110","1","30","52","47","74","39"
"2022","4","A","골목상권","2110061","효창동주민센터","473","301","172","1","61","90","150","113","58","1","38","52","96","67","47","0","23","38","54","46","11"
"2022","4","A","골목상권","2110057","황학코아루아파트","57","39","18","0","8","11","16","9","13","0","4","5","14","7","9","0","4","6","2","2","4"
"2022","4","A","골목상권","2110124","뚝섬역교차로","1253","1006","247","7","170","155","222","312","387","6","94","111","169","268","358","1","76","44","53","44","29"
"2022","4","A","골목상권","2110161","중곡역 3번","236","135","101","3","11","33","58","65","66","0","2","16","37","40","40","3","9","17","21","25","26"
"2022","4","U","관광특구","1001493","동대문패션타운 관광특구","6054","2958","3096","36","1434","1695","1160","1061","668","13","543","737","662","600","403","23","891","958","498","461","265"
"2022","4","A","골목상권","2110782","영등포시장역 4번","127","87","40","1","13","24","48","27","14","1","5","16","36","17","12","0","8","8","12","10","2"
"2022","4","A","골목상권","2110165","국립정신건강센터","287","204","83","0","19","46","81","77","64","0","9","33","51","61","50","0","10","13","30","16","14"
"2022","4","R","전통시장","2130246","영등포청과시장(조광시장)","237","126","111","0","24","33","47","77","56","0","9","11","28","39","39","0","15","22","19","38","17"
"2022","4","A","골목상권","2110182","용두희망어린이공원","370","249","121","0","38","71","108","87","66","0","20","47","67","64","51","0","18","24","41","23","15"
"2022","4","A","골목상권","2110014","경복고등학교","194","82","112","0","28","54","40","44","28","0","4","14","21","24","19","0","24","40","19","20","9"
"2022","4","D","발달상권","2120013","이화사거리","7552","5465","2087","8","1309","2510","2065","1290","370","1","628","1731","1677","1167","261","7","681","779","388","123","109"
"2022","4","A","골목상권","2110099","유엔빌리지길","12646","10311","2335","33","1746","2596","3298","4558","415","25","904","1899","2859","4264","360","8","842","697","439","294","55"
"2022","4","A","골목상권","2110965","언주역 6번","1139","788","351","1","174","379","378","142","65","1","104","276","284","74","49","0","70","103","94","68","16"
"2022","4","A","골목상권","2110861","관악구신사동주민센터","1182","608","574","1","215","377","263","209","117","1","71","194","161","105","76","0","144","183","102","104","41"
"2022","4","D","발달상권","2120139","대림3동사거리","3619","2404","1215","14","423","867","992","727","596","5","220","632","783","462","302","9","203","235","209","265","294"
"2022","4","D","발달상권","2120015","종로6가","302","153","149","0","49","64","69","65","55","0","17","23","27","42","44","0","32","41","42","23","11"
"2022","4","D","발달상권","2120143","당산역","2723","2018","705","9","329","524","575","532","754","2","194","398","412","396","616","7","135","126","163","136","138"
"2022","4","A","골목상권","2110350","가오리역 2번","148","77","71","0","11","27","37","49","24","0","5","11","18","26","17","0","6","16","19","23","7"
"2022","4","D","발달상권","2120077","미아역","218","97","121","0","32","37","52","64","33","0","11","8","18","38","22","0","21","29","34","26","11"
"2022","4","A","골목상권","2110317","종암중학교","412","207","205","0","33","120","153","86","20","0","14","47","78","59","9","0","19","73","75","27","11"
"2022","4","A","골목상권","2110258","면동초등학교","260","99","161","0","32","49","79","66","34","0","1","20","28","34","16","0","31","29","51","32","18"
"2022","4","A","골목상권","2110259","사가정역 1번","543","425","118","2","48","108","172","159","54","2","29","73","131","140","50","0","19","35","41","19","4"
"2022","4","A","골목상권","2110094","오산중학교","26","12","14","0","0","1","4","13","8","0","0","0","2","6","4","0","0","1","2","7","4"
"2022","4","A","골목상권","2110238","배꽃어린이공원","66","48","18","0","6","7","15","23","15","0","4","5","9","15","15","0","2","2","6","8","0"
"2022","4","A","골목상권","2110123","마장역 3번","511","382","129","0","42","56","91","185","137","0","21","36","63","141","121","0","21","20","28","44","16"
"2022","4","D","발달상권","2120033","을지로4가역","874","443","431","7","128","213","194","204","128","1","45","108","99","91","99","6","83","105","95","113","29"
"2022","4","A","골목상권","2110086","이태원역 북측","9251","3612","5639","12","3187","3893","1655","431","73","3","733","1559","905","357","55","9","2454","2334","750","74","18"
"2022","4","A","골목상권","2111077","길동주민센터(강동도서관)","1272","737","535","4","121","258","294","321","274","1","49","138","167","188","194","3","72","120","127","133","80"
"2022","4","R","전통시장","2130324","길동복조리시장","154","85","69","3","27","32","47","40","5","2","13","18","31","19","2","1","14","14","16","21","3"
"2022","4","A","골목상권","2111076","둔촌2동주민센터","297","174","123","0","25","49","61","86","76","0","14","24","34","39","63","0","11","25","27","47","13"
"2022","4","A","골목상권","2111054","암사역 4번(삼성광나루아파트)","104","42","62","0","14","18","19","12","41","0","4","12","7","5","14","0","10","6","12","7","27"
"2022","4","R","전통시장","2130326","고덕 골목형상점가","935","850","85","0","8","37","165","395","330","0","4","31","147","360","308","0","4","6","18","35","22"
"2022","4","A","골목상권","2111060","암사역 2번(서울강동초등학교)","871","457","414","1","101","210","241","202","116","1","41","96","131","107","81","0","60","114","110","95","35"
"2022","4","D","발달상권","2120230","송파사거리(송파역)","876","470","406","4","96","176","202","193","205","1","38","99","115","92","125","3","58","77","87","101","80"
"2022","4","A","골목상권","2111037","Sh수협은행 오금동금융센터(아랫말어린이공원)","373","243","130","0","37","103","90","93","50","0","25","84","60","43","31","0","12","19","30","50","19"
"2022","4","A","골목상권","2111040","거여초등학교","346","137","209","0","26","86","124","77","33","0","9","27","48","30","23","0","17","59","76","47","10"
"2022","4","A","골목상권","2111061","암사역 1번","831","551","280","0","149","186","182","170","144","0","82","128","126","125","90","0","67","58","56","45","54"
"2022","4","A","골목상권","2111045","개미어린이공원","36","18","18","0","2","7","12","12","3","0","1","1","7","7","2","0","1","6","5","5","1"
"2022","4","A","골목상권","2111006","석촌고분역 1번","1112","721","391","0","127","292","337","203","153","0","56","169","242","135","119","0","71","123","95","68","34"
"2022","4","R","전통시장","2130311","새마을시장","377","246","131","1","60","78","104","75","59","0","28","48","80","55","35","1","32","30","24","20","24"
"2022","4","D","발달상권","2120246","길동역","3399","1536","1863","14","384","560","835","905","701","8","169","317","417","296","329","6","215","243","418","609","372"
"2022","4","A","골목상권","2111067","강동구립성내도서관","746","414","332","2","73","149","192","177","153","1","36","98","107","84","88","1","37","51","85","93","65"
"2022","4","D","발달상권","2120234","가락시장역","10268","6224","4044","11","1350","2490","2149","1678","2590","3","586","1468","1439","927","1801","8","764","1022","710","751","789"
"2022","4","A","골목상권","2110395","신한은행 방학동지점","163","42","121","0","17","20","44","42","40","0","0","2","11","9","20","0","17","18","33","33","20"
"2022","4","A","골목상권","2110403","방학1동주민센터","316","167","149","1","44","56","63","78","74","1","30","37","36","36","27","0","14","19","27","42","47"
"2022","4","D","발달상권","2120064","경희대학교(경희대)","97","44","53","0","14","27","21","13","22","0","9","13","10","4","8","0","5","14","11","9","14"
"2022","4","R","전통시장","2130017","동대문상가C동","12","9","3","0","1","4","4","2","1","0","1","4","3","0","1","0","0","0","1","2","0"
"2022","4","R","전통시장","2130019","동대문상가D동","28","21","7","0","6","5","5","4","8","0","4","2","4","4","7","0","2","3","1","0","1"
"2022","4","R","전통시장","2130066","행당시장상점가","397","182","215","0","49","86","115","100","47","0","17","38","54","45","28","0","32","48","61","55","19"
"2022","4","A","골목상권","2110131","성수동카페거리","4798","3110","1688","15","902","1536","1123","699","523","9","460","993","777","497","374","6","442","543","346","202","149"
"2022","4","D","발달상권","2120007","북촌(안국역)","10172","8081","2091","7","1112","3577","3084","1913","479","5","623","2851","2568","1659","375","2","489","726","516","254","104"
"2022","4","D","발달상권","2120198","구역삼세무서","11531","7246","4285","23","2691","3529","2889","1562","837","12","1141","2216","2115","1139","623","11","1550","1313","774","423","214"
"2022","4","D","발달상권","2120199","경복아파트교차로","3830","2283","1547","10","796","1196","781","572","475","4","317","721","498","390","353","6","479","475","283","182","122"
"2022","4","A","골목상권","2110002","독립문역 1번","475","121","354","1","146","140","118","44","26","1","25","25","41","14","15","0","121","115","77","30","11"
"2022","4","A","골목상권","2110987","영동대교남단","473","237","236","2","91","86","93","107","94","1","46","51","44","40","55","1","45","35","49","67","39"
"2022","4","A","골목상권","2110428","상계5동주민센터","491","217","274","1","43","52","106","158","131","0","14","25","45","70","63","1","29","27","61","88","68"
"2022","4","D","발달상권","2120163","사당역 11번(사당역먹자골목)","491","290","201","0","55","119","99","86","132","0","28","73","57","50","82","0","27","46","42","36","50"
"2022","4","A","골목상권","2110922","내방역 1번","224","114","110","1","42","48","47","43","43","0","13","23","27","23","28","1","29","25","20","20","15"
"2022","4","D","발달상권","2120164","내방역","8574","5973","2601","56","1923","2821","1862","1128","784","48","1160","1998","1383","799","585","8","763","823","479","329","199"
"2022","4","A","골목상권","2110905","방배노인종합복지관(이수중학교)","287","176","111","1","36","71","71","63","45","0","18","38","45","41","34","1","18","33","26","22","11"
"2022","4","A","골목상권","2110913","방현초등학교(방배119안전센터)","3305","2117","1188","7","572","1265","879","376","206","4","272","824","627","237","153","3","300","441","252","139","53"
"2022","4","A","골목상권","2110937","방아다리근린공원(횃불트리니티신학대학원대학교)","2465","1270","1195","7","634","861","542","318","103","6","246","507","335","113","63","1","388","354","207","205","40"
"2022","4","D","발달상권","2120181","교육개발원입구사거리","7278","4440","2838","316","2978","1563","1247","730","444","145","1506","983","939","536","331","171","1472","580","308","194","113"
"2022","4","D","발달상권","2120162","방배동카페골목","1253","717","536","61","207","200","219","215","351","57","126","142","110","93","189","4","81","58","109","122","162"
"2022","4","A","골목상권","2110927","잠원역","745","553","192","2","93","342","198","98","12","2","82","218","159","81","11","0","11","124","39","17","1"
"2022","4","A","골목상권","2110844","흑석2치안센터","7","5","2","0","2","1","1","0","3","0","1","1","1","0","2","0","1","0","0","0","1"
"2022","4","A","골목상권","2110842","흑리단길","43","14","29","0","7","8","8","12","8","0","2","2","3","2","5","0","5","6","5","10","3"
"2022","4","R","전통시장","2130265","노량진중앙시장","115","82","33","0","17","48","34","8","8","0","12","42","23","3","2","0","5","6","11","5","6"
"2022","4","A","골목상권","2110841","중대부중","88","36","52","0","11","17","16","25","19","0","5","7","5","11","8","0","6","10","11","14","11"
"2022","4","A","골목상권","2110941","언남고등학교","261","158","103","0","33","46","89","58","35","0","14","26","51","40","27","0","19","20","38","18","8"
"2022","4","A","골목상권","2110818","신대방역 3번","20","9","11","0","1","3","7","7","2","0","1","3","2","1","2","0","0","0","5","6","0"
"2022","4","D","발달상권","2120155","총신대학교","111","57","54","0","13","27","27","26","18","0","7","8","15","15","12","0","6","19","12","11","6"
"2022","4","D","발달상권","2120156","총신대입구역(이수, 총신대)","3255","1425","1830","14","615","769","718","629","510","7","201","327","374","254","262","7","414","442","344","375","248"
"2022","4","A","골목상권","2110847","예술인마을","460","225","235","3","53","139","142","78","45","3","13","62","76","38","33","0","40","77","66","40","12"
"2022","4","A","골목상권","2110826","장승배기역 4번","366","149","217","2","20","37","57","103","147","1","8","22","28","38","52","1","12","15","29","65","95"
"2022","4","A","골목상권","2110833","상도역 2번","266","172","94","2","20","64","76","77","27","0","17","51","48","37","19","2","3","13","28","40","8"
"2022","4","A","골목상권","2110750","시흥4동주민센터(서울신흥초등학교)","397","221","176","4","78","83","80","104","48","4","47","62","43","33","32","0","31","21","37","71","16"
"2022","4","D","발달상권","2120190","강남을지병원","11703","6183","5520","44","3417","3226","2498","1508","1010","14","1228","1648","1560","985","748","30","2189","1578","938","523","262"
"2022","4","A","골목상권","2110831","상도4동주민센터","72","40","32","0","3","13","14","29","13","0","3","6","6","18","7","0","0","7","8","11","6"
"2022","4","D","발달상권","2120134","구로전화국","2014","1668","346","0","107","157","172","223","1355","0","44","75","96","153","1300","0","63","82","76","70","55"
"2022","4","A","골목상권","2110725","가산동주민센터","85","59","26","0","6","20","22","20","17","0","3","15","16","12","13","0","3","5","6","8","4"
"2022","4","A","골목상권","2110681","온수역 1번","152","106","46","0","13","52","39","21","27","0","10","38","25","13","20","0","3","14","14","8","7"
"2022","4","R","전통시장","2130225","개봉중앙시장","147","59","88","0","15","21","39","44","28","0","3","4","19","22","11","0","12","17","20","22","17"
"2022","4","A","골목상권","2110702","개봉초등학교","131","93","38","1","15","18","33","34","30","1","10","13","23","24","22","0","5","5","10","10","8"
"2022","4","A","골목상권","2110720","대림역 2번","158","73","85","0","23","25","43","35","32","0","10","11","15","15","22","0","13","14","28","20","10"
"2022","4","A","골목상권","2110903","방배아이파크아파트","7222","2653","4569","7","1242","1778","2487","1322","386","1","333","597","951","599","172","6","909","1181","1536","723","214"
"2022","4","A","골목상권","2110633","개화산역 1번","115","89","26","2","29","34","27","15","8","2","28","22","19","10","8","0","1","12","8","5","0"
"2022","4","R","전통시장","2130236","비단길현대시장(현대시장)","139","42","97","0","13","23","49","40","14","0","4","3","12","17","6","0","9","20","37","23","8"
"2022","4","A","골목상권","2110635","공항시장역 3번","1482","399","1083","4","71","92","165","488","662","1","44","62","64","34","194","3","27","30","101","454","468"
"2022","4","A","골목상권","2110668","화곡2동주민센터","471","278","193","0","55","70","139","127","80","0","22","33","81","77","65","0","33","37","58","50","15"
"2022","4","D","발달상권","2120129","구로디지털단지","47750","31091","16659","195","10197","16227","12034","5678","3419","126","5117","10736","8454","3920","2738","69","5080","5491","3580","1758","681"
"2022","4","A","골목상권","2110707","구로창업지원센터","1045","760","285","4","141","266","246","253","135","3","78","195","185","186","113","1","63","71","61","67","22"
"2022","4","A","골목상권","2110610","계남근린공원","126","85","41","0","5","11","41","44","25","0","3","6","28","35","13","0","2","5","13","9","12"
"2022","4","A","골목상권","2110609","신정네거리역 2번","1377","1358","19","0","14","15","52","171","1125","0","10","11","45","168","1124","0","4","4","7","3","1"
"2022","4","R","전통시장","2130204","경창시장","100","50","50","0","5","12","27","27","29","0","2","5","12","16","15","0","3","7","15","11","14"
"2022","4","A","골목상권","2110619","목4동주민센터","311","203","108","1","51","87","89","64","19","1","16","52","58","57","19","0","35","35","31","7","0"
"2022","4","D","발달상권","2120172","교대입구교차로","10241","5712","4529","53","2062","2700","2445","1945","1036","33","854","1635","1489","1004","697","20","1208","1065","956","941","339"
"2022","4","A","골목상권","2110453","신사1동주민센터","515","288","227","0","43","81","121","155","115","0","20","25","65","85","93","0","23","56","56","70","22"
"2022","4","A","골목상권","2110455","역촌노인복지관","678","360","318","2","69","118","187","198","104","0","34","63","89","105","69","2","35","55","98","93","35"
"2022","4","D","발달상권","2120195","성수대교남단","5611","2685","2926","39","1393","2394","1102","426","257","15","487","1194","634","208","147","24","906","1200","468","218","110"
"2022","4","A","골목상권","2110608","신월2동주민센터","873","453","420","1","51","116","229","271","205","1","23","69","118","125","117","0","28","47","111","146","88"
"2022","4","D","발달상권","2120188","압구정역","8579","3750","4829","134","2204","2146","1550","1314","1231","47","698","969","897","556","583","87","1506","1177","653","758","648"
"2022","4","R","전통시장","2130170","제일시장","58","26","32","1","7","9","13","19","9","1","2","2","5","11","5","0","5","7","8","8","4"
"2022","4","A","골목상권","2110447","구산초등학교","12","7","5","0","2","2","3","1","4","0","1","2","1","1","2","0","1","0","2","0","2"
"2022","4","A","골목상권","2110467","은평요양병원","487","284","203","3","90","154","110","68","62","2","46","100","61","37","38","1","44","54","49","31","24"
"2022","4","D","발달상권","2120090","연신내역","687","262","425","5","180","133","134","129","106","1","64","55","49","45","48","4","116","78","85","84","58"
"2022","4","A","골목상권","2110605","목동센트럴아이파크앞","155","89","66","0","15","22","26","47","45","0","5","15","11","27","31","0","10","7","15","20","14"
"2022","4","A","골목상권","2110593","신월3동주민센터","304","157","147","0","38","65","76","87","38","0","12","32","45","44","24","0","26","33","31","43","14"
"2022","4","A","골목상권","2110475","백련산해모로아파트","241","126","115","1","23","42","76","68","31","1","10","24","44","28","19","0","13","18","32","40","12"
"2022","4","A","골목상권","2110478","응암1동주민센터","359","221","138","2","26","39","56","58","178","2","16","23","28","33","119","0","10","16","28","25","59"
"2022","4","A","골목상권","2110462","갈현건영아파트","354","220","134","1","41","64","104","81","63","1","23","38","61","50","47","0","18","26","43","31","16"
"2022","4","A","골목상권","2110604","신월4동주민센터","637","528","109","0","13","50","120","234","220","0","6","29","87","193","213","0","7","21","33","41","7"
"2022","4","D","발달상권","2120055","군자역","4255","2030","2225","33","1138","780","911","991","402","23","548","430","436","330","263","10","590","350","475","661","139"
"2022","4","A","골목상권","2110942","염곡동 구룡사(포이동성당)","3242","1952","1290","7","578","932","791","613","321","3","328","587","461","351","222","4","250","345","330","262","99"
"2022","4","A","골목상권","2110645","우장산역 4번","794","391","403","0","64","125","239","221","145","0","33","65","87","90","116","0","31","60","152","131","29"
"2022","4","A","골목상권","2110516","정원여중","114","85","29","0","24","19","35","22","14","0","17","14","26","19","9","0","7","5","9","3","5"
"2022","4","D","발달상권","2120166","방배역","5467","3282","2185","90","1234","1594","1033","699","817","26","523","920","713","451","649","64","711","674","320","248","168"
"2022","4","A","골목상권","2110736","독산119안전센터","450","196","254","0","45","52","74","114","165","0","21","31","34","41","69","0","24","21","40","73","96"
"2022","4","A","골목상권","2111086","한영중고","297","202","95","1","27","45","73","101","50","1","17","22","52","69","41","0","10","23","21","32","9"
"2022","4","A","골목상권","2110187","제기동역 6번","3124","2222","902","15","559","867","746","552","385","7","387","605","531","394","298","8","172","262","215","158","87"
"2022","4","A","골목상권","2110759","문래예술촌(문래창작촌)","4221","2165","2056","9","520","837","996","1286","573","5","266","550","589","466","289","4","254","287","407","820","284"
"2022","4","A","골목상권","2110558","경성고등학교","2338","1579","759","11","302","556","565","513","391","10","149","343","406","384","287","1","153","213","159","129","104"
"2022","4","A","골목상권","2110114","왕십리파출소","68","21","47","0","3","2","11","24","28","0","1","1","4","10","5","0","2","1","7","14","23"
"2022","4","A","골목상권","2110068","남영역 1번","1039","595","444","8","154","224","240","224","189","6","59","124","144","138","124","2","95","100","96","86","65"
"2022","4","A","골목상권","2111010","석촌역 7번","1428","975","453","3","162","289","351","325","298","1","88","176","244","224","242","2","74","113","107","101","56"
"2022","4","D","발달상권","2120173","교대역(법원.검찰청)","18197","10449","7748","74","3267","5392","4725","3068","1671","29","1418","3003","2843","1896","1260","45","1849","2389","1882","1172","411"
"2022","4","D","발달상권","2120196","서울세관","9687","5900","3787","15","1708","2897","2579","1614","874","2","604","1527","1719","1323","725","13","1104","1370","860","291","149"
"2022","4","D","발달상권","2120137","문래역(문래로데오거리)","50","21","29","2","11","8","13","12","4","0","4","1","7","7","2","2","7","7","6","5","2"
"2022","4","A","골목상권","2110427","노원 을지대학교병원","363","281","82","0","27","27","62","126","121","0","12","14","31","109","115","0","15","13","31","17","6"
"2022","4","A","골목상권","2110423","석계역 2번","280","104","176","0","27","29","65","73","86","0","9","15","31","29","20","0","18","14","34","44","66"
"2022","4","A","골목상권","2110408","가인초등학교","359","108","251","0","68","70","101","86","34","0","13","24","33","22","16","0","55","46","68","64","18"
"2022","4","A","골목상권","2110196","홍릉근린공원","23","12","11","0","1","6","8","5","3","0","1","4","3","2","2","0","0","2","5","3","1"
"2022","4","A","골목상권","2110993","개포지하차도 북측","70","53","17","0","3","9","19","23","16","0","2","7","16","18","10","0","1","2","3","5","6"
"2022","4","A","골목상권","2110407","도봉역 2번","562","338","224","1","32","77","115","203","134","1","8","41","57","126","105","0","24","36","58","77","29"
"2022","4","A","골목상권","2110490","녹번동근린공원","307","166","141","0","30","64","85","76","52","0","11","30","47","45","33","0","19","34","38","31","19"
"2022","4","D","발달상권","2120211","도성초등학교","984","516","468","7","180","282","189","161","165","3","68","120","112","117","96","4","112","162","77","44","69"
"2022","4","A","골목상권","2110963","역삼월드메르디앙아파트","780","547","233","1","126","185","226","154","88","0","79","146","171","97","54","1","47","39","55","57","34"
"2022","4","A","골목상권","2110181","신설동역 9번","1864","1212","652","12","209","232","286","440","685","12","150","162","188","282","418","0","59","70","98","158","267"
"2022","4","R","전통시장","2130278","미성동 도깨비시장 골목형상점가","75","16","59","0","0","16","28","24","7","0","0","7","5","2","2","0","0","9","23","22","5"
"2022","4","R","전통시장","2130276","신림중앙시장(조원동 펭귄시장)","43","27","16","0","1","2","14","12","14","0","0","2","7","9","9","0","1","0","7","3","5"
"2022","4","A","골목상권","2110894","관악동부센트레빌아파트(은천로35라길)","20","8","12","0","2","4","3","6","5","0","0","2","1","2","3","0","2","2","2","4","2"
"2022","4","A","골목상권","2110875","보라매동주민센터(당곡고등학교)","16","13","3","0","3","2","5","4","2","0","2","2","3","4","2","0","1","0","2","0","0"
"2022","4","R","전통시장","2130243","도림시장","6","4","2","0","0","1","4","0","1","0","0","1","3","0","0","0","0","0","1","0","1"
"2022","4","A","골목상권","2110814","서울지방병무청","673","364","309","1","51","117","155","236","113","1","23","79","97","104","60","0","28","38","58","132","53"
"2022","4","A","골목상권","2110900","낙성대역 1번(관악구민 종합체육센터)","457","257","200","1","95","125","123","89","24","1","49","65","69","54","19","0","46","60","54","35","5"
"2022","4","A","골목상권","2110897","서울대입구역 8번","219","139","80","0","16","45","69","64","25","0","7","24","40","44","24","0","9","21","29","20","1"
"2022","4","R","전통시장","2130197","마포시장","15","5","10","0","0","1","5","4","5","0","0","1","0","2","2","0","0","0","5","2","3"
"2022","4","A","골목상권","2110584","아현역 4번","49","13","36","0","4","7","14","13","11","0","0","0","2","5","6","0","4","7","12","8","5"
"2022","4","A","골목상권","2110887","서울산업정보학교(서울삼성초등학교)","19","11","8","0","1","4","7","6","1","0","0","0","4","6","1","0","1","4","3","0","0"
"2022","4","A","골목상권","2110505","홍남교남측","14","9","5","0","1","0","3","7","3","0","0","0","2","5","2","0","1","0","1","2","1"
"2022","4","A","골목상권","2110575","대흥동주민센터","206","156","50","2","25","47","36","48","48","2","11","35","25","40","43","0","14","12","11","8","5"
"2022","4","A","골목상권","2110548","마포구청역 4번","795","475","320","5","130","185","210","136","129","3","57","95","122","89","109","2","73","90","88","47","20"
"2022","4","A","골목상권","2110525","홍은종합사회복지관","61","17","44","0","10","12","15","10","14","0","1","3","0","4","9","0","9","9","15","6","5"
"2022","4","A","골목상권","2110520","경의중앙 신촌역","78","38","40","0","22","12","27","10","7","0","5","5","13","9","6","0","17","7","14","1","1"
"2022","4","R","전통시장","2130194","용강동 상점가","875","502","373","0","103","131","179","170","292","0","39","75","104","114","170","0","64","56","75","56","122"
"2022","4","A","골목상권","2110368","송천초등학교","196","176","20","0","9","16","36","71","64","0","5","11","32","66","62","0","4","5","4","5","2"
"2022","4","A","골목상권","2110537","충정로현대아파트","1514","848","666","1","362","525","328","177","121","0","150","263","215","134","86","1","212","262","113","43","35"
"2022","4","A","골목상권","2110367","강북구청","1943","976","967","5","195","512","483","522","226","4","64","205","237","340","126","1","131","307","246","182","100"
"2022","4","A","골목상권","2110354","삼각산119안전센터","22","5","17","0","2","3","10","5","2","0","0","0","2","1","2","0","2","3","8","4","0"
"2022","4","A","골목상권","2110379","KT&G 북부지사","12","3","9","1","1","1","3","3","3","0","0","0","1","1","1","1","1","1","2","2","2"
"2022","4","R","전통시장","2130141","강북북부골목시장","43","20","23","0","16","4","11","6","6","0","3","2","6","6","3","0","13","2","5","0","3"
"2022","4","R","전통시장","2130130","수유북부골목시장","20","14","6","0","1","1","7","5","6","0","0","0","6","3","5","0","1","1","1","2","1"
"2022","4","A","골목상권","2110378","송중동주민센터","23","13","10","0","1","4","6","9","3","0","1","2","2","6","2","0","0","2","4","3","1"
"2022","4","A","골목상권","2110380","강북문화정보도서관","48","15","33","0","12","10","12","10","4","0","0","3","5","4","3","0","12","7","7","6","1"
"2022","4","A","골목상권","2110369","성신여대운정그린캠퍼스","518","214","304","1","49","46","131","131","160","1","10","16","44","53","90","0","39","30","87","78","70"
"2022","4","A","골목상권","2110376","수송초등학교","224","142","82","0","26","47","62","60","29","0","12","29","38","41","22","0","14","18","24","19","7"
"2022","4","A","골목상권","2110280","북정마을","78","40","38","0","6","12","25","24","11","0","2","4","11","15","8","0","4","8","14","9","3"
"2022","4","A","골목상권","2110341","북한산우이역 2번","492","408","84","0","15","25","80","255","117","0","4","10","52","235","107","0","11","15","28","20","10"
"2022","4","A","골목상권","2110344","화계중학교","12","10","2","0","7","1","1","2","1","0","5","1","1","2","1","0","2","0","0","0","0"
"2022","4","A","골목상권","2110312","안암역 2번","175","96","79","0","18","24","52","54","27","0","9","17","27","27","16","0","9","7","25","27","11"
"2022","4","R","전통시장","2130116","동성타워프라자","31","22","9","0","2","9","7","8","5","0","2","4","4","7","5","0","0","5","3","1","0"
"2022","4","A","골목상권","2110236","신묵초등학교","1015","836","179","0","185","302","228","255","45","0","135","246","194","228","33","0","50","56","34","27","12"
"2022","4","A","골목상권","2110251","장안중학교","147","104","43","0","8","34","46","39","20","0","3","23","34","27","17","0","5","11","12","12","3"
"2022","4","A","골목상권","2110365","미아역 5번","341","83","258","0","17","21","44","63","196","0","5","12","15","17","34","0","12","9","29","46","162"
"2022","4","A","골목상권","2110329","우리은행체육관","53","27","26","1","7","9","12","17","7","1","0","5","5","10","6","0","7","4","7","7","1"
"2022","4","A","골목상권","2110246","월드순복음교회","431","312","119","0","27","97","158","95","54","0","12","69","122","65","44","0","15","28","36","30","10"
"2022","4","R","전통시장","2130081","자양골목전통시장(자양골목시장)","54","36","18","0","7","17","14","9","7","0","5","12","9","6","4","0","2","5","5","3","3"
"2022","4","A","골목상권","2110159","구의역 4번","663","391","272","1","125","115","158","132","132","1","58","62","85","87","98","0","67","53","73","45","34"
"2022","4","A","골목상권","2110158","중곡3동주민센터","715","518","197","1","113","210","184","138","69","0","73","168","123","104","50","1","40","42","61","34","19"
"2022","4","A","골목상권","2110273","장스여성병원","610","446","164","7","31","37","75","209","251","0","4","8","37","168","229","7","27","29","38","41","22"
"2022","4","A","골목상권","2110244","중화역 4번","250","175","75","1","8","26","49","44","122","1","4","11","32","30","97","0","4","15","17","14","25"
"2022","4","R","전통시장","2130079","한아름시장","40","29","11","0","5","6","6","10","13","0","4","4","5","6","10","0","1","2","1","4","3"
"2022","4","A","골목상권","2110148","어린이대공원역 3번","17","12","5","0","3","3","6","5","0","0","0","2","5","5","0","0","3","1","1","0","0"
"2022","4","R","전통시장","2130112","사가정시장","86","28","58","0","13","17","24","19","13","0","0","3","6","8","11","0","13","14","18","11","2"
"2022","4","R","전통시장","2130067","왕십리도선동상점가","1670","335","1335","3","166","202","291","591","417","1","78","98","69","49","40","2","88","104","222","542","377"
"2022","4","R","전통시장","2130072","성동용답상가시장","132","71","61","0","21","19","35","39","18","0","9","9","16","26","11","0","12","10","19","13","7"
"2022","4","A","골목상권","2110579","마포역 4번","758","561","197","2","62","160","253","214","67","1","37","123","190","160","50","1","25","37","63","54","17"
"2022","4","R","전통시장","2130057","만리시장","12","9","3","0","0","2","1","4","5","0","0","1","1","3","4","0","0","1","0","1","1"
"2022","4","A","골목상권","2110083","서빙고역 1번","149","109","40","0","26","53","42","14","14","0","13","42","29","12","13","0","13","11","13","2","1"
"2022","4","A","골목상권","2110077","삼광초등학교","385","317","68","0","37","86","148","98","16","0","21","66","130","88","12","0","16","20","18","10","4"
"2022","4","R","전통시장","2130032","인현시장","167","123","44","0","3","25","47","54","38","0","3","16","35","40","29","0","0","9","12","14","9"
"2022","4","R","전통시장","2130044","에리어식스(벨포스트)","10","2","8","1","0","2","3","3","1","1","0","1","0","0","0","0","0","1","3","3","1"
"2022","4","R","전통시장","2130047","테크노상가(엘리시움)","160","112","48","0","10","26","34","61","29","0","5","20","21","42","24","0","5","6","13","19","5"
"2022","4","R","전통시장","2130048","동평화시장","18","9","9","0","7","8","0","3","0","0","3","4","0","2","0","0","4","4","0","1","0"
"2022","4","D","발달상권","2120037","동대문역사문화공원역","35320","17057","18263","421","11234","9194","6981","5237","2253","180","5605","5543","3901","1328","500","241","5629","3651","3080","3909","1753"
"2022","4","A","골목상권","2110043","충무초등학교","1202","670","532","12","212","307","331","223","117","7","97","155","169","152","90","5","115","152","162","71","27"
"2022","4","D","발달상권","2120027","명동역(명동재미로)","18097","8477","9620","67","2695","5851","6070","3074","340","9","859","2588","2522","2321","178","58","1836","3263","3548","753","162"
"2022","4","D","발달상권","2120004","종로구청","12937","7078","5859","9","1442","4392","4485","2080","529","4","432","2050","2756","1493","343","5","1010","2342","1729","587","186"
"2022","4","D","발달상권","2120053","건대입구역(건대)","859","491","368","5","147","141","172","187","207","2","40","61","95","130","163","3","107","80","77","57","44"
"2022","4","A","골목상권","2110360","수유초등학교","321","222","99","0","34","61","63","67","96","0","7","43","42","44","86","0","27","18","21","23","10"
"2022","4","A","골목상권","2110028","이화달팽이길","704","279","425","1","177","179","137","123","87","0","56","60","56","65","42","1","121","119","81","58","45"
"2022","4","D","발달상권","2120221","봉은사역","19513","12605","6908","22","4375","5782","3654","2813","2867","8","2402","4217","2849","1721","1408","14","1973","1565","805","1092","1459"
"2022","4","D","발달상권","2120049","왕십리역(왕십리)","1459","1004","455","1","183","301","377","468","129","1","92","187","272","371","81","0","91","114","105","97","48"
"2022","4","A","골목상권","2110091","리움미술관","1106","810","296","0","216","345","343","155","47","0","117","236","293","128","36","0","99","109","50","27","11"
"2022","4","A","골목상권","2110787","신길3동주민센터","171","122","49","0","19","35","47","42","28","0","8","25","36","31","22","0","11","10","11","11","6"
"2022","4","A","골목상권","2110546","양화대교북단","684","408","276","3","185","240","142","68","46","3","79","121","109","55","41","0","106","119","33","13","5"
"2022","4","A","골목상권","2110758","문래소공원","296","221","75","1","44","77","70","67","37","0","32","60","46","52","31","1","12","17","24","15","6"
"2022","4","A","골목상권","2110576","대흥역 3번","1605","1112","493","71","503","480","308","163","80","27","310","365","253","111","46","44","193","115","55","52","34"
"2022","4","A","골목상권","2110515","홍은중학교","399","312","87","1","46","119","119","68","46","1","33","93","94","52","39","0","13","26","25","16","7"
"2022","4","A","골목상권","2110519","서대문구보건소별관","470","175","295","0","58","96","113","139","64","0","15","37","46","42","35","0","43","59","67","97","29"
"2022","4","A","골목상권","2110503","명지대학교교회","230","123","107","0","27","52","59","64","28","0","9","30","26","36","22","0","18","22","33","28","6"
"2022","4","D","발달상권","2120042","숙대입구역(남영역, 남영동)","4057","2797","1260","20","750","1490","1024","558","215","8","370","894","831","510","184","12","380","596","193","48","31"
"2022","4","A","골목상권","2110418","광운대학교 남단","100","45","55","0","11","17","23","26","23","0","5","5","13","16","6","0","6","12","10","10","17"
"2022","4","A","골목상권","2110271","신내역 1번","97","74","23","0","8","17","25","29","18","0","5","14","18","23","14","0","3","3","7","6","4"
"2022","4","D","발달상권","2120074","안암역","59","28","31","1","12","16","12","8","10","0","5","9","7","2","5","1","7","7","5","6","5"
"2022","4","A","골목상권","2110067","배문고등학교","1574","907","667","1","219","377","391","329","257","0","85","177","202","230","213","1","134","200","189","99","44"
"2022","4","A","골목상권","2110092","NH농협은행 보광동지점","514","208","306","0","94","123","111","107","79","0","14","58","40","45","51","0","80","65","71","62","28"
"2022","4","A","골목상권","2110104","신금호역 4번","275","189","86","0","27","47","51","66","84","0","11","28","34","46","70","0","16","19","17","20","14"
"2022","4","U","관광특구","1001491","이태원 관광특구","5839","3064","2775","28","1377","2065","1290","768","311","18","514","986","777","541","228","10","863","1079","513","227","83"
"2022","4","R","전통시장","2130055","황학시장(서울중앙시장, 신중앙시장)","203","117","86","0","24","49","47","52","31","0","12","25","24","32","24","0","12","24","23","20","7"
"2022","4","A","골목상권","2110039","회현역 1번","49","26","23","0","2","8","12","14","13","0","0","4","9","8","5","0","2","4","3","6","8"
"2022","4","A","골목상권","2111071","천동초등학교","76","52","24","0","4","15","21","25","11","0","4","6","18","16","8","0","0","9","3","9","3"
"2022","4","A","골목상권","2111048","천호역 1번(천호문구완구거리)","189","104","85","3","18","52","45","45","26","2","10","24","26","25","17","1","8","28","19","20","9"
"2022","4","A","골목상권","2111049","천호지구대(천호동자전거거리)","507","277","230","2","75","90","96","118","126","0","36","50","40","68","83","2","39","40","56","50","43"
"2022","4","R","전통시장","2130320","암사종합시장","173","97","76","1","16","29","50","31","46","1","5","12","31","19","29","0","11","17","19","12","17"
"2022","4","A","골목상권","2111055","선사초등학교","673","29","644","0","14","28","137","373","121","0","4","7","8","6","4","0","10","21","129","367","117"
"2022","4","A","골목상권","2110390","방학초등학교","225","105","120","0","18","60","66","58","23","0","7","33","27","27","11","0","11","27","39","31","12"
"2022","4","R","전통시장","2130325","명일전통시장","89","30","59","0","8","10","13","28","30","0","3","6","5","8","8","0","5","4","8","20","22"
"2022","4","D","발달상권","2120235","문정역","907","621","286","1","116","196","202","236","156","0","69","151","148","144","109","1","47","45","54","92","47"
"2022","4","D","발달상권","2120227","잠실역","45438","24212","21226","163","8139","11821","12755","11278","1282","51","3785","7433","7435","4548","960","112","4354","4388","5320","6730","322"
"2022","4","D","발달상권","2120239","오금역","4700","3006","1694","17","851","1243","1186","911","492","11","456","826","848","495","370","6","395","417","338","416","122"
"2022","4","A","골목상권","2111039","벌말어린이공원","485","353","132","8","85","125","121","94","52","8","51","89","88","72","45","0","34","36","33","22","7"
"2022","4","D","발달상권","2120238","방이역","412","251","161","4","47","97","113","76","75","3","22","45","60","57","64","1","25","52","53","19","11"
"2022","4","A","골목상권","2111020","방이동고분군(방산고등학교)","304","225","79","1","20","103","84","54","42","0","7","73","64","48","33","1","13","30","20","6","9"
"2022","4","A","골목상권","2110210","서울시립대","341","253","88","1","9","19","24","34","254","1","4","12","10","21","205","0","5","7","14","13","49"
"2022","4","A","골목상권","2110388","도봉우체국","35","23","12","0","4","3","10","14","4","0","2","2","7","8","4","0","2","1","3","6","0"
"2022","4","A","골목상권","2111000","대왕초등학교(세곡동사거리서남측)","39","20","19","0","7","10","12","8","2","0","0","4","10","4","2","0","7","6","2","4","0"
"2022","4","A","골목상권","2110214","경희대후문","86","42","44","0","18","17","24","17","10","0","6","6","13","10","7","0","12","11","11","7","3"
"2022","4","A","골목상권","2110402","도봉구 정병원","471","221","250","1","85","98","98","106","83","0","24","38","54","59","46","1","61","60","44","47","37"
"2022","4","A","골목상권","2110203","떡전교사거리","99","63","36","1","9","15","32","29","13","1","0","7","26","20","9","0","9","8","6","9","4"
"2022","4","A","골목상권","2110229","장평중학교","1339","865","474","0","145","164","192","320","518","0","81","103","125","212","344","0","64","61","67","108","174"
"2022","4","A","골목상권","2110389","한일병원","209","120","89","0","23","37","57","53","39","0","10","19","35","30","26","0","13","18","22","23","13"
"2022","4","A","골목상권","2111041","거여역 8번","428","350","78","1","102","124","87","64","50","1","84","98","72","51","44","0","18","26","15","13","6"
"2022","4","A","골목상권","2110856","미성초등학교","538","295","243","3","58","85","170","150","72","1","28","44","99","71","52","2","30","41","71","79","20"
"2022","4","A","골목상권","2110895","샤로수길","1796","1222","574","3","307","721","360","233","172","2","170","534","234","152","130","1","137","187","126","81","42"
"2022","4","R","전통시장","2130097","답십리 건축자재시장","315","202","113","1","17","46","46","44","161","0","8","37","25","23","109","1","9","9","21","21","52"
"2022","4","A","골목상권","2110433","공릉역 2번","401","137","264","1","30","41","46","46","237","1","17","30","25","18","46","0","13","11","21","28","191"
"2022","4","A","골목상권","2110033","창신역 4번","166","89","77","0","26","42","35","40","23","0","6","22","17","25","19","0","20","20","18","15","4"
"2022","4","A","골목상권","2110962","도산공원북측","557","487","70","1","66","80","242","144","24","0","45","70","226","130","16","1","21","10","16","14","8"
"2022","4","D","발달상권","2120237","경찰병원역","8608","5226","3382","58","1222","1655","1718","1449","2506","24","537","1057","1126","725","1757","34","685","598","592","724","749"
"2022","4","A","골목상권","2110966","논현2동주민센터","1637","1017","620","18","470","498","300","218","133","7","256","298","200","147","109","11","214","200","100","71","24"
"2022","4","D","발달상권","2120200","학동사거리","9363","3808","5555","26","2868","3075","1848","1005","541","9","654","1122","937","687","399","17","2214","1953","911","318","142"
"2022","4","A","골목상권","2110950","논현역 7번","2981","1929","1052","1","829","1305","518","230","98","0","418","886","383","173","69","1","411","419","135","57","29"
"2022","4","D","발달상권","2120191","학동역","13862","8102","5760","40","2889","3759","2967","1864","2343","17","1120","2144","2011","1130","1680","23","1769","1615","956","734","663"
"2022","4","A","골목상권","2110918","방배역 3번","682","438","244","3","98","127","164","142","148","2","59","85","108","86","98","1","39","42","56","56","50"
"2022","4","A","골목상권","2110954","국기원","636","445","191","0","89","142","187","94","124","0","35","97","161","74","78","0","54","45","26","20","46"
"2022","4","D","발달상권","2120203","강남구청역","7726","4602","3124","27","1589","2070","1890","1381","769","8","650","1218","1293","882","551","19","939","852","597","499","218"
"2022","4","A","골목상권","2110986","삼성중앙역 7번","90","59","31","0","9","18","36","19","8","0","3","6","29","15","6","0","6","12","7","4","2"
"2022","4","D","발달상권","2120202","압구정로데오역(압구정로데오)","11735","6075","5660","41","2963","4419","2469","1425","418","11","793","2184","1593","1195","299","30","2170","2235","876","230","119"
"2022","4","A","골목상권","2110915","서래초등학교","2807","2202","605","14","421","877","1027","379","89","11","280","648","849","336","78","3","141","229","178","43","11"
"2022","4","A","골목상권","2110924","반포4동주민센터(몽마르뜨공원)","1330","886","444","5","203","305","407","298","112","1","85","181","300","236","83","4","118","124","107","62","29"
"2022","4","A","골목상권","2110925","서초중학교","873","496","377","0","104","137","244","222","166","0","38","65","146","132","115","0","66","72","98","90","51"
"2022","4","R","전통시장","2130273","남성사계시장(남성시장)","141","63","78","0","21","36","45","22","17","0","3","19","20","8","13","0","18","17","25","14","4"
"2022","4","R","전통시장","2130298","강남터미널지하도상점가2구역","2","1","1","0","1","0","0","0","1","0","1","0","0","0","0","0","0","0","0","0","1"
"2022","4","A","골목상권","2110201","전농119안전센터","27","11","16","0","2","1","9","10","5","0","1","0","3","4","3","0","1","1","6","6","2"
"2022","4","A","골목상권","2110943","법제교육센터(버들어린이공원)","1122","578","544","1","67","165","357","323","209","1","36","99","151","140","151","0","31","66","206","183","58"
"2022","4","D","발달상권","2120152","신대방삼거리역","594","291","303","1","66","127","155","154","91","1","22","63","84","74","47","0","44","64","71","80","44"
"2022","4","R","전통시장","2130235","대명여울빛거리시장(대명시장)","298","80","218","0","39","52","77","82","48","0","11","14","25","19","11","0","28","38","52","63","37"
"2022","4","R","전통시장","2130233","남문시장","76","47","29","0","5","8","18","22","23","0","2","3","9","12","21","0","3","5","9","10","2"
"2022","4","A","골목상권","2110738","문성초등학교","249","125","124","0","17","27","65","90","50","0","12","14","34","40","25","0","5","13","31","50","25"
"2022","4","A","골목상권","2110752","한울중학교","269","117","152","2","25","46","81","79","36","2","13","16","34","33","19","0","12","30","47","46","17"
"2022","4","A","골목상권","2110006","부암동주민센터","27","16","11","0","2","7","7","5","6","0","2","5","2","3","4","0","0","2","5","2","2"
"2022","4","A","골목상권","2110692","큰굴다리","233","148","85","0","12","52","54","66","49","0","7","19","35","49","38","0","5","33","19","17","11"
"2022","4","A","골목상권","2110682","온수역 8번","137","128","9","0","3","5","14","43","72","0","2","3","11","42","70","0","1","2","3","1","2"
"2022","4","R","전통시장","2130228","구로시장","10","5","5","0","0","4","6","0","0","0","0","1","4","0","0","0","0","3","2","0","0"
"2022","4","A","골목상권","2110932","서울시인재개발원","532","384","148","2","128","170","127","64","41","2","76","116","100","54","36","0","52","54","27","10","5"
"2022","4","D","발달상권","2120185","논현역","12764","7403","5361","29","2731","4125","3228","1879","772","10","1040","2435","2232","1195","491","19","1691","1690","996","684","281"
"2022","4","D","발달상권","2120194","언주역(차병원)","12628","8724","3904","37","2790","4202","2802","1923","874","14","1366","2863","2239","1588","654","23","1424","1339","563","335","220"
"2022","4","A","골목상권","2110683","오류고등학교","185","125","60","0","24","46","55","41","19","0","18","33","33","23","18","0","6","13","22","18","1"
"2022","4","A","골목상권","2110709","구로119안전센터","162","94","68","0","16","19","44","46","37","0","13","12","28","25","16","0","3","7","16","21","21"
"2022","4","D","발달상권","2120132","독산동","4203","2884","1319","13","512","908","1016","1074","680","12","350","650","695","701","476","1","162","258","321","373","204"
"2022","4","R","전통시장","2130216","화곡중앙시장","75","32","43","0","4","11","21","22","17","0","2","2","9","8","11","0","2","9","12","14","6"
"2022","4","D","발달상권","2120128","신도림역","1253","656","597","7","191","318","382","243","112","1","75","153","191","149","87","6","116","165","191","94","25"
"2022","4","A","골목상권","2110706","그라운드 고척","410","100","310","0","122","101","101","68","18","0","22","20","28","20","10","0","100","81","73","48","8"
"2022","4","D","발달상권","2120119","발산역(마곡)","1427","686","741","2","184","339","416","350","136","1","54","148","211","174","98","1","130","191","205","176","38"
"2022","4","A","골목상권","2110676","등촌역 7번","237","141","96","0","31","35","66","57","48","0","13","21","37","37","33","0","18","14","29","20","15"
"2022","4","D","발달상권","2120030","중부경찰서(영화인의거리)","11889","6798","5091","53","2154","3638","3423","1960","661","16","721","2139","2092","1366","464","37","1433","1499","1331","594","197"
"2022","4","A","골목상권","2110632","방화역 3번","1075","887","188","2","42","127","400","334","170","1","21","90","353","281","141","1","21","37","47","53","29"
"2022","4","A","골목상권","2110675","화곡4동주민센터","289","186","103","0","28","62","73","65","61","0","11","36","40","50","49","0","17","26","33","15","12"
"2022","4","A","골목상권","2110643","강서구다솔마을","653","413","240","1","97","165","199","139","52","0","47","101","136","93","36","1","50","64","63","46","16"
"2022","4","A","골목상권","2110616","양목초등학교","161","103","58","0","3","23","19","40","76","0","2","18","14","32","37","0","1","5","5","8","39"
"2022","4","A","골목상권","2110696","오류동역 1번","2453","1671","782","32","831","951","335","223","81","16","483","739","238","133","62","16","348","212","97","90","19"
"2022","4","A","골목상권","2110621","목동역 5번","111","57","54","0","9","22","22","38","20","0","0","12","13","19","13","0","9","10","9","19","7"
"2022","4","A","골목상권","2110618","강서고등학교","193","135","58","0","19","38","52","52","32","0","10","29","36","34","26","0","9","9","16","18","6"
"2022","4","R","전통시장","2130161","증산종합시장","8","5","3","0","0","1","2","2","3","0","0","0","1","2","2","0","0","1","1","0","1"
"2022","4","A","골목상권","2110228","장안근린공원","1992","1184","808","40","1381","313","92","101","65","24","788","223","60","54","35","16","593","90","32","47","30"
"2022","4","A","골목상권","2110446","내를건너서숲으로도서관","375","294","81","0","65","88","84","69","69","0","61","77","55","44","57","0","4","11","29","25","12"
"2022","4","D","발달상권","2120110","목동역 8번출구","1858","1400","458","2","142","216","286","247","965","1","42","102","166","181","908","1","100","114","120","66","57"
"2022","4","D","발달상권","2120108","신정네거리역","992","580","412","2","93","215","220","242","220","1","28","110","112","160","169","1","65","105","108","82","51"
"2022","4","A","골목상권","2110603","지향초등학교","205","119","86","0","13","56","60","44","32","0","5","30","37","25","22","0","8","26","23","19","10"
"2022","4","D","발달상권","2120130","구로디지털단지역","1136","620","516","1","169","376","236","212","142","0","59","208","125","125","103","1","110","168","111","87","39"
"2022","4","A","골목상권","2110480","연신내역 3번","117","34","83","0","7","27","37","29","17","0","0","7","12","9","6","0","7","20","25","20","11"
"2022","4","R","전통시장","2130223","고척근린시장","42","12","30","0","2","10","12","14","4","0","0","1","1","7","3","0","2","9","11","7","1"
"2022","4","A","골목상권","2110466","구산역 2번","87","46","41","0","12","17","26","24","8","0","4","5","16","15","6","0","8","12","10","9","2"
"2022","4","A","골목상권","2110443","수색역 1번","14","7","7","0","1","1","7","4","1","0","0","1","2","3","1","0","1","0","5","1","0"
"2022","4","A","골목상권","2110457","예일여고","484","284","200","1","60","89","88","132","114","0","27","47","47","71","92","1","33","42","41","61","22"
"2022","4","D","발달상권","2120146","한강성심병원","5045","2866","2179","18","1237","1249","1097","821","623","8","395","663","729","584","487","10","842","586","368","237","136"
"2022","4","A","골목상권","2110695","개봉1동주민센터","546","314","232","1","57","150","143","123","72","1","31","97","72","64","49","0","26","53","71","59","23"
"2022","4","A","골목상권","2110598","신월문화체육센터","428","195","233","0","21","58","112","150","87","0","5","28","45","66","51","0","16","30","67","84","36"
"2022","4","A","골목상권","2110999","윗방죽마을공원","268","130","138","2","19","43","44","83","77","1","12","27","27","39","24","1","7","16","17","44","53"
"2022","4","A","골목상권","2110544","망리단길","1203","718","485","1","179","248","331","253","191","1","107","153","171","147","139","0","72","95","160","106","52"
"2022","4","A","골목상권","2110060","효창공원앞역 6번","291","174","117","0","28","62","84","73","44","0","10","34","52","47","31","0","18","28","32","26","13"
"2022","4","A","골목상권","2111078","굽은다리역 4번","1728","1017","711","1","135","299","374","480","439","1","75","185","212","270","274","0","60","114","162","210","165"
"2022","4","A","골목상권","2111089","상일여고(상일초등학교)","758","508","250","0","51","131","184","236","156","0","32","81","128","155","112","0","19","50","56","81","44"
"2022","4","R","전통시장","2130196","공덕시장","3948","2001","1947","52","1323","1296","891","287","99","28","467","646","599","181","80","24","856","650","292","106","19"
"2022","4","A","골목상권","2110705","고산초등학교","33","19","14","0","3","2","8","7","13","0","3","1","8","2","5","0","0","1","0","5","8"
"2022","4","R","전통시장","2130248","영등포역지하도상점가","12","5","7","0","0","2","4","3","3","0","0","0","2","0","3","0","0","2","2","3","0"
"2022","4","A","골목상권","2110098","서울독일학교","242","91","151","0","57","85","68","23","9","0","15","22","34","15","5","0","42","63","34","8","4"
"2022","4","D","발달상권","2120117","강서농산물도매시장","430","263","167","0","12","60","121","145","92","0","9","46","75","82","51","0","3","14","46","63","41"
"2022","4","A","골목상권","2110248","먹골파출소","85","47","38","1","19","23","20","12","10","0","7","14","12","4","10","1","12","9","8","8","0"
"2022","4","R","전통시장","2130157","상계중앙시장","74","40","34","0","14","19","14","17","10","0","8","15","7","7","3","0","6","4","7","10","7"
"2022","4","A","골목상권","2110442","화랑대철도공원","76","20","56","0","1","4","14","49","8","0","0","2","4","10","4","0","1","2","10","39","4"
"2022","4","A","골목상권","2110384","문이교","248","138","110","0","37","20","50","81","60","0","12","8","21","51","46","0","25","12","29","30","14"
"2022","4","R","전통시장","2130098","회기시장","55","17","38","0","9","14","15","12","5","0","2","3","4","6","2","0","7","11","11","6","3"
"2022","4","A","골목상권","2110005","세검정","1006","510","496","3","125","296","290","195","97","0","36","137","157","121","59","3","89","159","133","74","38"
"2022","4","R","전통시장","2130150","창동골목시장","84","47","37","0","19","30","14","8","13","0","7","20","9","5","6","0","12","10","5","3","7"
"2022","4","A","골목상권","2110206","텃골근린공원","81","29","52","0","5","14","23","23","16","0","2","7","7","7","6","0","3","7","16","16","10"
"2022","4","R","전통시장","2130218","신월중앙시장","118","53","65","0","28","34","26","13","17","0","8","12","11","9","13","0","20","22","15","4","4"
"2022","4","A","골목상권","2110386","연산군묘","124","114","10","0","4","3","10","44","63","0","1","3","7","40","63","0","3","0","3","4","0"
"2022","4","A","골목상권","2110393","국민은행방학지점","49","13","36","0","2","10","17","15","5","0","0","0","4","6","3","0","2","10","13","9","2"
"2022","4","R","전통시장","2130147","쌍문역동측상점가","69","32","37","0","7","17","18","9","18","0","2","6","10","5","9","0","5","11","8","4","9"
"2022","4","R","전통시장","2130151","신도봉시장","5","5","0","0","1","0","2","2","0","0","1","0","2","2","0","0","0","0","0","0","0"
"2022","4","A","골목상권","2110217","자동차부품상가","503","388","115","1","33","105","143","123","98","1","24","88","115","83","77","0","9","17","28","40","21"
"2022","4","A","골목상권","2110923","방배역 1번","210","153","57","0","34","56","55","41","24","0","21","38","42","34","18","0","13","18","13","7","6"
"2022","4","A","골목상권","2110215","회기역 1번","28","18","10","0","3","4","9","7","5","0","3","2","6","3","4","0","0","2","3","4","1"
"2022","4","D","발달상권","2120079","창동역","1326","796","530","0","151","232","320","304","319","0","54","108","172","195","267","0","97","124","148","109","52"
"2022","4","A","골목상권","2110189","제기동역 1번","1545","1089","456","1","233","490","343","170","308","0","98","349","286","137","219","1","135","141","57","33","89"
"2022","4","A","골목상권","2110997","대청초등학교","1724","959","765","4","230","291","391","383","425","2","111","162","200","210","274","2","119","129","191","173","151"
"2022","4","D","발달상권","2120212","한티역","713","378","335","1","115","178","190","137","92","1","36","85","116","78","62","0","79","93","74","59","30"
"2022","4","D","발달상권","2120218","코엑스","290","54","236","0","116","103","58","13","0","0","13","16","16","9","0","0","103","87","42","4","0"
"2022","4","A","골목상권","2110990","청담역 12번","262","109","153","2","61","92","56","36","15","0","12","32","29","23","13","2","49","60","27","13","2"
"2022","4","A","골목상권","2110204","간데메공원","411","268","143","3","83","97","82","89","57","3","57","64","46","58","40","0","26","33","36","31","17"
"2022","4","A","골목상권","2110012","성곡미술관","1061","503","558","0","262","337","262","118","82","0","72","159","150","73","49","0","190","178","112","45","33"
"2022","4","D","발달상권","2120206","개나리아파트","5280","3376","1904","87","1661","1418","1095","666","353","27","868","957","784","463","277","60","793","461","311","203","76"
"2022","4","A","골목상권","2110003","세검정초등학교","485","315","170","6","53","84","150","126","66","6","32","38","100","89","50","0","21","46","50","37","16"
"2022","4","R","전통시장","2130280","신림종합시장","8","7","1","0","0","0","0","2","6","0","0","0","0","1","6","0","0","0","0","1","0"
"2022","4","D","발달상권","2120144","영중로","2015","1072","943","1","254","394","507","598","261","1","142","276","288","230","135","0","112","118","219","368","126"
"2022","4","A","골목상권","2110769","대림차이나타운(대림역 12번)","18","8","10","0","3","4","6","4","1","0","0","1","4","2","1","0","3","3","2","2","0"
"2022","4","A","골목상권","2110779","대림갑을명가아파트","33","24","9","0","2","5","13","7","6","0","1","4","10","4","5","0","1","1","3","3","1"
"2022","4","A","골목상권","2110777","구로세무서","282","210","72","0","36","41","47","83","75","0","13","30","32","66","69","0","23","11","15","17","6"
"2022","4","A","골목상권","2110798","신풍역 2번","53","20","33","0","2","13","14","13","11","0","0","3","3","6","8","0","2","10","11","7","3"
"2022","4","A","골목상권","2110797","KT대방빌딩","52","10","42","1","7","10","12","11","11","0","0","0","1","3","6","1","7","10","11","8","5"
"2022","4","A","골목상권","2110791","신풍역 3번","25","17","8","0","1","5","9","9","1","0","0","2","6","8","1","0","1","3","3","1","0"
"2022","4","A","골목상권","2110805","신길새마을금고신길4동지점","45","27","18","0","6","12","12","8","7","0","2","7","6","5","7","0","4","5","6","3","0"
"2022","4","A","골목상권","2110807","신길역 3번","102","70","32","0","6","16","23","27","30","0","4","8","18","19","21","0","2","8","5","8","9"
"2022","4","A","골목상권","2110889","봉천역 6번","376","317","59","0","29","36","69","136","106","0","18","20","47","130","102","0","11","16","22","6","4"
"2022","4","A","골목상권","2110767","도림동주민센터","34","3","31","0","9","5","12","6","2","0","0","0","2","1","0","0","9","5","10","5","2"
"2022","4","A","골목상권","2110817","대방역 4번","286","227","59","1","38","51","90","59","47","0","19","35","79","53","41","1","19","16","11","6","6"
"2022","4","A","골목상권","2110879","신림현대아파트","17","7","10","0","2","3","5","5","2","0","1","2","2","2","0","0","1","1","3","3","2"
"2022","4","A","골목상권","2110585","마포경찰서","918","790","128","0","192","360","176","181","9","0","150","313","153","166","8","0","42","47","23","15","1"
"2022","4","A","골목상권","2110545","마포구청역 1번","880","496","384","1","74","169","241","262","133","1","30","100","116","154","95","0","44","69","125","108","38"
"2022","4","R","전통시장","2130191","홍대 걷고싶은 거리","367","225","142","6","65","65","81","82","68","4","40","41","54","47","39","2","25","24","27","35","29"
"2022","4","D","발달상권","2120100","망원역","900","436","464","3","192","236","215","153","101","1","49","107","117","103","59","2","143","129","98","50","42"
"2022","4","A","골목상권","2110581","염리초등학교","16","11","5","0","0","0","2","6","8","0","0","0","2","3","6","0","0","0","0","3","2"
"2022","4","R","전통시장","2130193","신수시장","34","19","15","0","4","7","12","5","6","0","1","5","5","4","4","0","3","2","7","1","2"
"2022","4","A","골목상권","2110571","신수동주민센터","635","358","277","5","109","159","187","126","49","5","57","88","98","74","36","0","52","71","89","52","13"
"2022","4","A","골목상권","2110524","연희세브란스병원","55","23","32","0","10","13","15","10","7","0","5","6","6","3","3","0","5","7","9","7","4"
"2022","4","A","골목상권","2110582","이대역 5번","59","19","40","0","6","11","16","16","10","0","0","4","4","6","5","0","6","7","12","10","5"
"2022","4","R","전통시장","2130173","백련시장","5","3","2","0","0","1","0","2","2","0","0","1","0","0","2","0","0","0","0","2","0"
"2022","4","A","골목상권","2110527","홍제역 2번","177","83","94","1","35","39","35","38","29","1","11","26","14","19","12","0","24","13","21","19","17"
"2022","4","A","골목상권","2110523","홍제성원아파트","25","11","14","0","0","6","7","7","5","0","0","1","3","5","2","0","0","5","4","2","3"
"2022","4","D","발달상권","2120105","상수역(홍대)","524","273","251","4","126","153","122","71","48","2","51","74","70","42","34","2","75","79","52","29","14"
"2022","4","D","발달상권","2120101","합정역","1932","1048","884","2","302","520","515","399","194","2","89","236","312","266","143","0","213","284","203","133","51"
"2022","4","A","골목상권","2110510","홍연시장","99","59","40","0","8","14","35","26","16","0","4","6","23","14","12","0","4","8","12","12","4"
"2022","4","A","골목상권","2110512","연희지하차도","357","183","174","0","44","70","106","104","33","0","17","46","47","52","21","0","27","24","59","52","12"
"2022","4","A","골목상권","2110219","삼육보건대학교","249","145","104","0","18","42","68","82","39","0","11","20","31","53","30","0","7","22","37","29","9"
"2022","4","A","골목상권","2110534","경기대학교","134","67","67","0","9","25","23","33","44","0","6","16","10","11","24","0","3","9","13","22","20"
"2022","4","R","전통시장","2130132","삼양골목시장(삼양시장)","57","19","38","0","10","13","12","14","8","0","0","4","5","5","5","0","10","9","7","9","3"
"2022","4","A","골목상권","2110339","국립4.19민주묘지","26","10","16","0","2","4","8","7","5","0","0","3","5","0","2","0","2","1","3","7","3"
"2022","4","R","전통시장","2130142","강북북부시장","7","5","2","0","1","1","0","2","3","0","0","1","0","2","2","0","1","0","0","0","1"
"2022","4","D","발달상권","2120078","미아사거리역","145","90","55","0","27","29","29","31","29","0","12","17","21","18","22","0","15","12","8","13","7"
"2022","4","A","골목상권","2110336","석관고등학교","94","84","10","0","3","17","16","37","21","0","3","15","13","34","19","0","0","2","3","3","2"
"2022","4","A","골목상권","2110404","신창초등학교","520","300","220","1","42","96","163","136","82","0","11","57","109","76","47","1","31","39","54","60","35"
"2022","4","A","골목상권","2110301","성신여대입구역 7번","484","209","275","1","73","84","96","134","96","0","31","37","39","62","40","1","42","47","57","72","56"
"2022","4","A","골목상권","2110288","동구여중","216","139","77","1","19","49","52","55","40","0","9","22","35","40","33","1","10","27","17","15","7"
"2022","4","A","골목상권","2110529","홍제3동주민센터","136","67","69","0","14","22","30","27","43","0","2","6","11","16","32","0","12","16","19","11","11"
"2022","4","R","전통시장","2130123","꿈의숲 장곡 골목형상점가","6","5","1","0","1","0","1","4","0","0","1","0","1","3","0","0","0","0","0","1","0"
"2022","4","D","발달상권","2120073","미아사거리","353","135","218","3","40","67","95","95","53","2","16","29","45","23","20","1","24","38","50","72","33"
"2022","4","R","전통시장","2130241","선유도역 골목형상점가","500","253","247","0","95","93","123","136","53","0","39","49","66","67","32","0","56","44","57","69","21"
"2022","4","A","골목상권","2110295","정릉우체국","679","248","431","0","166","178","163","119","53","0","36","67","49","52","44","0","130","111","114","67","9"
"2022","4","A","골목상권","2110348","강북문화예술회관","343","174","169","0","27","59","108","96","53","0","4","31","63","43","33","0","23","28","45","53","20"
"2022","4","A","골목상권","2110298","솔숲어린이공원","77","28","49","0","18","11","24","12","12","0","3","5","7","5","8","0","15","6","17","7","4"
"2022","4","A","골목상권","2110346","4.19민주묘지역 2번","96","48","48","0","12","13","19","19","33","0","3","7","8","7","23","0","9","6","11","12","10"
"2022","4","A","골목상권","2110302","보문역 8번","3818","3195","623","1","369","1436","715","829","468","1","257","1276","659","708","294","0","112","160","56","121","174"
"2022","4","A","골목상권","2110352","수유1동주민센터","305","121","184","0","28","55","103","86","33","0","11","24","37","32","17","0","17","31","66","54","16"
"2022","4","A","골목상권","2110497","가좌역 3번","299","247","52","0","13","33","86","117","50","0","3","16","74","113","41","0","10","17","12","4","9"
"2022","4","A","골목상권","2110304","보문역 4번","248","146","102","0","40","77","61","48","22","0","10","46","35","37","18","0","30","31","26","11","4"
"2022","4","A","골목상권","2110279","신내역 2번","9","8","1","0","0","1","4","4","0","0","0","1","3","4","0","0","0","0","1","0","0"
"2022","4","A","골목상권","2110268","망우3동주민센터","60","30","30","0","10","13","10","18","9","0","1","5","7","10","7","0","9","8","3","8","2"
"2022","4","R","전통시장","2130114","유영시장","31","20","11","0","9","5","3","8","6","0","7","2","2","5","4","0","2","3","1","3","2"
"2022","4","R","전통시장","2130115","우림골목시장","307","106","201","2","80","61","68","64","32","0","29","11","30","20","16","2","51","50","38","44","16"
"2022","4","A","골목상권","2110275","하나은행 망우동지점","63","33","30","0","4","9","19","16","15","0","3","6","9","5","10","0","1","3","10","11","5"
"2022","4","A","골목상권","2110315","종암아이파크2차","124","78","46","0","11","17","41","38","17","0","4","9","27","25","13","0","7","8","14","13","4"
"2022","4","A","골목상권","2110316","숭곡초등학교","439","217","222","2","68","114","129","88","38","2","19","58","73","42","23","0","49","56","56","46","15"
"2022","4","A","골목상권","2110328","상월곡역 3번","250","157","93","1","41","81","66","39","22","1","26","58","33","24","15","0","15","23","33","15","7"
"2022","4","D","발달상권","2120059","구삼강변맛길","3279","1781","1498","6","431","676","555","747","864","4","244","472","367","322","372","2","187","204","188","425","492"
"2022","4","A","골목상권","2110141","건대입구역 1번","213","138","75","1","23","49","67","48","25","1","11","27","51","32","16","0","12","22","16","16","9"
"2022","4","A","골목상권","2110180","광진정보도서관","5946","4025","1921","18","1620","2093","1180","672","363","5","885","1485","859","489","302","13","735","608","321","183","61"
"2022","4","A","골목상권","2110127","성수1가1동주민센터","290","157","133","0","31","55","56","100","48","0","11","40","31","47","28","0","20","15","25","53","20"
"2022","4","R","전통시장","2130061","이태원시장","32","20","12","0","18","3","4","6","1","0","12","1","3","3","1","0","6","2","1","3","0"
"2022","4","A","골목상권","2110059","새남터성지","385","307","78","0","38","71","113","138","25","0","21","48","99","124","15","0","17","23","14","14","10"
"2022","4","A","골목상권","2110260","면목역 3번","126","74","52","0","24","21","24","29","28","0","14","8","12","20","20","0","10","13","12","9","8"
"2022","4","A","골목상권","2110075","숙대입구역 1번","1630","736","894","9","270","506","417","289","139","5","69","188","182","181","111","4","201","318","235","108","28"
"2022","4","A","골목상권","2110050","약수역 7번","309","230","79","0","34","81","76","76","42","0","21","59","60","57","33","0","13","22","16","19","9"
"2022","4","D","발달상권","2120038","약수역","2289","1360","929","7","436","739","579","320","208","1","189","451","383","195","141","6","247","288","196","125","67"
"2022","4","D","발달상권","2120036","장충동족발거리(남소영길)","2289","1090","1199","14","616","783","556","223","97","0","122","393","365","155","55","14","494","390","191","68","42"
"2022","4","D","발달상권","2120035","퇴계로5가","2257","1368","889","7","650","570","525","321","184","3","282","379","388","200","116","4","368","191","137","121","68"
"2022","4","A","골목상권","2110047","다산성곽길","160","89","71","0","36","43","36","27","18","0","23","29","21","7","9","0","13","14","15","20","9"
"2022","4","R","전통시장","2130040","남평화시장","5","3","2","0","0","4","0","0","1","0","0","2","0","0","1","0","0","2","0","0","0"
"2022","4","R","전통시장","2130039","청계6가 지하도상가","36","26","10","0","1","1","7","6","21","0","1","1","5","5","14","0","0","0","2","1","7"
"2022","4","A","골목상권","2110160","광진경찰서","832","690","142","0","149","323","182","167","11","0","110","261","152","157","10","0","39","62","30","10","1"
"2022","4","A","골목상권","2110041","남산케이블카","967","435","532","2","118","152","175","254","266","2","51","69","83","87","143","0","67","83","92","167","123"
"2022","4","D","발달상권","2120029","을지로2가","7461","4461","3000","27","1938","2808","1698","798","192","7","787","1650","1165","693","159","20","1151","1158","533","105","33"
"2022","4","R","전통시장","2130028","을지입구지하상가(을지로지하보도쇼핑센터)","2","2","0","0","0","0","1","1","0","0","0","0","1","1","0","0","0","0","0","0","0"
"2022","4","A","골목상권","2110040","중구회현체육센터(정화예술대남산캠퍼스)","165","78","87","0","33","30","40","37","25","0","14","15","17","13","19","0","19","15","23","24","6"
"2022","4","R","전통시장","2130024","남대문시장(자유상가)","732","426","306","2","54","129","172","177","198","1","15","75","95","108","132","1","39","54","77","69","66"
"2022","4","D","발달상권","2120031","을지로3가역","6147","3450","2697","9","699","1541","1643","1286","969","0","223","730","924","892","681","9","476","811","719","394","288"
"2022","4","A","골목상권","2110080","해방촌예술마을","277","160","117","0","44","58","84","54","37","0","16","38","52","30","24","0","28","20","32","24","13"
"2022","4","A","골목상권","2110017","정독도서관","650","322","328","0","133","273","152","58","34","0","26","130","93","43","30","0","107","143","59","15","4"
"2022","4","A","골목상권","2110018","중앙고등학교","888","439","449","1","97","177","220","178","215","0","30","60","106","90","153","1","67","117","114","88","62"
"2022","4","A","골목상권","2110107","금호사거리","37","30","7","0","4","8","4","11","10","0","3","5","4","9","9","0","1","3","0","2","1"
"2022","4","R","전통시장","2130069","한양대앞상점가(한양시장, 왕십리맛골목)","32","19","13","0","6","6","4","8","8","0","4","4","0","5","6","0","2","2","4","3","2"
"2022","4","A","골목상권","2110765","문래동사거리","889","619","270","2","80","133","209","175","290","1","38","78","140","126","236","1","42","55","69","49","54"
"2022","4","A","골목상권","2110868","남부초등학교","232","126","106","0","20","29","45","49","89","0","11","23","22","28","42","0","9","6","23","21","47"
"2022","4","R","전통시장","2130283","신원시장","25","11","14","0","3","3","10","5","4","0","1","1","3","3","3","0","2","2","7","2","1"
"2022","4","D","발달상권","2120050","서울숲역","212","159","53","0","33","40","60","52","27","0","19","30","47","41","22","0","14","10","13","11","5"
"2022","4","A","골목상권","2110892","관악구 중앙길","709","341","368","0","69","110","159","221","150","0","25","55","76","105","80","0","44","55","83","116","70"
"2022","4","A","골목상권","2110810","영신초등학교","395","178","217","0","53","143","63","80","56","0","20","65","31","44","18","0","33","78","32","36","38"
"2022","4","A","골목상권","2110774","당산반도유보라팰리스아파트","472","355","117","0","59","119","131","96","67","0","34","81","109","80","51","0","25","38","22","16","16"
"2022","4","A","골목상권","2110557","홍대부속여중고앞","760","465","295","1","100","188","196","149","126","1","37","110","137","95","85","0","63","78","59","54","41"
"2022","4","A","골목상권","2110062","한강로동땡땡거리(은행나무길)","5667","3458","2209","9","735","1660","1587","1162","514","6","299","844","1074","890","345","3","436","816","513","272","169"
"2022","4","A","골목상권","2110351","수유북부시장옆","214","93","121","0","27","45","51","59","32","0","9","17","20","25","22","0","18","28","31","34","10"
"2022","4","A","골목상권","2110370","도봉세무서","367","255","112","0","17","61","76","105","108","0","11","31","42","80","91","0","6","30","34","25","17"
"2022","4","A","골목상권","2110293","삼선중학교","1730","860","870","4","248","467","527","319","165","3","116","277","268","111","85","1","132","190","259","208","80"
"2022","4","R","전통시장","2130110","면목골목시장(면목시장)","103","59","44","0","1","8","32","38","24","0","1","5","19","18","16","0","0","3","13","20","8"
"2022","4","R","전통시장","2130096","동부시장","14","9","5","0","0","0","1","1","12","0","0","0","0","0","9","0","0","0","1","1","3"
"2022","4","A","골목상권","2110096","한남힐사이드아파트","4186","2661","1525","5","1055","1176","900","902","148","3","457","705","613","757","126","2","598","471","287","145","22"
"2022","4","A","골목상권","2110074","서울역 12번","8149","1751","6398","152","5985","1340","330","181","161","9","598","652","233","134","125","143","5387","688","97","47","36"
"2022","4","A","골목상권","2110016","평창동동측","7589","3104","4485","10","716","2233","2858","1504","268","4","279","1021","1416","284","100","6","437","1212","1442","1220","168"
"2022","4","A","골목상권","2110089","서빙고동주민센터","752","503","249","1","94","230","220","107","100","0","33","136","159","88","87","1","61","94","61","19","13"
"2022","4","R","전통시장","2130319","성내전통시장","34","21","13","0","3","5","9","10","7","0","3","2","5","7","4","0","0","3","4","3","3"
"2022","4","A","골목상권","2111072","굽은다리역 1번(십자성마을)","739","467","272","1","56","119","199","185","179","0","18","70","114","126","139","1","38","49","85","59","40"
"2022","4","A","골목상권","2111080","굽은다리역 3번","434","235","199","0","44","77","100","110","103","0","12","52","63","58","50","0","32","25","37","52","53"
"2022","4","A","골목상권","2111028","문현중학교(장지역 1번)","424","194","230","0","54","66","132","116","56","0","29","36","49","50","30","0","25","30","83","66","26"
"2022","4","A","골목상권","2111042","거여역 1번(거여공원)","867","597","270","3","147","186","247","200","84","3","121","134","159","130","50","0","26","52","88","70","34"
"2022","4","U","관광특구","1001494","종로?청계 관광특구","32935","17150","15785","68","5357","9965","9483","6401","1661","15","2285","4911","4591","4158","1190","53","3072","5054","4892","2243","471"
"2022","4","A","골목상권","2110200","동대문경찰서","74","50","24","0","1","6","21","13","33","0","0","1","11","6","32","0","1","5","10","7","1"
"2022","4","A","골목상권","2110416","노원초등학교","468","244","224","4","61","110","118","126","49","2","24","73","58","58","29","2","37","37","60","68","20"
"2022","4","A","골목상권","2110877","신림역 8번","319","154","165","2","23","63","86","80","65","0","10","30","36","39","39","2","13","33","50","41","26"
"2022","4","D","발달상권","2120102","서교동(홍대)","7276","3402","3874","18","1521","2551","1814","899","473","11","496","1065","913","566","351","7","1025","1486","901","333","122"
"2022","4","A","골목상권","2110007","사직공원(한국사회과학도서관)","283","185","98","2","58","88","63","41","31","2","30","62","44","27","20","0","28","26","19","14","11"
"2022","4","A","골목상권","2110021","성균관대학교","387","297","90","2","15","39","109","145","77","2","7","26","88","125","49","0","8","13","21","20","28"
"2022","4","U","관광특구","1001495","잠실 관광특구","24375","14199","10176","120","4722","6565","5617","4514","2837","51","2484","4186","3496","2297","1685","69","2238","2379","2121","2217","1152"
"2022","4","A","골목상권","2110979","청담초등학교","2996","1912","1084","4","522","922","768","567","213","4","228","628","535","343","174","0","294","294","233","224","39"
"2022","4","A","골목상권","2111014","송파나루역 2번","525","275","250","1","43","76","121","190","94","0","21","42","69","83","60","1","22","34","52","107","34"
"2022","4","A","골목상권","2111017","송파나루역 3번","688","480","208","5","317","167","84","70","45","4","217","116","53","50","40","1","100","51","31","20","5"
"2022","4","A","골목상권","2110968","강남구청역 2번","1023","596","427","7","327","204","133","121","231","4","177","117","81","68","149","3","150","87","52","53","82"
"2022","4","A","골목상권","2110911","방배배수지체육공원","29","22","7","0","6","3","7","5","8","0","6","2","4","4","6","0","0","1","3","1","2"
"2022","4","A","골목상권","2110949","한남IC","1683","1193","490","5","288","565","435","305","85","2","112","398","347","261","73","3","176","167","88","44","12"
"2022","4","A","골목상권","2110904","이수역 5번","835","468","367","4","167","217","239","139","69","1","90","125","135","59","58","3","77","92","104","80","11"
"2022","4","A","골목상권","2110973","강남구청역 4번","1451","786","665","4","275","333","289","271","279","1","146","203","162","130","144","3","129","130","127","141","135"
"2022","4","D","발달상권","2120209","강남구청(청담역_8번, 강남세무서)","8984","2608","6376","34","2050","2683","2467","1170","580","9","538","752","537","393","379","25","1512","1931","1930","777","201"
"2022","4","A","골목상권","2110936","더케이호텔(양재리본타워2단지아파트)","832","552","280","3","109","260","215","175","70","0","53","154","159","131","55","3","56","106","56","44","15"
"2022","4","A","골목상권","2110938","바우뫼공원","1784","1137","647","1","294","551","489","326","123","0","172","392","303","169","101","1","122","159","186","157","22"
"2022","4","A","골목상권","2110933","한국상담대학원대학교","679","60","619","0","344","156","86","63","30","0","10","15","15","5","15","0","334","141","71","58","15"
"2022","4","A","골목상권","2110930","서초동성당","2178","1774","404","8","284","588","694","433","171","2","190","448","591","393","150","6","94","140","103","40","21"
"2022","4","A","골목상권","2110822","신대방삼거리역 4번(대림초등학교)","311","130","181","0","57","71","68","74","41","0","13","28","34","34","21","0","44","43","34","40","20"
"2022","4","A","골목상권","2110843","사당5동주민센터","181","135","46","1","22","25","55","52","26","0","16","17","34","44","24","1","6","8","21","8","2"
"2022","4","A","골목상권","2110846","남성역 1번","535","290","245","1","66","120","146","135","67","0","25","59","78","74","54","1","41","61","68","61","13"
"2022","4","A","골목상권","2110835","상도역 1번","285","161","124","0","81","92","57","35","20","0","32","59","36","16","18","0","49","33","21","19","2"
"2022","4","A","골목상권","2110411","도봉역 3번","413","368","45","1","13","35","58","137","169","0","10","22","45","130","161","1","3","13","13","7","8"
"2022","4","A","골목상권","2110934","우면주공아파트","998","677","321","6","198","291","253","164","86","5","83","217","195","113","64","1","115","74","58","51","22"
"2022","4","A","골목상권","2110830","상도초등학교","281","152","129","0","22","61","73","85","40","0","7","29","36","54","26","0","15","32","37","31","14"
"2022","4","D","발달상권","2120177","신논현역 1번","694","436","258","1","84","187","202","143","77","0","34","111","130","106","55","1","50","76","72","37","22"
"2022","4","A","골목상권","2110743","시흥초등학교(시흥1동우체국)","191","130","61","0","18","31","48","50","44","0","10","20","32","37","31","0","8","11","16","13","13"
"2022","4","A","골목상권","2110825","신대방삼거리역 1번","316","205","111","0","33","63","94","71","55","0","23","41","57","46","38","0","10","22","37","25","17"
"2022","4","A","골목상권","2110755","동일여자고등학교","199","53","146","0","10","24","47","74","44","0","4","9","16","12","12","0","6","15","31","62","32"
"2022","4","R","전통시장","2130232","독산동 맛나는거리상점가(독산동 맛나는거리)","33","24","9","0","3","12","5","10","3","0","2","9","4","6","3","0","1","3","1","4","0"
"2022","4","A","골목상권","2110680","온수역 5번(온수산업단지)","1184","1003","181","18","161","205","235","343","222","18","129","175","191","286","204","0","32","30","44","57","18"
"2022","4","A","골목상권","2110690","오류2동버들시장","625","318","307","1","105","200","143","105","71","0","42","115","72","46","43","1","63","85","71","59","28"
"2022","4","A","골목상권","2110730","서울축산농협 독산역지점(독산파출소)","660","376","284","1","80","105","117","201","156","1","30","58","54","113","120","0","50","47","63","88","36"
"2022","4","A","골목상권","2110708","화원어린이공원","64","27","37","0","8","12","12","23","9","0","1","4","5","9","8","0","7","8","7","14","1"
"2022","4","A","골목상권","2110719","영서중학교","52","44","8","0","6","9","9","14","14","0","6","7","8","13","10","0","0","2","1","1","4"
"2022","4","R","전통시장","2130214","송화벽화시장(송화골목시장)","119","44","75","2","23","18","25","33","18","0","6","7","9","13","9","2","17","11","16","20","9"
"2022","4","A","골목상권","2110651","화원중학교","377","214","163","2","29","50","102","105","89","1","19","31","68","52","43","1","10","19","34","53","46"
"2022","4","A","골목상권","2110669","화곡보람2차아파트","80","49","31","0","11","20","24","17","8","0","3","12","18","14","2","0","8","8","6","3","6"
"2022","4","A","골목상권","2110661","강서새말어린이공원","126","48","78","0","3","13","30","38","42","0","2","8","10","9","19","0","1","5","20","29","23"
"2022","4","A","골목상권","2110664","강서구청옆","111","48","63","0","14","10","31","43","13","0","11","7","10","9","11","0","3","3","21","34","2"
"2022","4","R","전통시장","2130221","남부골목시장(남부화곡시장, 남부시장)","188","69","119","0","22","32","50","57","27","0","5","5","15","22","22","0","17","27","35","35","5"
"2022","4","R","전통시장","2130217","화곡본동시장","36","16","20","0","3","5","10","13","5","0","1","3","5","6","1","0","2","2","5","7","4"
"2022","4","A","골목상권","2110837","숭실대입구역 1번","373","195","178","1","39","76","84","80","93","0","19","32","43","32","69","1","20","44","41","48","24"
"2022","4","A","골목상권","2110689","오류동역 3번","259","188","71","3","41","45","52","66","52","3","25","32","40","48","40","0","16","13","12","18","12"
"2022","4","A","골목상권","2110649","우장산역 1번","366","197","169","0","41","92","83","98","52","0","12","49","39","63","34","0","29","43","44","35","18"
"2022","4","A","골목상권","2110670","신곡초등학교","527","322","205","6","79","119","122","101","100","3","45","78","71","59","66","3","34","41","51","42","34"
"2022","4","A","골목상권","2110647","화곡역 5번","890","459","431","2","116","227","219","230","96","1","44","137","110","116","51","1","72","90","109","114","45"
"2022","4","A","골목상권","2110592","서울금융고등학교","449","344","105","0","19","35","74","156","165","0","9","13","45","128","149","0","10","22","29","28","16"
"2022","4","A","골목상권","2110596","서서울호수공원","417","272","145","2","48","90","107","113","57","0","28","56","74","71","43","2","20","34","33","42","14"
"2022","4","A","골목상권","2110597","신월1동주민센터","517","302","215","0","30","68","111","150","158","0","14","36","54","84","114","0","16","32","57","66","44"
"2022","4","A","골목상권","2110202","전농1동주민센터(전농시장)","111","68","43","0","14","35","31","20","11","0","9","19","21","14","5","0","5","16","10","6","6"
"2022","4","R","전통시장","2130163","응암오거리상점가","182","49","133","0","24","28","44","50","36","0","4","8","11","12","14","0","20","20","33","38","22"
"2022","4","A","골목상권","2110461","새절역 2번","39","21","18","0","2","8","11","10","8","0","2","2","6","6","5","0","0","6","5","4","3"
"2022","4","A","골목상권","2110594","신월중학교","453","225","228","0","54","166","104","96","33","0","14","66","56","59","30","0","40","100","48","37","3"
"2022","4","A","골목상권","2110485","연신내우체국","1259","678","581","0","7","24","35","160","1033","0","4","5","15","70","584","0","3","19","20","90","449"
"2022","4","R","전통시장","2130104","전곡시장","93","54","39","0","8","17","28","26","14","0","5","8","16","13","12","0","3","9","12","13","2"
"2022","4","R","전통시장","2130162","증산골목시장","7","3","4","0","0","2","2","1","2","0","0","0","0","1","2","0","0","2","2","0","0"
"2022","4","D","발달상권","2120175","남부터미널역","8239","5313","2926","32","1702","2478","1995","1290","742","6","856","1691","1361","852","547","26","846","787","634","438","195"
"2022","4","R","전통시장","2130165","대림골목시장(대림시장, 양지시장)","214","34","180","0","20","45","56","62","31","0","1","7","5","11","10","0","19","38","51","51","21"
"2022","4","A","골목상권","2110488","우리은행응암동지점","171","103","68","1","14","24","41","36","55","0","8","16","19","15","45","1","6","8","22","21","10"
"2022","4","A","골목상권","2110481","불광역 7번","193","86","107","0","13","43","41","57","39","0","2","22","11","24","27","0","11","21","30","33","12"
"2022","4","A","골목상권","2110460","구산역 4번","969","582","387","0","57","184","248","234","246","0","18","124","133","121","186","0","39","60","115","113","60"
"2022","4","A","골목상권","2110599","신월1파출소","378","268","110","3","50","89","94","93","49","2","34","68","63","65","36","1","16","21","31","28","13"
"2022","4","A","골목상권","2110958","역삼역 4번","994","759","235","1","96","197","300","295","105","1","46","133","254","240","85","0","50","64","46","55","20"
"2022","4","A","골목상권","2110472","연신내역 4번","336","156","180","2","52","77","80","68","57","1","16","43","30","37","29","1","36","34","50","31","28"
"2022","4","A","골목상권","2110449","증산역 3번","717","414","303","0","105","161","186","149","116","0","47","98","99","85","85","0","58","63","87","64","31"
"2022","4","R","전통시장","2130031","청계천공구상가","921","698","223","2","101","281","234","159","144","1","64","230","181","104","118","1","37","51","53","55","26"
"2022","4","A","골목상권","2110792","영등포역 2번","3400","1767","1633","28","563","880","843","862","224","11","229","398","466","530","133","17","334","482","377","332","91"
"2022","4","A","골목상권","2111012","석촌역 6번","732","332","400","2","91","127","180","183","149","2","23","56","83","93","75","0","68","71","97","90","74"
"2022","4","A","골목상권","2110620","목동보건지소","451","235","216","4","51","81","102","125","88","4","20","45","47","65","54","0","31","36","55","60","34"
"2022","4","D","발달상권","2120193","도산공원교차로","6384","3798","2586","15","1278","1918","1493","983","697","6","466","1071","1021","696","538","9","812","847","472","287","159"
"2022","4","A","골목상권","2110162","군자역 4번","613","365","248","0","127","162","131","110","83","0","98","118","75","42","32","0","29","44","56","68","51"
"2022","4","D","발달상권","2120148","국회의사당역(국회의사당)","31135","19451","11684","82","6815","10231","7641","4493","1873","27","3082","6187","5424","3397","1334","55","3733","4044","2217","1096","539"
"2022","4","A","골목상권","2110957","언북중학교","1251","831","420","1","262","379","317","147","145","1","146","241","215","109","119","0","116","138","102","38","26"
"2022","4","A","골목상권","2110751","난곡중학교","730","397","333","2","48","217","240","177","46","2","21","117","127","91","39","0","27","100","113","86","7"
"2022","4","R","전통시장","2130226","고척프라자","2","2","0","0","1","1","0","0","0","0","1","1","0","0","0","0","0","0","0","0","0"
"2022","4","A","골목상권","2110648","양천향교역 7번","13","5","8","0","1","7","1","3","1","0","0","3","1","1","0","0","1","4","0","2","1"
"2022","4","A","골목상권","2110492","하나고등학교","247","43","204","1","6","15","13","98","114","0","1","8","7","10","17","1","5","7","6","88","97"
"2022","4","D","발달상권","2120080","마들역","180","46","134","0","30","45","46","36","23","0","2","7","9","13","15","0","28","38","37","23","8"
"2022","4","A","골목상권","2110207","시립대앞사거리","50","26","24","0","4","12","12","10","12","0","2","8","6","3","7","0","2","4","6","7","5"
"2022","4","A","골목상권","2110213","청량초등학교","124","81","43","0","19","57","17","15","16","0","7","41","13","7","13","0","12","16","4","8","3"
"2022","4","R","전통시장","2130021","신설종합시장","50","37","13","1","1","10","12","13","13","0","0","9","10","10","8","1","1","1","2","3","5"
"2022","4","A","골목상권","2110209","답십리 장령당공원","81","51","30","0","3","11","28","19","20","0","1","5","16","15","14","0","2","6","12","4","6"
"2022","4","A","골목상권","2110419","수락산디자인거리","789","536","253","5","96","138","186","200","164","5","51","79","130","146","125","0","45","59","56","54","39"
"2022","4","A","골목상권","2110030","동대문역 3번","10","5","5","0","2","2","2","3","1","0","0","2","1","1","1","0","2","0","1","2","0"
"2022","4","R","전통시장","2130009","마전교지하쇼핑센터(구 한일상가)","24","16","8","0","0","2","3","7","12","0","0","2","2","4","8","0","0","0","1","3","4"
"2022","4","A","골목상권","2110440","상계3동4동주민센터","49","16","33","0","8","6","15","10","10","0","1","1","4","2","8","0","7","5","11","8","2"
"2022","4","U","관광특구","1001496","강남 마이스 관광특구","15904","8904","7000","59","3513","6185","4248","1596","303","25","1160","3361","2887","1246","225","34","2353","2824","1361","350","78"
"2022","4","A","골목상권","2110967","역삼역 8번","377","228","149","0","63","92","89","92","41","0","31","51","60","56","30","0","32","41","29","36","11"
"2022","4","A","골목상권","2110956","언주역 8번","1199","758","441","4","361","471","199","87","77","2","158","307","163","70","58","2","203","164","36","17","19"
"2022","4","R","전통시장","2130095","청량리전통시장","95","38","57","0","6","16","18","33","22","0","4","6","9","10","9","0","2","10","9","23","13"
"2022","4","A","골목상권","2110023","서울대병원","186","55","131","0","18","37","42","47","42","0","5","12","14","10","14","0","13","25","28","37","28"
"2022","4","R","전통시장","2130281","우림시장","1","0","1","0","0","0","1","0","0","0","0","0","0","0","0","0","0","0","1","0","0"
"2022","4","R","전통시장","2130277","조원동 펭귄시장(신림중앙시장)","98","56","42","1","15","26","31","19","6","1","8","18","16","9","4","0","7","8","15","10","2"
"2022","4","A","골목상권","2110891","구암초등학교","47","22","25","0","5","1","22","16","3","0","1","0","11","8","2","0","4","1","11","8","1"
"2022","4","A","골목상권","2110896","관악우성아파트","202","49","153","0","41","37","44","47","33","0","5","7","11","13","13","0","36","30","33","34","20"
"2022","4","A","골목상권","2110898","청림동주민센터(상도중학교)","66","27","39","0","16","14","14","16","6","0","5","3","8","7","4","0","11","11","6","9","2"
"2022","4","R","전통시장","2130257","영등포시장기계공구상가","158","116","42","0","11","26","33","47","41","0","7","16","22","37","34","0","4","10","11","10","7"
"2022","4","A","골목상권","2110799","영등포본동주민센터","119","86","33","5","21","16","11","22","44","3","12","10","6","15","40","2","9","6","5","7","4"
"2022","4","A","골목상권","2110761","문래동남성맨션","180","106","74","0","13","43","45","41","38","0","8","17","26","25","30","0","5","26","19","16","8"
"2022","4","A","골목상권","2110780","신길대성유니드아파트","223","171","52","0","22","42","71","56","32","0","18","34","51","41","27","0","4","8","20","15","5"
"2022","4","A","골목상권","2110901","인헌고등학교(인헌중학교)","262","154","108","3","44","64","75","55","21","3","23","40","40","32","16","0","21","24","35","23","5"
"2022","4","A","골목상권","2110885","영락고등학교","340","214","126","0","37","58","94","89","62","0","18","33","61","57","45","0","19","25","33","32","17"
"2022","4","A","골목상권","2110567","광흥창역 6번","91","61","30","0","16","26","27","12","10","0","8","20","13","11","9","0","8","6","14","1","1"
"2022","4","A","골목상권","2110540","망원나들목체육관","288","154","134","0","45","74","85","62","22","0","24","38","42","36","14","0","21","36","43","26","8"
"2022","4","A","골목상권","2110573","신촌역 6번","33","14","19","0","7","4","6","8","8","0","2","0","3","3","6","0","5","4","3","5","2"
"2022","4","A","골목상권","2110559","성산중학교","757","474","283","4","102","187","203","167","94","3","54","102","127","118","70","1","48","85","76","49","24"
"2022","4","A","골목상권","2110554","망원역 1번","1499","727","772","2","210","352","484","333","118","2","105","174","225","147","74","0","105","178","259","186","44"
"2022","4","A","골목상권","2110808","신길역 1번","67","48","19","0","3","22","21","13","8","0","3","15","14","9","7","0","0","7","7","4","1"
"2022","4","A","골목상권","2110511","연희초등학교","3766","3317","449","2","465","768","660","1520","351","1","363","658","539","1427","329","1","102","110","121","93","22"
"2022","4","D","발달상권","2120093","연희동","661","351","310","2","60","125","170","195","109","0","27","62","91","103","68","2","33","63","79","92","41"
"2022","4","R","전통시장","2130181","아현가구거리상점가","59","30","29","0","8","11","13","10","17","0","0","7","9","4","10","0","8","4","4","6","7"
"2022","4","A","골목상권","2110533","충정로역 7번","22","11","11","0","5","5","3","5","4","0","0","2","2","4","3","0","5","3","1","1","1"
"2022","4","A","골목상권","2110509","연희대우아파트앞","691","333","358","0","73","177","151","193","97","0","29","73","77","101","53","0","44","104","74","92","44"
"2022","4","A","골목상권","2110494","증산3교남측","31","24","7","0","1","8","7","9","6","0","0","7","5","7","5","0","1","1","2","2","1"
"2022","4","A","골목상권","2110542","마포구청역 7번","4013","2450","1563","16","528","715","782","1306","666","9","298","578","607","588","370","7","230","137","175","718","296"
"2022","4","A","골목상권","2110568","광흥창역 1번","67","32","35","0","12","21","14","15","5","0","4","10","6","9","3","0","8","11","8","6","2"
"2022","4","R","전통시장","2130143","방천골목시장","65","36","29","0","11","7","19","24","4","0","6","5","9","13","3","0","5","2","10","11","1"
"2022","4","A","골목상권","2110539","미근동","2792","1821","971","13","225","688","889","822","155","9","167","550","547","424","124","4","58","138","342","398","31"
"2022","4","A","골목상권","2110377","미아사거리역 3번","21","14","7","0","2","2","2","9","6","0","2","2","1","4","5","0","0","0","1","5","1"
"2022","4","R","전통시장","2130177","인왕시장(홍제골목형상점가)","44","7","37","0","1","1","8","7","27","0","0","0","1","3","3","0","1","1","7","4","24"
"2022","4","R","전통시장","2130182","영천시장","78","35","43","0","13","8","24","22","11","0","3","4","10","12","6","0","10","4","14","10","5"
"2022","4","A","골목상권","2110342","국립재활원","59","44","15","0","5","11","20","15","8","0","3","8","14","13","6","0","2","3","6","2","2"
"2022","4","A","골목상권","2110311","종암아이파크2차후문","49","21","28","0","3","5","24","7","10","0","2","2","6","4","7","0","1","3","18","3","3"
"2022","4","A","골목상권","2110296","성신여대입구역 4번","77","39","38","1","7","12","30","11","16","1","3","7","15","8","5","0","4","5","15","3","11"
"2022","4","A","골목상권","2110310","길음역 10번","45","14","31","0","12","8","5","15","5","0","4","1","2","4","3","0","8","7","3","11","2"
"2022","4","R","전통시장","2130118","정릉골 골목형상점가","67","30","37","0","11","13","11","19","13","0","0","2","6","12","10","0","11","11","5","7","3"
"2022","4","A","골목상권","2110282","국민대학교앞","1403","1162","241","15","213","430","341","239","165","14","151","387","296","212","102","1","62","43","45","27","63"
"2022","4","R","전통시장","2130119","정릉아리랑시장","15","4","11","0","0","4","5","5","1","0","0","0","0","3","1","0","0","4","5","2","0"
"2022","4","A","골목상권","2110287","정릉3동주민센터","70","50","20","0","9","12","18","19","12","0","5","8","15","12","10","0","4","4","3","7","2"
"2022","4","A","골목상권","2110319","종암동주민센터","277","111","166","1","45","49","65","62","55","0","8","19","24","32","28","1","37","30","41","30","27"
"2022","4","A","골목상권","2110294","서경대학교","391","262","129","0","35","30","93","120","113","0","18","14","46","87","97","0","17","16","47","33","16"
"2022","4","A","골목상권","2110361","삼양사거리역 1번","101","29","72","0","9","12","19","28","33","0","2","4","3","7","13","0","7","8","16","21","20"
"2022","4","R","전통시장","2130136","수유재래시장","29","11","18","0","6","5","7","5","6","0","2","1","0","2","6","0","4","4","7","3","0"
"2022","4","R","전통시장","2130172","모래내시장(서중시장)","41","13","28","0","5","12","8","10","6","0","0","2","3","5","3","0","5","10","5","5","3"
"2022","4","A","골목상권","2110327","상월곡역 2번","104","55","49","0","8","15","39","26","16","0","3","6","23","14","9","0","5","9","16","12","7"
"2022","4","A","골목상권","2110322","장위1동주민센터","237","158","79","0","14","15","42","74","92","0","9","11","30","52","56","0","5","4","12","22","36"
"2022","4","A","골목상권","2110290","북한산보국문역 1번","96","78","18","0","2","9","29","37","19","0","1","8","23","30","16","0","1","1","6","7","3"
"2022","4","R","전통시장","2130113","신아타운","148","27","121","1","31","31","28","39","18","1","4","9","3","4","6","0","27","22","25","35","12"
"2022","4","A","골목상권","2110276","신내IC북측","39","25","14","0","1","6","11","12","9","0","0","5","6","9","5","0","1","1","5","3","4"
"2022","4","A","골목상권","2110241","먹골역 5번","415","213","202","0","61","87","97","117","53","0","17","49","46","63","38","0","44","38","51","54","15"
"2022","4","R","전통시장","2130121","길음시장","91","19","72","0","36","24","10","8","13","0","2","5","3","2","7","0","34","19","7","6","6"
"2022","4","A","골목상권","2110326","장위동성당","84","40","44","0","2","9","16","13","44","0","1","2","6","5","26","0","1","7","10","8","18"
"2022","4","A","골목상권","2110267","망우역 2번","139","49","90","1","15","28","50","28","17","1","2","10","19","13","4","0","13","18","31","15","13"
"2022","4","D","발달상권","2120068","사가정역","145","45","100","3","38","31","25","22","26","0","1","5","12","12","15","3","37","26","13","10","11"
"2022","4","R","전통시장","2130074","영동교골목시장","21","15","6","0","6","9","2","3","1","0","3","9","0","2","1","0","3","0","2","1","0"
"2022","4","R","전통시장","2130080","자양종합시장(기능상실)","14","10","4","0","0","1","6","6","1","0","0","1","4","4","1","0","0","0","2","2","0"
"2022","4","R","전통시장","2130076","능동로골목시장","88","67","21","0","2","11","14","16","45","0","1","4","13","10","39","0","1","7","1","6","6"
"2022","4","A","골목상권","2110175","푸른동산공원","370","235","135","0","41","74","109","86","60","0","24","48","70","53","40","0","17","26","39","33","20"
"2022","4","A","골목상권","2110247","먹골역 1번","377","175","202","0","53","79","123","78","44","0","21","30","55","38","31","0","32","49","68","40","13"
"2022","4","A","골목상권","2110262","상봉역 3번","1532","879","653","2","221","447","543","268","51","0","119","337","282","107","34","2","102","110","261","161","17"
"2022","4","A","골목상권","2110149","세종대학교","122","72","50","0","15","21","31","23","32","0","8","13","19","7","25","0","7","8","12","16","7"
"2022","4","A","골목상권","2110100","옥수동우편취급국","46","31","15","0","5","18","13","6","4","0","0","15","7","5","4","0","5","3","6","1","0"
"2022","4","A","골목상권","2110176","해오름공원","758","432","326","1","70","206","221","168","92","1","30","116","125","90","70","0","40","90","96","78","22"
"2022","4","A","골목상권","2110132","성수2가3동주민센터","786","521","265","0","97","182","220","197","90","0","67","133","145","108","68","0","30","49","75","89","22"
"2022","4","A","골목상권","2110115","상왕십리역 3번","945","362","583","10","392","218","156","113","56","0","76","84","93","75","34","10","316","134","63","38","22"
"2022","4","A","골목상권","2110142","화양사거리","213","107","106","1","37","47","44","52","32","1","20","25","24","16","21","0","17","22","20","36","11"
"2022","4","A","골목상권","2110082","용산구청","1571","779","792","2","165","447","417","439","101","2","45","147","200","302","83","0","120","300","217","137","18"
"2022","4","A","골목상권","2110078","이촌동점보아파트","69","29","40","0","12","15","17","13","12","0","3","8","7","5","6","0","9","7","10","8","6"
"2022","4","R","전통시장","2130060","신흥시장","4","1","3","0","0","2","0","2","0","0","0","1","0","0","0","0","0","1","0","2","0"
"2022","4","A","골목상권","2110081","해방촌 남동측","291","170","121","0","46","68","58","64","55","0","14","37","30","41","48","0","32","31","28","23","7"
"2022","4","A","골목상권","2110120","서울숲카페거리","79","49","30","0","8","12","35","18","6","0","3","8","23","10","5","0","5","4","12","8","1"
"2022","4","A","골목상권","2110051","한양공고앞 교차로","111","82","29","0","17","23","33","26","12","0","12","16","24","20","10","0","5","7","9","6","2"
"2022","4","R","전통시장","2130045","광희패션몰","49","29","20","0","1","5","11","17","15","0","0","2","7","11","9","0","1","3","4","6","6"
"2022","4","R","전통시장","2130050","청평화시장","120","50","70","1","18","26","31","29","15","1","9","13","5","15","7","0","9","13","26","14","8"
"2022","4","A","골목상권","2110071","한강미주맨션아파트","281","182","99","0","36","68","68","55","54","0","20","44","40","41","37","0","16","24","28","14","17"
"2022","4","D","발달상권","2120043","서울역","22578","15322","7256","58","4087","7782","5513","3664","1474","27","2087","4897","4201","3033","1077","31","2000","2885","1312","631","397"
"2022","4","R","전통시장","2130075","노룬산시장(노룬산골목시장)","23","13","10","0","4","5","10","2","2","0","3","3","6","0","1","0","1","2","4","2","1"
"2022","4","A","골목상권","2110208","시조사삼거리","75","56","19","0","2","14","7","17","35","0","1","7","2","11","35","0","1","7","5","6","0"
"2022","4","R","전통시장","2130042","약수시장","158","67","91","2","36","30","40","21","29","2","9","9","19","8","20","0","27","21","21","13","9"
"2022","4","A","골목상권","2110211","전곡마을마당공원","626","445","181","1","66","101","170","194","94","0","45","73","129","143","55","1","21","28","41","51","39"
"2022","4","A","골목상권","2110128","성원중학교","1237","712","525","1","127","206","296","338","269","1","66","118","185","203","139","0","61","88","111","135","130"
"2022","4","D","발달상권","2120006","종각역","33181","16028","17153","59","5900","11133","9928","5489","672","14","2254","4920","4677","3672","491","45","3646","6213","5251","1817","181"
"2022","4","D","발달상권","2120009","종로3가역","8495","4786","3709","19","1355","2296","2026","1582","1217","8","563","1230","1198","953","834","11","792","1066","828","629","383"
"2022","4","A","골목상권","2110266","면목동우체국","225","182","43","0","10","31","38","79","67","0","1","19","30","69","63","0","9","12","8","10","4"
"2022","4","A","골목상권","2110121","한양대역 4번","45","30","15","0","3","10","8","11","13","0","2","5","5","7","11","0","1","5","3","4","2"
"2022","4","A","골목상권","2110396","쌍문역1번(쌍리단길)","259","94","165","2","41","49","52","76","39","0","13","15","22","29","15","2","28","34","30","47","24"
"2022","4","R","전통시장","2130010","종로신진시장","200","113","87","0","20","29","55","48","48","0","14","17","24","26","32","0","6","12","31","22","16"
"2022","4","A","골목상권","2110116","청계천박물관","4884","3674","1210","30","342","780","1090","1772","870","26","217","571","881","1319","660","4","125","209","209","453","210"
"2022","4","R","전통시장","2130065","무학봉상점가","144","67","77","0","22","29","34","37","22","0","4","10","14","22","17","0","18","19","20","15","5"
"2022","4","R","전통시장","2130052","서울중앙시장(신중앙시장)","479","342","137","0","106","156","101","61","55","0","80","110","57","45","50","0","26","46","44","16","5"
"2022","4","A","골목상권","2110221","의릉","95","69","26","0","10","12","36","29","8","0","6","10","24","22","7","0","4","2","12","7","1"
"2022","4","A","골목상권","2110095","한강진역 3번","1186","801","385","16","160","326","321","298","65","8","61","235","227","226","44","8","99","91","94","72","21"
"2022","4","R","전통시장","2130290","영림시장","417","183","234","0","74","101","107","92","43","0","14","49","43","44","33","0","60","52","64","48","10"
"2022","4","A","골목상권","2110869","신림역 5번(신림동주민센터, 신림동별빛거리)","1026","681","345","1","79","136","248","233","329","1","36","73","143","155","273","0","43","63","105","78","56"
"2022","4","A","골목상권","2110882","신성초등학교","733","444","289","1","95","131","215","168","123","0","52","67","122","109","94","1","43","64","93","59","29"
"2022","4","A","골목상권","2110883","은천초등학교(은천교앞)","212","126","86","2","21","44","71","49","25","1","12","25","43","29","16","1","9","19","28","20","9"
"2022","4","D","발달상권","2120014","종로5가역","4887","2839","2048","375","1123","1351","1205","597","236","112","456","860","851","397","163","263","667","491","354","200","73"
"2022","4","R","전통시장","2130179","이화여대 3,5,7길 상점가","147","65","82","3","34","15","41","31","23","1","12","3","14","17","18","2","22","12","27","14","5"
"2022","4","A","골목상권","2110555","홍익지구대","335","161","174","1","58","69","68","50","89","0","16","32","34","21","58","1","42","37","34","29","31"
"2022","4","A","골목상권","2110338","인수초등학교","190","135","55","0","34","59","43","46","8","0","18","42","33","35","7","0","16","17","10","11","1"
"2022","4","A","골목상권","2110334","석관중앙교회","170","105","65","0","21","43","31","41","34","0","8","19","19","29","30","0","13","24","12","12","4"
"2022","4","D","발달상권","2120021","시청역_8번","24117","15220","8897","74","4137","8250","7186","3526","944","13","1738","4529","5241","3020","679","61","2399","3721","1945","506","265"
"2022","4","A","골목상권","2110093","우사단길","2482","1548","934","2","325","1015","734","327","79","1","101","529","548","305","64","1","224","486","186","22","15"
"2022","4","A","골목상권","2110172","광진초등학교","351","227","124","0","42","73","97","92","47","0","17","48","61","65","36","0","25","25","36","27","11"
"2022","4","A","골목상권","2110257","상봉역 7번","397","330","67","0","17","18","50","133","179","0","6","11","34","118","161","0","11","7","16","15","18"
"2022","4","A","골목상권","2110110","상왕십리역 6번","93","55","38","1","12","22","24","18","16","1","7","12","13","10","12","0","5","10","11","8","4"
"2022","4","A","골목상권","2110069","숙대입구","829","295","534","3","200","295","168","86","77","3","34","90","82","40","46","0","166","205","86","46","31"
"2022","4","R","전통시장","2130062","보광시장","31","12","19","0","0","6","10","13","2","0","0","3","4","4","1","0","0","3","6","9","1"
"2022","4","D","발달상권","2120046","이태원(이태원역)","2276","1295","981","24","817","682","338","220","195","15","389","421","205","134","131","9","428","261","133","86","64"
"2022","4","A","골목상권","2110058","성심여자고등학교","947","659","288","10","141","228","254","194","120","3","71","162","181","141","101","7","70","66","73","53","19"
"2022","4","R","전통시장","2130053","백학시장","160","69","91","0","22","24","46","37","31","0","8","8","20","15","18","0","14","16","26","22","13"
"2022","4","A","골목상권","2110088","오산고등학교","1696","1140","556","16","439","504","454","203","80","7","263","350","312","150","58","9","176","154","142","53","22"
"2022","4","A","골목상권","2111083","GS강동자이아파트","411","245","166","0","67","62","70","100","112","0","47","43","41","44","70","0","20","19","29","56","42"
"2022","4","A","골목상권","2111082","중앙보훈병원","64","44","20","0","3","9","11","23","18","0","1","3","5","18","17","0","2","6","6","5","1"
"2022","4","R","전통시장","2130323","둔촌역전통시장","171","86","85","0","3","14","23","36","95","0","2","6","8","14","56","0","1","8","15","22","39"
"2022","4","A","골목상권","2111065","천일초등학교","75","34","41","2","6","20","18","22","7","2","5","10","7","5","5","0","1","10","11","17","2"
"2022","4","A","골목상권","2111069","천호1동주민센터","79","54","25","0","8","17","17","26","11","0","4","12","14","14","10","0","4","5","3","12","1"
"2022","4","D","발달상권","2120245","둔촌역","1884","1135","749","7","312","460","446","371","288","6","169","309","271","195","185","1","143","151","175","176","103"
"2022","4","A","골목상권","2111079","둔촌고등학교(둔촌중학교)","395","202","193","1","52","59","66","79","138","1","32","35","35","28","71","0","20","24","31","51","67"
"2022","4","A","골목상권","2111038","보인중학교","416","270","146","0","26","66","113","123","88","0","11","38","85","88","48","0","15","28","28","35","40"
"2022","4","D","발달상권","2120224","수서역","12418","6339","6079","23","1900","3177","3167","2346","1805","12","860","1669","1497","1232","1069","11","1040","1508","1670","1114","736"
"2022","4","A","골목상권","2110383","덕성여대시반거리","33","21","12","0","0","3","13","10","7","0","0","2","9","5","5","0","0","1","4","5","2"
"2022","4","A","골목상권","2111033","문정동성당","70","30","40","0","5","4","16","16","29","0","2","3","8","9","8","0","3","1","8","7","21"
"2022","4","A","골목상권","2111073","둔촌동역 1번(한산중학교)","973","578","395","1","134","224","250","206","158","1","58","122","160","124","113","0","76","102","90","82","45"
"2022","4","A","골목상권","2110399","창2동주민센터","852","519","333","8","114","210","262","189","69","8","71","159","139","94","48","0","43","51","123","95","21"
"2022","4","A","골목상권","2111007","석촌고분역 4번","936","480","456","0","107","215","255","242","117","0","43","116","142","109","70","0","64","99","113","133","47"
"2022","4","A","골목상권","2110218","답십리사거리","158","83","75","0","14","25","45","60","14","0","5","12","22","33","11","0","9","13","23","27","3"
"2022","4","A","골목상권","2110022","경신고등학교","537","396","141","11","142","162","128","59","35","10","100","123","94","43","26","1","42","39","34","16","9"
"2022","4","A","골목상권","2111044","남천초등학교","557","264","293","1","95","146","167","113","35","0","35","71","76","56","26","1","60","75","91","57","9"
"2022","4","D","발달상권","2120065","회기역","326","207","119","3","48","55","89","76","55","1","27","39","49","49","42","2","21","16","40","27","13"
"2022","4","D","발달상권","2120083","등나무근린공원","1184","787","397","0","166","325","271","283","139","0","114","228","171","179","95","0","52","97","100","104","44"
"2022","4","R","전통시장","2130152","오!도봉거리 상점가","61","34","27","0","5","14","19","13","10","0","1","5","10","10","8","0","4","9","9","3","2"
"2022","4","A","골목상권","2110550","합정역 8번","1578","740","838","1","240","411","414","333","179","0","84","165","221","171","99","1","156","246","193","162","80"
"2022","4","A","골목상권","2110263","면목역 1번","128","69","59","0","12","27","34","24","31","0","6","12","11","14","26","0","6","15","23","10","5"
"2022","4","A","골목상권","2111034","오동나무공원(송파레미니스1단지)","1443","1020","423","3","244","367","352","318","159","3","155","253","264","223","122","0","89","114","88","95","37"
"2022","4","R","전통시장","2130056","용산용문시장","65","34","31","0","7","15","18","10","15","0","4","6","7","6","11","0","3","9","11","4","4"
"2022","4","A","골목상권","2110394","방학중학교","193","116","77","0","15","32","46","48","52","0","8","18","23","29","38","0","7","14","23","19","14"
"2022","4","A","골목상권","2110079","후암동주민센터","1084","584","500","4","223","262","267","196","132","3","73","156","156","105","91","1","150","106","111","91","41"
"2022","4","D","발달상권","2120012","대학로(혜화역)","2061","929","1132","10","357","603","507","318","266","5","105","208","252","171","188","5","252","395","255","147","78"
"2022","4","A","골목상권","2110225","촬영소사거리","330","204","126","0","22","36","68","83","121","0","9","25","42","55","73","0","13","11","26","28","48"
"2022","4","A","골목상권","2111030","방이역 2번","665","419","246","1","57","107","147","217","136","0","28","68","94","128","101","1","29","39","53","89","35"
"2022","4","D","발달상권","2120228","석촌역(석촌호수)","4494","2725","1769","7","707","1306","1038","695","741","1","288","851","680","410","495","6","419","455","358","285","246"
"2022","4","D","발달상권","2120084","공릉역","712","546","166","3","33","59","110","240","267","1","11","22","63","205","244","2","22","37","47","35","23"
"2022","4","R","전통시장","2130313","방이시장","3469","1526","1943","5","449","529","612","1126","748","4","159","335","346","371","311","1","290","194","266","755","437"
"2022","4","A","골목상권","2111005","삼전역 3번","1865","1358","507","0","320","617","459","302","167","0","215","449","339","222","133","0","105","168","120","80","34"
"2022","4","D","발달상권","2120149","여의도역(여의도)","69255","45888","23367","184","11383","22550","19240","12096","3802","34","5884","14085","14147","9350","2388","150","5499","8465","5093","2746","1414"
"2022","4","A","골목상권","2110961","언주역 3번","962","673","289","5","172","286","248","140","111","3","97","184","187","112","90","2","75","102","61","28","21"
"2022","4","D","발달상권","2120208","청담사거리(청담동명품거리)","10577","4635","5942","38","3354","3776","2024","878","507","13","1031","1619","1113","501","358","25","2323","2157","911","377","149"
"2022","4","A","골목상권","2110944","서울나래학교(염곡어린이공원)","1053","735","318","10","133","246","201","217","246","8","98","194","153","139","143","2","35","52","48","78","103"
"2022","4","A","골목상권","2110037","신설동역 12번","208","124","84","0","16","46","51","61","34","0","6","20","32","41","25","0","10","26","19","20","9"
"2022","4","A","골목상권","2110951","신사은행나무공원","273","75","198","0","35","83","96","51","8","0","6","24","27","15","3","0","29","59","69","36","5"
"2022","4","A","골목상권","2110230","장안현대홈타운1차아파트","161","101","60","0","15","32","52","45","17","0","6","22","33","28","12","0","9","10","19","17","5"
"2022","4","A","골목상권","2110916","내방역 4번","1152","592","560","9","216","272","301","208","146","6","58","167","187","91","83","3","158","105","114","117","63"
"2022","4","D","발달상권","2120215","포스코사거리","61656","40699","20957","170","9756","22505","18176","8404","2645","29","4305","14324","13853","6406","1782","141","5451","8181","4323","1998","863"
"2022","4","A","골목상권","2110995","봉은사역 4번","5085","3711","1374","9","978","2002","1271","637","188","2","575","1477","990","523","144","7","403","525","281","114","44"
"2022","4","D","발달상권","2120216","경기고교사거리(경기고교앞사거리)","4934","3621","1313","8","712","1628","1666","772","148","5","291","1070","1431","703","121","3","421","558","235","69","27"
"2022","4","D","발달상권","2120180","양재화물트럭터미널앞","2562","2146","416","13","637","812","554","409","137","10","466","711","481","363","115","3","171","101","73","46","22"
"2022","4","D","발달상권","2120207","선정릉역","12151","7422","4729","32","2685","4209","2741","1595","889","16","1111","2464","1939","1147","745","16","1574","1745","802","448","144"
"2022","4","A","골목상권","2110908","구반포역","1525","377","1148","0","66","111","397","806","145","0","42","54","71","141","69","0","24","57","326","665","76"
"2022","4","D","발달상권","2120178","신사역","10933","5953","4980","34","2539","2847","2355","1810","1348","13","871","1570","1480","999","1020","21","1668","1277","875","811","328"
"2022","4","A","골목상권","2110851","경문고등학교(동작동성당)","485","233","252","0","79","136","140","102","28","0","32","53","66","66","16","0","47","83","74","36","12"
"2022","4","R","전통시장","2130314","풍납시장","202","99","103","1","24","42","50","60","25","1","15","27","22","18","16","0","9","15","28","42","9"
"2022","4","A","골목상권","2110838","상도1동주민센터앞","131","122","9","0","3","32","30","35","31","0","3","27","27","35","30","0","0","5","3","0","1"
"2022","4","R","전통시장","2130262","상도도깨비 골목형상점가","18","8","10","0","1","0","12","2","3","0","0","0","6","0","2","0","1","0","6","2","1"
"2022","4","D","발달상권","2120183","양재천카페거리","3558","2626","932","12","586","972","848","551","589","10","364","717","638","413","484","2","222","255","210","138","105"
"2022","4","D","발달상권","2120182","양재시민의숲역(양재동꽃시장, aT센터)","6144","4255","1889","33","1041","1652","1482","1259","677","14","539","1144","1089","924","545","19","502","508","393","335","132"
"2022","4","R","전통시장","2130274","사당1동먹자골목상점가(사당1동먹자골목)","389","218","171","4","91","100","81","63","50","3","45","64","37","35","34","1","46","36","44","28","16"
"2022","4","A","골목상권","2110746","금천금빛공원(은행나무사거리서측)","70","48","22","0","5","11","22","21","11","0","3","9","13","15","8","0","2","2","9","6","3"
"2022","4","D","발달상권","2120170","삼호가든사거리","2026","1161","865","8","279","587","623","346","183","7","113","333","412","168","128","1","166","254","211","178","55"
"2022","4","R","전통시장","2130234","푸른터시장(기능상실)","3","2","1","0","0","1","0","2","0","0","0","1","0","1","0","0","0","0","0","1","0"
"2022","4","A","골목상권","2110821","보라매역 2번","595","353","242","0","73","109","140","135","138","0","34","65","79","87","88","0","39","44","61","48","50"
"2022","4","A","골목상권","2110729","가산동우체국","151","112","39","0","19","30","40","39","23","0","14","19","30","30","19","0","5","11","10","9","4"
"2022","4","A","골목상권","2110753","시흥동 은행나무사거리","617","387","230","0","69","100","149","166","133","0","28","68","90","96","105","0","41","32","59","70","28"
"2022","4","A","골목상권","2110740","금천해태공원","650","283","367","1","135","136","138","170","70","1","47","55","58","71","51","0","88","81","80","99","19"
"2022","4","A","골목상권","2110694","세곡초등학교","445","249","196","2","55","149","90","98","51","0","24","76","51","60","38","2","31","73","39","38","13"
"2022","4","A","골목상권","2110716","구로나눔길","666","398","268","1","132","256","164","77","36","0","39","154","115","60","30","1","93","102","49","17","6"
"2022","4","A","골목상권","2110711","구로초등학교","818","332","486","4","62","122","166","288","176","2","26","70","82","75","77","2","36","52","84","213","99"
"2022","4","D","발달상권","2120189","강남역","72613","38819","33794","234","17636","24305","18411","9151","2876","59","6629","13226","10962","5914","2029","175","11007","11079","7449","3237","847"
"2022","4","D","발달상권","2120205","매봉역","13950","9370","4580","95","2838","4203","3126","1781","1907","44","1450","2959","2521","1302","1094","51","1388","1244","605","479","813"
"2022","4","U","관광특구","1001492","명동 남대문 북창동 다동 무교동 관광특구","104830","53674","51156","423","27134","34007","23384","15726","4156","137","8860","16080","15133","10824","2640","286","18274","17927","8251","4902","1516"
"2022","4","A","골목상권","2110655","발산역 5번","587","355","232","0","97","156","147","112","75","0","29","94","98","76","58","0","68","62","49","36","17"
"2022","4","D","발달상권","2120116","송정역","117","64","53","0","17","27","28","20","25","0","9","11","15","10","19","0","8","16","13","10","6"
"2022","4","R","전통시장","2130213","방신전통시장","112","77","35","0","13","20","25","29","25","0","10","18","14","14","21","0","3","2","11","15","4"
"2022","4","A","골목상권","2110677","등촌역 1번","410","321","89","1","50","80","83","91","105","1","24","51","70","76","99","0","26","29","13","15","6"
"2022","4","A","골목상권","2110640","방화역 1번","1019","638","381","3","139","292","240","195","150","3","62","119","167","158","129","0","77","173","73","37","21"
"2022","4","A","골목상권","2110611","신정역 1번","316","212","104","2","35","61","100","82","36","2","21","44","61","52","32","0","14","17","39","30","4"
"2022","4","A","골목상권","2110623","갈산공원","118","94","24","0","27","32","24","27","8","0","23","26","21","19","5","0","4","6","3","8","3"
"2022","4","A","골목상권","2110627","신정롯데캐슬아파트","512","310","202","24","127","127","89","83","62","13","69","79","57","49","43","11","58","48","32","34","19"
"2022","4","A","골목상권","2110955","논현초등학교","3430","2238","1192","19","719","823","793","625","451","13","417","568","554","389","297","6","302","255","239","236","154"
"2022","4","A","골목상권","2110601","신월1동우편취급국","1200","814","386","3","116","180","274","437","190","1","61","115","183","309","145","2","55","65","91","128","45"
"2022","4","R","전통시장","2130199","신월3동 골목시장","18","8","10","0","1","4","4","9","0","0","0","1","3","4","0","0","1","3","1","5","0"
"2022","4","A","골목상권","2110463","응암3동주민센터","123","54","69","0","7","23","36","26","31","0","3","6","14","11","20","0","4","17","22","15","11"
"2022","4","D","발달상권","2120111","목동사거리","1828","710","1118","1","551","601","341","219","115","0","101","248","161","116","84","1","450","353","180","103","31"
"2022","4","A","골목상권","2110617","등촌역 4번","274","192","82","0","47","75","77","51","24","0","37","55","51","33","16","0","10","20","26","18","8"
"2022","4","A","골목상권","2110470","신진과학기술고등학교","127","78","49","0","30","22","40","25","10","0","12","11","31","19","5","0","18","11","9","6","5"
"2022","4","A","골목상권","2110476","역촌역 2번","56","26","30","0","2","8","22","17","7","0","1","3","9","7","6","0","1","5","13","10","1"
"2022","4","R","전통시장","2130169","대조시장","67","31","36","0","5","11","21","23","7","0","1","3","11","11","5","0","4","8","10","12","2"
"2022","4","D","발달상권","2120088","구산역","799","279","520","2","86","117","175","272","147","2","30","65","68","59","55","0","56","52","107","213","92"
"2022","4","R","전통시장","2130164","역촌중앙시장","9","3","6","0","0","1","2","2","4","0","0","0","1","1","1","0","0","1","1","1","3"
"2022","4","A","골목상권","2110454","선정중학교","481","268","213","3","56","71","142","108","101","2","42","35","53","66","70","1","14","36","89","42","31"
"2022","4","R","전통시장","2130160","수일시장","7","2","5","0","0","2","1","2","2","0","0","0","0","1","1","0","0","2","1","1","1"
"2022","4","A","골목상권","2110468","응암역 3번","1129","494","635","2","141","256","316","256","158","0","44","114","140","109","87","2","97","142","176","147","71"
"2022","4","D","발달상권","2120032","충무로역","11403","5304","6099","36","1756","2560","3266","2711","1074","15","589","1271","1554","1201","674","21","1167","1289","1712","1510","400"
"2022","4","A","골목상권","2111074","명일역 1번","148","77","71","2","31","38","40","16","21","1","9","23","23","10","11","1","22","15","17","6","10"
"2022","4","A","골목상권","2111021","방이역 4번","7674","5867","1807","22","792","1328","1977","2139","1416","15","392","911","1551","1769","1229","7","400","417","426","370","187"
"2022","4","A","골목상권","2110939","양재역 8번(양재동우체국)","5945","4103","1842","23","971","1415","1465","1168","903","15","500","989","1056","798","745","8","471","426","409","370","158"
"2022","4","D","발달상권","2120213","삼성중앙역","8472","5131","3341","50","1855","2469","1898","1065","1135","12","828","1511","1297","712","771","38","1027","958","601","353","364"
"2022","4","A","골목상권","2110935","한전아트센터","379","264","115","2","53","108","105","72","39","2","33","82","75","46","26","0","20","26","30","26","13"
"2022","4","A","골목상권","2110972","강남세브란스병원미래의학연구센터","2628","1440","1188","17","539","669","692","581","130","4","240","428","438","258","72","13","299","241","254","323","58"
"2022","4","A","골목상권","2110985","청담근린공원","1338","948","390","0","193","447","374","226","98","0","98","346","275","157","72","0","95","101","99","69","26"
"2022","4","A","골목상권","2110659","화곡역 4번","867","512","355","11","102","182","240","188","144","9","52","115","144","110","82","2","50","67","96","78","62"
"2022","4","R","전통시장","2130014","동문시장","3","1","2","0","0","2","0","0","1","0","0","0","0","0","1","0","0","2","0","0","0"
"2022","4","D","발달상권","2120140","문래동주민센터","6162","3296","2866","22","1447","1840","1635","916","302","11","558","993","992","517","225","11","889","847","643","399","77"
"2022","4","A","골목상권","2111081","둔촌푸르지오아파트","78","50","28","0","8","17","18","18","17","0","4","12","13","6","15","0","4","5","5","12","2"
"2022","4","A","골목상권","2110108","성동구립금호도서관","6","1","5","0","0","1","4","1","0","0","0","0","0","1","0","0","0","1","4","0","0"
"2022","4","D","발달상권","2120099","월드컵경기장역(월드컵경기장)","84","57","27","0","11","20","26","14","13","0","6","16","21","7","7","0","5","4","5","7","6"
"2022","4","R","전통시장","2130085","용두시장","4","2","2","0","0","0","1","2","1","0","0","0","0","1","1","0","0","0","1","1","0"
"2022","4","R","전통시장","2130103","이경시장","16","8","8","0","0","1","2","2","11","0","0","1","1","1","5","0","0","0","1","1","6"
"2022","4","A","골목상권","2110026","종로5가역 4번","190","120","70","0","22","41","73","27","27","0","9","28","47","14","22","0","13","13","26","13","5"
"2022","4","A","골목상권","2110420","광운대역 1번","814","483","331","7","235","312","188","43","29","0","114","236","92","23","18","7","121","76","96","20","11"
"2022","4","R","전통시장","2130002","세종마을음식문화거리(금천교시장)","564","392","172","4","56","109","120","121","154","0","26","74","75","90","127","4","30","35","45","31","27"
"2022","4","D","발달상권","2120085","은행사거리","317","121","196","4","51","48","80","78","56","3","11","14","21","40","32","1","40","34","59","38","24"
"2022","4","R","전통시장","2130099","전농로터리시장","7","3","4","0","1","0","2","3","1","0","0","0","1","1","1","0","1","0","1","2","0"
"2022","4","A","골목상권","2110031","창신역 1번","44","31","13","0","7","14","5","11","7","0","4","8","4","8","7","0","3","6","1","3","0"
"2022","4","D","발달상권","2120005","삼청동","3053","2795","258","1","399","712","898","817","226","0","340","633","848","776","198","1","59","79","50","41","28"
"2022","4","R","전통시장","2130018","동대문문구완구거리(동대문문구완구시장)","215","124","91","0","27","45","50","52","41","0","12","24","33","31","24","0","15","21","17","21","17"
"2022","4","R","전통시장","2130033","대림상가(청계상가)","169","121","48","0","7","29","54","39","40","0","3","19","35","30","34","0","4","10","19","9","6"
"2022","4","A","골목상권","2110019","창덕궁","325","215","110","0","47","91","82","71","34","0","21","65","53","49","27","0","26","26","29","22","7"
"2022","4","A","골목상권","2110976","언북초등학교","578","332","246","1","111","188","126","86","66","0","41","115","83","49","44","1","70","73","43","37","22"
"2022","4","D","발달상권","2120219","은마아파트","17161","5791","11370","202","3396","3816","3174","4058","2515","83","1254","1870","1373","817","394","119","2142","1946","1801","3241","2121"
"2022","4","A","골목상권","2110424","상계초등학교","388","157","231","2","42","50","96","106","92","2","18","32","32","42","31","0","24","18","64","64","61"
"2022","4","A","골목상권","2110422","노원역 9번","277","221","56","0","27","70","94","54","32","0","24","59","79","37","22","0","3","11","15","17","10"
"2022","4","R","전통시장","2130092","청량리농수산물시장","12","9","3","0","0","1","3","5","3","0","0","0","3","3","3","0","0","1","0","2","0"
"2022","4","A","골목상권","2110866","난우중학교","171","91","80","0","20","36","34","62","19","0","14","20","12","29","16","0","6","16","22","33","3"
"2022","4","A","골목상권","2110893","관악소방서(문영여고)","353","303","50","0","39","110","66","113","25","0","29","96","57","99","22","0","10","14","9","14","3"
"2022","4","A","골목상권","2110890","봉천역 1번(관악초등학교)","261","152","109","1","22","44","95","70","29","0","4","22","59","46","21","1","18","22","36","24","8"
"2022","4","R","전통시장","2130284","관악종합시장(신원시장)","17","10","7","0","0","1","3","10","3","0","0","1","1","6","2","0","0","0","2","4","1"
"2022","4","A","골목상권","2110871","신원동주민센터","159","101","58","1","12","40","45","37","24","0","8","25","27","25","16","1","4","15","18","12","8"
"2022","4","A","골목상권","2110876","서원동주민센터(신관중학교)","49","29","20","0","5","9","16","9","10","0","2","4","10","4","9","0","3","5","6","5","1"
"2022","4","R","전통시장","2130293","봉천중앙시장","154","42","112","0","17","13","29","46","49","0","5","7","14","14","2","0","12","6","15","32","47"
"2022","4","A","골목상권","2110862","난곡초등학교(난곡동벽화마을)","84","41","43","0","4","13","14","34","19","0","2","6","11","15","7","0","2","7","3","19","12"
"2022","4","R","전통시장","2130249","동남상가","10","8","2","0","2","0","0","4","4","0","1","0","0","4","3","0","1","0","0","0","1"
"2022","4","D","발달상권","2120157","신림역(신림)","593","255","338","1","95","115","145","125","112","0","19","40","81","48","67","1","76","75","64","77","45"
"2022","4","A","골목상권","2110886","관악해태어린이공원","188","103","85","1","38","50","41","36","22","1","18","28","21","23","12","0","20","22","20","13","10"
"2022","4","A","골목상권","2110795","도림초등학교","533","356","177","0","20","49","80","128","256","0","8","36","48","74","190","0","12","13","32","54","66"
"2022","4","A","골목상권","2110785","영등포푸르지오아파트","161","84","77","2","13","17","39","44","46","2","8","12","24","14","24","0","5","5","15","30","22"
"2022","4","A","골목상권","2110768","도림2동유수지내체육시설","294","155","139","0","20","43","63","73","95","0","7","22","32","41","53","0","13","21","31","32","42"
"2022","4","D","발달상권","2120135","양평역","5072","3013","2059","32","1300","1280","1187","776","497","11","626","825","676","441","434","21","674","455","511","335","63"
"2022","4","A","골목상권","2110794","영동초등학교","632","494","138","0","87","115","178","167","85","0","47","89","148","135","75","0","40","26","30","32","10"
"2022","4","A","골목상권","2110574","서강대학교","173","123","50","0","35","41","49","38","10","0","17","30","41","30","5","0","18","11","8","8","5"
"2022","4","A","골목상권","2110506","연희임광아파트","110","66","44","0","5","12","39","29","25","0","1","8","20","19","18","0","4","4","19","10","7"
"2022","4","A","골목상권","2110508","서연중학교","1028","470","558","9","149","249","175","268","178","3","66","152","81","93","75","6","83","97","94","175","103"
"2022","4","R","전통시장","2130178","이대 앞 스타트업 상점가","32","7","25","0","5","5","10","6","6","0","1","0","4","0","2","0","4","5","6","6","4"
"2022","4","A","골목상권","2110552","성미산체육관","646","469","177","1","110","162","148","159","66","0","72","121","99","129","48","1","38","41","49","30","18"
"2022","4","A","골목상권","2110504","명지전문대","139","35","104","0","8","17","27","38","49","0","3","4","6","11","11","0","5","13","21","27","38"
"2022","4","R","전통시장","2130176","유진상가","38","23","15","0","20","16","1","1","0","0","9","13","1","0","0","0","11","3","0","1","0"
"2022","4","R","전통시장","2130180","포방터시장","59","34","25","0","13","11","15","6","14","0","4","4","11","5","10","0","9","7","4","1","4"
"2022","4","A","골목상권","2110027","혜화역 1번","617","366","251","1","73","116","131","98","198","0","28","74","65","54","145","1","45","42","66","44","53"
"2022","4","A","골목상권","2110517","서대문소방서","1051","692","359","8","225","280","242","207","89","5","104","187","179","161","56","3","121","93","63","46","33"
"2022","4","R","전통시장","2130139","강북종합전통시장(강북종합골목시장)","166","114","52","0","16","45","61","28","16","0","11","33","42","19","9","0","5","12","19","9","7"
"2022","4","A","골목상권","2110381","번동주공2단지","171","88","83","5","31","28","38","55","14","4","11","14","21","30","8","1","20","14","17","25","6"
"2022","4","R","전통시장","2130004","낙원시장(낙원지하시장(대일상가))","364","258","106","0","29","70","99","78","88","0","14","51","68","57","68","0","15","19","31","21","20"
"2022","4","A","골목상권","2110284","정릉북한산국립공원입구","644","558","86","0","13","85","200","250","96","0","8","69","176","220","85","0","5","16","24","30","11"
"2022","4","A","골목상권","2110285","홍대부중","814","559","255","9","219","220","210","100","56","6","118","172","163","69","31","3","101","48","47","31","25"
"2022","4","D","발달상권","2120095","홍제역","922","520","402","1","73","107","260","362","119","0","17","56","137","222","88","1","56","51","123","140","31"
"2022","4","R","전통시장","2130134","솔샘시장(미아6,7동골목시장)","73","30","43","1","7","19","25","18","3","0","3","4","12","8","3","1","4","15","13","10","0"
"2022","4","R","전통시장","2130138","수유프라자","142","24","118","1","31","24","16","42","28","0","1","4","5","4","10","1","30","20","11","38","18"
"2022","4","R","전통시장","2130137","수유전통시장(수유시장, 수유골목시장)","89","31","58","0","5","10","19","26","29","0","0","3","8","8","12","0","5","7","11","18","17"
"2022","4","A","골목상권","2110853","KT구로지사","213","127","86","0","21","47","65","50","30","0","9","26","44","27","21","0","12","21","21","23","9"
"2022","4","A","골목상권","2110250","화랑대역 7번","111","69","42","0","7","20","32","34","18","0","5","12","15","23","14","0","2","8","17","11","4"
"2022","4","A","골목상권","2110234","중랑역 4번","96","41","55","0","15","16","23","25","17","0","2","5","10","14","10","0","13","11","13","11","7"
"2022","4","R","전통시장","2130108","태능엔터피아(태릉시장)","3","1","2","0","0","0","1","2","0","0","0","0","0","1","0","0","0","0","1","1","0"
"2022","4","A","골목상권","2110314","종암경찰서","953","701","252","1","127","272","224","287","42","0","72","207","163","231","28","1","55","65","61","56","14"
"2022","4","A","골목상권","2110353","수유동우체국","187","91","96","0","4","18","48","60","57","0","1","12","33","27","18","0","3","6","15","33","39"
"2022","4","A","골목상권","2110362","우이천 계성교","205","110","95","1","24","34","61","63","22","0","11","19","28","35","17","1","13","15","33","28","5"
"2022","4","R","전통시장","2130133","우이골목시장(우이시장)","69","61","8","0","7","7","19","20","16","0","6","6","17","17","15","0","1","1","2","3","1"
"2022","4","A","골목상권","2110245","KB국민은행 중화동지점","108","69","39","0","5","18","41","27","17","0","4","10","24","17","14","0","1","8","17","10","3"
"2022","4","A","골목상권","2110102","옥수역 6번","3362","1140","2222","0","968","1050","724","422","198","0","202","328","319","197","94","0","766","722","405","225","104"
"2022","4","A","골목상권","2110253","중곡초등학교","181","106","75","0","31","31","44","49","26","0","10","17","23","35","21","0","21","14","21","14","5"
"2022","4","A","골목상권","2110242","면목5동주민센터","164","112","52","0","21","28","56","30","29","0","12","23","31","22","24","0","9","5","25","8","5"
"2022","4","A","골목상권","2110151","자양한강도서관","249","175","74","4","35","52","63","66","29","3","24","37","49","41","21","1","11","15","14","25","8"
"2022","4","D","발달상권","2120061","올림픽대교북단","1094","864","230","1","228","403","324","95","43","0","165","326","290","55","28","1","63","77","34","40","15"
"2022","4","A","골목상권","2110173","구남초등학교","195","106","89","0","34","50","46","44","21","0","16","28","21","25","16","0","18","22","25","19","5"
"2022","4","A","골목상권","2110171","중곡4동주민센터","59","36","23","0","4","8","7","22","18","0","1","2","3","15","15","0","3","6","4","7","3"
"2022","4","R","전통시장","2130083","중곡제일시장(중곡제일골목시장, 광성시장)","111","68","43","0","15","21","29","24","22","0","7","14","20","10","17","0","8","7","9","14","5"
"2022","4","A","골목상권","2110178","장로회신학대학교","194","123","71","0","25","44","42","56","27","0","15","34","21","38","15","0","10","10","21","18","12"
"2022","4","R","전통시장","2130111","동원전통종합시장(동원시장, 동원전통시장 상점가)","224","109","115","0","24","37","49","82","32","0","11","17","21","38","22","0","13","20","28","44","10"
"2022","4","A","골목상권","2110055","황학동벼룩시장","29","19","10","0","1","4","6","11","7","0","1","3","5","6","4","0","0","1","1","5","3"
"2022","4","A","골목상권","2110117","성동구보건소","103","73","30","1","14","27","19","33","9","1","10","20","11","25","6","0","4","7","8","8","3"
"2022","4","R","전통시장","2130038","평화시장(통일상가, 동화상가)","930","630","300","3","110","293","273","172","79","0","61","165","211","134","59","3","49","128","62","38","20"
"2022","4","A","골목상권","2110038","경향신문사","2636","1651","985","0","377","783","808","593","75","0","119","436","540","491","65","0","258","347","268","102","10"
"2022","4","D","발달상권","2120023","서울시청","10242","5534","4708","15","2234","3260","2778","1425","530","4","852","1657","1658","983","380","11","1382","1603","1120","442","150"
"2022","4","D","발달상권","2120026","을지로입구역","30610","18501","12109","14","4275","11589","8473","5661","598","4","1729","5846","5959","4562","401","10","2546","5743","2514","1099","197"
"2022","4","A","골목상권","2110865","남강고등학교(남강중학교)","336","143","193","4","66","72","69","85","40","2","16","34","28","34","29","2","50","38","41","51","11"
"2022","4","A","골목상권","2110269","용마문화복지센터","169","98","71","0","19","53","52","28","17","0","13","32","30","19","4","0","6","21","22","9","13"
"2022","4","D","발달상권","2120072","성신여대","1048","537","511","18","137","211","213","271","198","11","46","86","103","152","139","7","91","125","110","119","59"
"2022","4","A","골목상권","2110975","매봉역 1번","10837","6932","3905","34","2175","2199","3202","3019","208","21","1010","1161","2184","2402","154","13","1165","1038","1018","617","54"
"2022","4","A","골목상권","2110177","동의초등학교","135","90","45","0","11","31","32","35","26","0","3","15","21","27","24","0","8","16","11","8","2"
"2022","4","A","골목상권","2110167","용마초등학교","376","220","156","2","22","56","99","109","88","0","9","20","52","62","77","2","13","36","47","47","11"
"2022","4","A","골목상권","2110136","경수초등학교","4745","2743","2002","43","1169","1097","978","875","583","32","439","633","615","593","431","11","730","464","363","282","152"
"2022","4","D","발달상권","2120001","서대문역","1510","1022","488","1","265","530","359","278","77","1","106","344","272","237","62","0","159","186","87","41","15"
"2022","4","D","발달상권","2120048","금호역","80","31","49","0","16","10","18","24","12","0","2","2","6","13","8","0","14","8","12","11","4"
"2022","4","R","전통시장","2130148","방학동도깨비시장","60","33","27","0","6","9","16","18","11","0","4","3","8","14","4","0","2","6","8","4","7"
"2022","4","A","골목상권","2110169","성동초등학교","221","112","109","1","25","30","68","59","38","0","12","12","32","32","24","1","13","18","36","27","14"
"2022","4","R","전통시장","2130007","광장시장(광장전통시장)","466","310","156","0","39","77","97","129","124","0","22","41","73","77","97","0","17","36","24","52","27"
"2022","4","A","골목상권","2110153","중곡1동주민센터","241","83","158","1","42","57","67","57","17","0","14","22","22","17","8","1","28","35","45","40","9"
"2022","4","A","골목상권","2110878","미림여고","368","218","150","3","43","114","101","78","29","0","19","63","68","43","25","3","24","51","33","35","4"
"2022","4","A","골목상권","2110392","발바닥공원","43","17","26","0","2","8","7","10","16","0","0","0","3","3","11","0","2","8","4","7","5"
"2022","4","A","골목상권","2110113","응봉산","77","43","34","0","14","15","14","16","18","0","4","11","7","6","15","0","10","4","7","10","3"
"2022","4","A","골목상권","2110854","조원동주민센터","55","39","16","0","4","5","17","21","8","0","3","5","9","15","7","0","1","0","8","6","1"
"2022","4","R","전통시장","2130294","관악중부시장","102","40","62","1","5","10","22","39","25","0","2","3","7","16","12","1","3","7","15","23","13"
"2022","4","A","골목상권","2110899","낙성대역 5번(관악중학교)","690","448","242","0","167","185","166","123","49","0","107","135","96","71","39","0","60","50","70","52","10"
"2022","4","R","전통시장","2130001","통인시장","59","29","30","0","4","14","11","12","18","0","2","4","6","6","11","0","2","10","5","6","7"
"2022","4","D","발달상권","2120145","영등포역(영등포)","3856","1817","2039","22","673","1021","921","702","517","0","202","441","486","388","300","22","471","580","435","314","217"
"2022","4","A","골목상권","2110590","만리재","97","50","47","0","19","23","23","25","7","0","6","12","11","16","5","0","13","11","12","9","2"
"2022","4","R","전통시장","2130183","상암동상점가","816","607","209","1","89","204","283","187","52","0","49","150","227","143","38","1","40","54","56","44","14"
"2022","4","A","골목상권","2110543","중암중학교","38","25","13","0","6","8","14","7","3","0","3","5","8","6","3","0","3","3","6","1","0"
"2022","4","A","골목상권","2110541","동교초등학교","377","221","156","0","43","59","101","96","78","0","23","37","63","50","48","0","20","22","38","46","30"
"2022","4","A","골목상권","2110309","대광초등학교","354","252","102","0","37","57","103","96","61","0","18","39","69","75","51","0","19","18","34","21","10"
"2022","4","A","골목상권","2110535","영천시장입구","797","440","357","2","77","119","179","281","139","2","36","62","110","152","78","0","41","57","69","129","61"
"2022","4","A","골목상권","2110076","삼각지역 14번","537","175","362","0","46","143","158","153","37","0","11","49","61","45","9","0","35","94","97","108","28"
"2022","4","A","골목상권","2110308","길음역 8번","174","85","89","0","17","36","56","41","24","0","8","17","26","20","14","0","9","19","30","21","10"
"2022","4","R","전통시장","2130117","정릉시장","119","62","57","0","4","15","34","41","25","0","2","8","20","18","14","0","2","7","14","23","11"
"2022","4","A","골목상권","2110277","러스크서울병원","178","100","78","0","16","32","39","52","39","0","6","15","23","29","27","0","10","17","16","23","12"
"2022","4","A","골목상권","2110261","사가정역 4번","167","90","77","1","16","29","49","50","22","1","8","15","25","26","15","0","8","14","24","24","7"
"2022","4","A","골목상권","2110300","삼선동주민센터","2735","1587","1148","3","248","710","769","844","161","2","97","300","444","629","115","1","151","410","325","215","46"
"2022","4","A","골목상권","2110255","상봉역 4번","327","208","119","0","39","52","78","92","66","0","20","24","46","62","56","0","19","28","32","30","10"
"2022","4","A","골목상권","2110163","성자초등학교","272","134","138","0","37","44","65","72","54","0","13","26","31","26","38","0","24","18","34","46","16"
"2022","4","A","골목상권","2110154","광진정말공원","307","161","146","1","43","62","79","78","44","1","19","37","35","37","32","0","24","25","44","41","12"
"2022","4","A","골목상권","2110150","중곡1동 마을마당","1179","698","481","1","197","352","252","217","160","1","83","194","161","132","127","0","114","158","91","85","33"
"2022","4","R","전통시장","2130078","화양제일골목시장","65","23","42","0","6","17","20","18","4","0","1","7","8","6","1","0","5","10","12","12","3"
"2022","4","A","골목상권","2110070","용산세무서","184","130","54","0","21","54","55","24","30","0","8","37","41","18","26","0","13","17","14","6","4"
"2022","4","A","골목상권","2110063","효창공원앞역 5번","530","347","183","8","47","104","139","132","100","6","25","71","93","87","65","2","22","33","46","45","35"
"2022","4","R","전통시장","2130054","황학동주방가구거리상점가","374","266","108","0","25","80","116","106","47","0","18","60","77","74","37","0","7","20","39","32","10"
"2022","4","A","골목상권","2110048","장충동주민센터","5312","2706","2606","21","867","1339","1511","1367","207","5","338","768","756","707","132","16","529","571","755","660","75"
"2022","4","D","발달상권","2120024","회현역","2167","1364","803","2","341","795","582","250","197","1","146","473","416","192","136","1","195","322","166","58","61"
"2022","4","A","골목상권","2110085","경리단길남측","532","260","272","4","98","163","148","67","52","2","40","59","78","41","40","2","58","104","70","26","12"
"2022","4","A","골목상권","2111084","길동신동아아파트","169","104","65","2","27","32","37","58","13","2","21","23","24","25","9","0","6","9","13","33","4"
"2022","4","A","골목상권","2111057","천호공원(해공체육문화센터)","255","113","142","2","53","50","64","61","25","2","15","19","30","33","14","0","38","31","34","28","11"
"2022","4","A","골목상권","2111058","성내중학교","451","317","134","0","51","92","129","121","58","0","37","63","90","82","45","0","14","29","39","39","13"
"2022","4","D","발달상권","2120243","천호역","1353","629","724","6","186","250","315","291","305","2","63","108","142","123","191","4","123","142","173","168","114"
"2022","4","A","골목상권","2111053","성내천어린이공원(하니사랑길)","6288","4564","1724","6","799","940","1025","1564","1954","3","542","693","750","1053","1523","3","257","247","275","511","431"
"2022","4","D","발달상권","2120248","명일역","860","332","528","4","114","141","223","204","174","2","41","59","84","69","77","2","73","82","139","135","97"
"2022","4","A","골목상권","2111008","석촌고분역 3번","1600","1210","390","1","185","292","294","400","428","1","151","243","216","259","340","0","34","49","78","141","88"
"2022","4","A","골목상권","2111043","마천공원","32","13","19","0","1","3","7","12","9","0","0","0","1","6","6","0","1","3","6","6","3"
"2022","4","R","전통시장","2130317","마천중앙시장","107","77","30","0","15","35","24","17","16","0","11","24","12","14","16","0","4","11","12","3","0"
"2022","4","D","발달상권","2120242","강동구청역","4528","2937","1591","33","536","1064","1055","893","947","13","287","678","695","560","704","20","249","386","360","333","243"
"2022","4","A","골목상권","2110382","솔밭공원역 1번","32","25","7","0","1","9","8","7","7","0","0","5","6","7","7","0","1","4","2","0","0"
"2022","4","A","골목상권","2111059","강동역 4번(강풀만화거리)","819","430","389","3","90","160","193","170","203","1","48","75","93","94","119","2","42","85","100","76","84"
"2022","4","D","발달상권","2120063","청량리역(청량리)","1182","514","668","3","225","221","239","246","248","2","66","86","89","116","155","1","159","135","150","130","93"
"2022","4","R","전통시장","2130016","동대문상가B동","2","1","1","0","0","1","1","0","0","0","0","0","1","0","0","0","0","1","0","0","0"
"2022","4","D","발달상권","2120233","몽촌토성역","10357","5705","4652","28","1787","2711","2252","2152","1427","22","1123","1846","1193","782","739","6","664","865","1059","1370","688"
"2022","4","A","골목상권","2110185","용두초등학교","122","77","45","0","13","22","31","32","24","0","5","13","18","22","19","0","8","9","13","10","5"
"2022","4","A","골목상권","2110438","경춘선숲길 우측","230","110","120","0","26","54","83","52","15","0","12","21","38","30","9","0","14","33","45","22","6"
"2022","4","A","골목상권","2111024","경찰병원역 4번(건너말공원)","240","150","90","0","27","53","63","68","29","0","16","33","45","35","21","0","11","20","18","33","8"
"2022","4","A","골목상권","2110374","송중초등학교","491","272","219","5","33","60","145","140","108","5","9","29","73","70","86","0","24","31","72","70","22"
"2022","4","D","발달상권","2120070","한성대입구역","466","180","286","2","83","69","78","113","121","2","21","31","37","38","51","0","62","38","41","75","70"
"2022","4","A","골목상권","2111032","방이역 1번","3885","2552","1333","4","235","340","605","719","1982","3","139","237","411","469","1293","1","96","103","194","250","689"
"2022","4","A","골목상권","2110429","공릉동 국수거리","2074","916","1158","3","224","284","511","689","363","1","91","167","248","234","175","2","133","117","263","455","188"
"2022","4","D","발달상권","2120039","신당역","2321","1230","1091","31","793","486","404","333","274","11","347","244","225","219","184","20","446","242","179","114","90"
"2022","4","A","골목상권","2110008","배화여자대학교(박노수미술관)","552","379","173","1","52","82","133","180","104","0","16","46","102","135","80","1","36","36","31","45","24"
"2022","4","A","골목상권","2110959","신구중학교","271","140","131","0","14","66","82","79","30","0","7","36","49","29","19","0","7","30","33","50","11"
"2022","4","A","골목상권","2111019","한성백제역 3번","1524","1000","524","2","207","448","428","254","185","2","103","303","300","164","128","0","104","145","128","90","57"
"2022","4","A","골목상권","2110980","개포지구대옆","663","482","181","0","90","198","202","111","62","0","45","142","168","72","55","0","45","56","34","39","7"
"2022","4","A","골목상권","2110946","청계산원터골","48","24","24","0","2","6","8","16","16","0","2","3","6","3","10","0","0","3","2","13","6"
"2022","4","A","골목상권","2110970","학동초등학교","378","236","142","1","66","98","102","65","46","0","27","49","66","57","37","1","39","49","36","8","9"
"2022","4","R","전통시장","2130145","쌍문역둘리상점가","244","202","42","0","39","44","77","62","22","0","28","35","65","56","18","0","11","9","12","6","4"
"2022","4","A","골목상권","2111027","문정초등학교","1403","775","628","3","148","289","326","247","390","1","67","160","211","126","210","2","81","129","115","121","180"
"2022","4","A","골목상권","2110988","청담역 3번","1594","1016","578","1","243","425","364","346","215","1","82","247","247","262","177","0","161","178","117","84","38"
"2022","4","D","발달상권","2120161","방배동가구거리(사당동가구거리)","2517","1833","684","3","187","342","315","347","1323","2","78","178","165","202","1208","1","109","164","150","145","115"
"2022","4","A","골목상권","2110929","남부터미널역 1번","21130","10703","10427","21","4446","4558","3912","7143","1050","4","1209","1890","1718","5123","759","17","3237","2668","2194","2020","291"
"2022","4","A","골목상권","2110834","동작구자원봉사센터","38","22","16","0","3","5","6","10","14","0","2","2","6","5","7","0","1","3","0","5","7"
"2022","4","R","전통시장","2130266","만양로상점가","129","75","54","0","6","37","51","21","14","0","1","23","33","14","4","0","5","14","18","7","10"
"2022","4","R","전통시장","2130270","흑석시장","4","3","1","0","2","0","0","2","0","0","1","0","0","2","0","0","1","0","0","0","0"
"2022","4","D","발달상권","2120184","포이사거리(삼호물산)","10139","7003","3136","20","1553","3044","2666","1705","1151","10","846","2068","2010","1212","857","10","707","976","656","493","294"
"2022","4","D","발달상권","2120192","뱅뱅사거리","27462","18935","8527","73","5758","8273","6703","4372","2283","38","3280","5616","5106","3189","1706","35","2478","2657","1597","1183","577"
"2022","4","A","골목상권","2110824","대방역 3번","296","102","194","1","48","91","92","42","22","0","11","26","29","23","13","1","37","65","63","19","9"
"2022","4","D","발달상권","2120160","사당역(사당)","9153","4750","4403","14","1560","2594","2716","1534","735","4","617","1307","1324","997","501","10","943","1287","1392","537","234"
"2022","4","A","골목상권","2110852","이수역 9번","198","121","77","0","26","35","54","38","45","0","12","20","30","23","36","0","14","15","24","15","9"
"2022","4","R","전통시장","2130264","상도약수골목형상점가","65","35","30","1","14","8","15","20","7","0","4","3","9","12","7","1","10","5","6","8","0"
"2022","4","D","발달상권","2120154","장승배기역","479","199","280","1","61","123","126","106","62","0","16","58","67","35","23","1","45","65","59","71","39"
"2022","4","D","발달상권","2120165","서래마을카페거리(서래마을)","3467","2266","1201","11","605","1119","949","516","267","3","277","716","707","369","194","8","328","403","242","147","73"
"2022","4","A","골목상권","2110829","장승배기역 5번","536","417","119","0","195","137","79","53","72","0","177","106","49","40","45","0","18","31","30","13","27"
"2022","4","A","골목상권","2110754","삼성산자연공원(서울금천초등학교)","199","75","124","1","21","41","47","39","50","0","6","18","28","10","13","1","15","23","19","29","37"
"2022","4","A","골목상권","2110742","KT금천빌딩(금천구시설관리공단)","426","237","189","0","42","83","106","125","70","0","21","57","71","54","34","0","21","26","35","71","36"
"2022","4","D","발달상권","2120133","서울시흥동우체국(홈플러스시흥점)","142","55","87","1","14","22","27","42","36","1","5","10","12","11","16","0","9","12","15","31","20"
"2022","4","A","골목상권","2110732","가산초등학교(세일중학교)","338","239","99","1","41","60","98","76","62","0","22","34","71","60","52","1","19","26","27","16","10"
"2022","4","A","골목상권","2110710","남구로역 3번","606","370","236","3","83","96","105","121","198","3","46","63","63","68","127","0","37","33","42","53","71"
"2022","4","A","골목상권","2110693","오류동역 4번","17","9","8","0","1","3","5","4","4","0","1","3","2","2","1","0","0","0","3","2","3"
"2022","4","A","골목상권","2110728","두산초등학교","4560","2778","1782","8","88","138","245","530","3551","8","64","86","123","279","2218","0","24","52","122","251","1333"
"2022","4","A","골목상권","2110727","독산역 1번 출입구","659","514","145","4","72","152","169","191","71","4","48","118","128","165","51","0","24","34","41","26","20"
"2022","4","R","전통시장","2130303","영동전통시장","242","95","147","0","21","60","67","58","36","0","7","19","22","24","23","0","14","41","45","34","13"
"2022","4","A","골목상권","2110940","양재근린공원(양재2동주민센터)","1043","755","288","9","186","346","264","145","93","8","116","256","200","103","72","1","70","90","64","42","21"
"2022","4","A","골목상권","2110744","독산동성당","531","327","204","0","49","107","129","152","94","0","36","71","75","86","59","0","13","36","54","66","35"
"2022","4","A","골목상권","2110724","금천구립가산도서관","366","254","112","1","42","76","122","89","36","1","33","60","90","45","25","0","9","16","32","44","11"
"2022","4","A","골목상권","2110684","서울공연예술고등학교","157","72","85","2","28","31","36","36","24","0","7","17","19","19","10","2","21","14","17","17","14"
"2022","4","A","골목상권","2110641","공항고등학교","345","236","109","2","46","95","100","79","23","1","30","72","61","52","20","1","16","23","39","27","3"
"2022","4","A","골목상권","2110644","신광명마을","333","288","45","1","24","22","60","107","119","1","7","13","52","100","115","0","17","9","8","7","4"
"2022","4","D","발달상권","2120121","까치산역","344","135","209","2","49","40","67","101","85","2","12","14","27","41","39","0","37","26","40","60","46"
"2022","4","A","골목상권","2110654","까치산역 4번","1021","686","335","2","68","147","249","380","175","1","38","81","139","281","146","1","30","66","110","99","29"
"2022","4","A","골목상권","2110639","신방화역 8번","523","369","154","1","74","61","88","153","146","1","17","22","51","139","139","0","57","39","37","14","7"
"2022","4","A","골목상권","2110699","덕의초등학교","150","89","61","0","15","24","32","48","31","0","8","15","15","28","23","0","7","9","17","20","8"
"2022","4","A","골목상권","2110631","방화초등학교","359","177","182","2","35","71","73","103","75","2","21","42","39","38","35","0","14","29","34","65","40"
"2022","4","A","골목상권","2110673","뜸부기어린이공원","253","143","110","0","37","52","62","64","38","0","21","29","31","34","28","0","16","23","31","30","10"
"2022","4","A","골목상권","2110637","송정역 2번","540","357","183","4","62","117","114","147","96","0","34","74","81","100","68","4","28","43","33","47","28"
"2022","4","A","골목상권","2110671","등촌1동주민센터","5012","3056","1956","13","1252","1442","1027","802","476","5","391","945","826","556","333","8","861","497","201","246","143"
"2022","4","A","골목상권","2110614","목동로데오거리","596","292","304","0","69","85","114","216","112","0","42","44","58","103","45","0","27","41","56","113","67"
"2022","4","A","골목상권","2110662","까치산역 1번","1480","885","595","4","245","501","396","234","100","4","129","301","207","171","73","0","116","200","189","63","27"
"2022","4","A","골목상권","2110612","신정역 5번","644","303","341","1","85","88","143","197","130","0","44","62","74","70","53","1","41","26","69","127","77"
"2022","4","A","골목상권","2110625","신정2동주민센터","726","454","272","2","98","196","215","155","60","0","51","124","146","94","39","2","47","72","69","61","21"
"2022","4","R","전통시장","2130200","신월7동 골목시장(약수시장, 우성상가)","27","18","9","0","0","3","9","6","9","0","0","0","7","4","7","0","0","3","2","2","2"
"2022","4","A","골목상권","2110199","홍릉시장","65","41","24","0","11","15","18","14","7","0","8","8","10","9","6","0","3","7","8","5","1"
"2022","4","A","골목상권","2110212","답십리초등학교","204","144","60","0","26","37","42","67","32","0","18","26","27","50","23","0","8","11","15","17","9"
"2022","4","A","골목상권","2110994","개포고등학교","494","382","112","7","65","161","123","110","28","4","47","134","103","73","21","3","18","27","20","37","7"
"2022","4","A","골목상권","2110613","신정네거리역 4번","80","20","60","0","8","25","24","19","4","0","2","6","7","4","1","0","6","19","17","15","3"
"2022","4","R","전통시장","2130202","신영시장","40","13","27","0","3","4","13","16","4","0","2","0","3","6","2","0","1","4","10","10","2"
"2022","4","A","골목상권","2110595","메디힐병원","731","459","272","0","80","148","163","185","155","0","34","85","86","136","118","0","46","63","77","49","37"
"2022","4","R","전통시장","2130208","목동깨비시장(목3동시장)","148","67","81","0","13","20","55","37","23","0","7","6","18","19","17","0","6","14","37","18","6"
"2022","4","A","골목상권","2110444","수색성당","170","73","97","0","13","53","46","45","13","0","5","27","13","17","11","0","8","26","33","28","2"
"2022","4","A","골목상권","2110445","덕산중학교","61","45","16","0","18","14","15","6","8","0","10","9","12","6","8","0","8","5","3","0","0"
"2022","4","D","발달상권","2120112","등촌역","1633","1138","495","10","223","388","373","358","281","6","100","270","265","265","232","4","123","118","108","93","49"
"2022","4","A","골목상권","2110498","증산역 1번","222","102","120","0","15","32","75","68","32","0","7","9","31","32","23","0","8","23","44","36","9"
"2022","4","A","골목상권","2110626","양화초등학교","652","271","381","1","127","138","149","147","90","0","37","57","76","63","38","1","90","81","73","84","52"
"2022","4","A","골목상권","2110469","응암정보도서관","340","184","156","1","38","58","102","103","38","0","11","29","59","56","29","1","27","29","43","47","9"
"2022","4","A","골목상권","2111035","오금공원(오주중학교)","531","398","133","0","41","90","148","148","104","0","32","66","121","102","77","0","9","24","27","46","27"
"2022","4","A","골목상권","2110586","서울서부지방법원","1461","863","598","2","376","402","333","188","160","1","231","267","164","98","102","1","145","135","169","90","58"
"2022","4","A","골목상권","2110133","서울교통공사","122","93","29","0","19","25","33","21","24","0","12","18","29","17","17","0","7","7","4","4","7"
"2022","4","A","골목상권","2110387","쌍문초등학교","335","185","150","0","38","53","98","88","58","0","13","29","51","47","45","0","25","24","47","41","13"
"2022","4","A","골목상권","2110781","대림한신아파트","182","112","70","0","23","29","51","38","41","0","8","16","34","23","31","0","15","13","17","15","10"
"2022","4","A","골목상권","2110881","구립대학경로당(관악산샘말공원)","1601","1304","297","1","317","452","460","271","100","1","225","376","399","232","71","0","92","76","61","39","29"
"2022","4","D","발달상권","2120094","신촌역(신촌역, 신촌로터리)","5355","2430","2925","67","2390","1192","681","594","431","23","999","589","299","279","241","44","1391","603","382","315","190"
"2022","4","A","골목상권","2110053","청구역 1번","281","166","115","0","52","69","69","54","37","0","23","45","43","27","28","0","29","24","26","27","9"
"2022","4","A","골목상권","2111026","문정역 2번","2304","1506","798","7","431","634","546","428","258","3","236","427","385","239","216","4","195","207","161","189","42"
"2022","4","D","발달상권","2120169","서초역","15771","7185","8586","70","3824","4195","3945","2657","1080","30","1313","1990","1801","1235","816","40","2511","2205","2144","1422","264"
"2022","4","A","골목상권","2110624","목동문화체육센터","382","234","148","0","93","118","75","65","31","0","40","79","46","50","19","0","53","39","29","15","12"
"2022","4","R","전통시장","2130299","엔터식스 강남점","1850","1551","299","18","189","270","602","601","170","5","97","197","542","558","152","13","92","73","60","43","18"
"2022","4","A","골목상권","2110439","당고개역 5번","63","21","42","0","3","7","6","19","28","0","0","4","2","7","8","0","3","3","4","12","20"
"2022","4","R","전통시장","2130166","응암시장(신응암시장)","17","10","7","0","0","3","2","5","7","0","0","0","1","3","6","0","0","3","1","2","1"
"2022","4","R","전통시장","2130307","도곡시장","57","25","32","0","3","7","15","13","19","0","1","4","4","6","10","0","2","3","11","7","9"
"2022","4","A","골목상권","2110417","월계역 3번","26","14","12","0","11","9","2","4","0","0","4","6","2","2","0","0","7","3","0","2","0"
"2022","4","A","골목상권","2110193","고려대역 4번","48","37","11","0","5","11","11","10","11","0","3","5","10","10","9","0","2","6","1","0","2"
"2022","4","R","전통시장","2130093","동서시장","5","3","2","0","0","0","1","2","2","0","0","0","1","0","2","0","0","0","0","2","0"
"2022","4","R","전통시장","2130090","청량리종합시장","19","13","6","0","1","4","3","5","6","0","1","2","3","3","4","0","0","2","0","2","2"
"2022","4","A","골목상권","2110441","영신여고","172","78","94","0","19","38","41","45","29","0","7","20","16","23","12","0","12","18","25","22","17"
"2022","4","A","골목상권","2110222","회기역 2번","20","17","3","0","0","3","2","6","9","0","0","2","2","4","9","0","0","1","0","2","0"
"2022","4","A","골목상권","2110406","도봉산역 1번","659","595","64","0","13","37","147","294","168","0","6","25","133","278","153","0","7","12","14","16","15"
"2022","4","R","전통시장","2130187","영진시장","29","14","15","0","4","5","11","7","2","0","2","2","6","2","2","0","2","3","5","5","0"
"2022","4","A","골목상권","2110198","동대문중앙새마을금고본점","67","26","41","0","1","0","18","37","11","0","0","0","8","10","8","0","1","0","10","27","3"
"2022","4","R","전통시장","2130207","신정1동 골목시장(신정제일시장)","38","21","17","0","8","9","10","7","4","0","3","5","6","4","3","0","5","4","4","3","1"
"2022","4","A","골목상권","2110414","장석교회","61","47","14","0","5","13","15","20","8","0","3","11","11","17","5","0","2","2","4","3","3"
"2022","4","A","골목상권","2110996","대치2동주민센터","1959","1227","732","2","83","278","351","342","903","0","48","209","277","247","446","2","35","69","74","95","457"
"2022","4","A","골목상권","2110984","포이초등학교(개포목련어린이공원)","1556","1046","510","2","236","342","331","306","339","0","140","241","211","199","255","2","96","101","120","107","84"
"2022","4","A","골목상권","2110857","미성동주민센터","431","229","202","9","60","64","70","108","120","9","34","48","41","46","51","0","26","16","29","62","69"
"2022","4","A","골목상권","2110858","신대방역 1번","66","33","33","0","5","9","17","7","28","0","0","1","6","2","24","0","5","8","11","5","4"
"2022","4","A","골목상권","2110880","신림역 1번","995","275","720","0","379","296","157","128","35","0","78","87","66","33","11","0","301","209","91","95","24"
"2022","4","A","골목상권","2110788","영등포시장역 3번","28","22","6","0","4","5","7","9","3","0","3","5","6","6","2","0","1","0","1","3","1"
"2022","4","A","골목상권","2110796","한림대학교한강성심병원","87","52","35","1","7","19","26","19","15","0","4","11","17","9","11","1","3","8","9","10","4"
"2022","4","D","발달상권","2120142","대림역","1559","847","712","2","235","282","348","386","306","0","69","145","190","230","213","2","166","137","158","156","93"
"2022","4","A","골목상권","2110771","대림역 11번","955","604","351","0","22","38","128","210","557","0","21","30","73","131","349","0","1","8","55","79","208"
"2022","4","A","골목상권","2110813","보라매역 6번","286","167","119","3","22","37","50","74","100","3","15","21","24","39","65","0","7","16","26","35","35"
"2022","4","R","전통시장","2130256","신동시장","2","2","0","0","0","0","0","1","1","0","0","0","0","1","1","0","0","0","0","0","0"
"2022","4","R","전통시장","2130247","우리시장","21","16","5","0","3","4","6","3","5","0","1","3","5","3","4","0","2","1","1","0","1"
"2022","4","A","골목상권","2110815","공군호텔","2240","785","1455","4","425","514","476","507","314","0","88","195","167","170","165","4","337","319","309","337","149"
"2022","4","A","골목상권","2110764","문래역 3번","541","223","318","0","93","127","159","102","60","0","27","39","54","54","49","0","66","88","105","48","11"
"2022","4","R","전통시장","2130192","동진시장","10","6","4","0","1","1","4","3","1","0","1","1","1","2","1","0","0","0","3","1","0"
"2022","4","A","골목상권","2110553","가좌역 2번","257","150","107","0","23","42","73","79","40","0","14","23","39","41","33","0","9","19","34","38","7"
"2022","4","R","전통시장","2130189","서교시장","24","10","14","0","2","1","7","6","8","0","0","1","2","3","4","0","2","0","5","3","4"
"2022","4","A","골목상권","2110564","홍대입구역 3번","471","211","260","0","54","125","161","78","53","0","19","47","103","22","20","0","35","78","58","56","33"
"2022","4","A","골목상권","2110873","당곡중학교","343","166","177","0","68","79","86","74","36","0","29","39","39","36","23","0","39","40","47","38","13"
"2022","4","A","골목상권","2110809","장훈고등학교","112","61","51","0","7","15","30","23","37","0","3","5","11","17","25","0","4","10","19","6","12"
"2022","4","A","골목상권","2110572","서강대역 1번","470","254","216","1","63","130","117","116","43","1","32","67","58","66","30","0","31","63","59","50","13"
"2022","4","A","골목상권","2110560","마포FM","292","140","152","0","26","64","87","77","38","0","10","26","40","36","28","0","16","38","47","41","10"
"2022","4","D","발달상권","2120136","영등포구청역","6617","3299","3318","20","1193","1504","1423","1444","1033","12","575","848","775","592","497","8","618","656","648","852","536"
"2022","4","D","발달상권","2120097","충정로역","2246","1354","892","0","321","658","631","407","229","0","172","390","397","254","141","0","149","268","234","153","88"
"2022","4","A","골목상권","2110538","충정로역 3번","284","178","106","0","12","42","56","66","108","0","5","27","35","42","69","0","7","15","21","24","39"
"2022","4","A","골목상권","2110528","서울여자간호대학교","309","149","160","0","11","22","32","69","175","0","10","12","16","22","89","0","1","10","16","47","86"
"2022","4","A","골목상권","2110401","도봉구민회관","243","65","178","0","29","32","38","87","57","0","4","14","14","22","11","0","25","18","24","65","46"
"2022","4","A","골목상권","2110587","공덕동주민센터","238","121","117","1","36","43","69","53","36","1","15","25","41","23","16","0","21","18","28","30","20"
"2022","4","A","골목상권","2110363","송천동주민센터","19","12","7","0","0","4","3","7","5","0","0","3","1","4","4","0","0","1","2","3","1"
"2022","4","R","전통시장","2130128","돌곶이시장(석관황금시장)","191","157","34","0","30","36","41","72","12","0","28","26","29","62","12","0","2","10","12","10","0"
"2022","4","A","골목상권","2110335","석계역 7번","249","172","77","1","19","32","66","64","67","0","13","18","34","45","62","1","6","14","32","19","5"
"2022","4","D","발달상권","2120076","수유역","1930","865","1065","7","241","303","422","465","492","4","62","102","176","240","281","3","179","201","246","225","211"
"2022","4","D","발달상권","2120071","성북구청","255","127","128","0","36","55","64","62","38","0","14","22","38","31","22","0","22","33","26","31","16"
"2022","4","A","골목상권","2110324","월곡역 4번","99","55","44","0","31","21","19","18","10","0","9","10","13","14","9","0","22","11","6","4","1"
"2022","4","A","골목상권","2110318","KT월곡지사","148","78","70","0","21","29","45","36","17","0","10","19","22","14","13","0","11","10","23","22","4"
"2022","4","A","골목상권","2110375","서울북부고용노동지청","178","99","79","1","23","32","47","52","23","0","18","26","25","19","11","1","5","6","22","33","12"
"2022","4","A","골목상권","2110292","정릉역 2번","43","17","26","0","2","7","21","7","6","0","1","5","6","3","2","0","1","2","15","4","4"
"2022","4","A","골목상권","2110289","북한산보국문역 2번","144","105","39","0","9","28","49","32","26","0","6","23","30","24","22","0","3","5","19","8","4"
"2022","4","A","골목상권","2110357","가오리역 1번","725","611","114","0","25","36","171","340","153","0","4","18","146","310","133","0","21","18","25","30","20"
"2022","4","D","발달상권","2120217","대치사거리","2779","1478","1301","11","552","771","700","452","293","10","220","379","381","264","224","1","332","392","319","188","69"
"2022","4","A","골목상권","2110299","정릉역 1번","372","241","131","1","33","49","83","95","111","0","9","12","40","74","106","1","24","37","43","21","5"
"2022","4","R","전통시장","2130109","묵1동도깨비시장","47","33","14","0","2","9","16","9","11","0","1","5","13","5","9","0","1","4","3","4","2"
"2022","4","A","골목상권","2110281","길상사","13811","12087","1724","12","1418","3093","4057","4963","268","1","960","2426","3678","4822","200","11","458","667","379","141","68"
"2022","4","A","골목상권","2110272","신내1동주민센터","471","318","153","0","45","69","93","149","115","0","15","35","60","103","105","0","30","34","33","46","10"
"2022","4","A","골목상권","2110155","광진구청","8356","7701","655","0","240","853","2408","4046","809","0","172","765","2256","3748","760","0","68","88","152","298","49"
"2022","4","D","발달상권","2120060","강변역(테크노마트)","3189","2348","841","12","402","686","870","703","516","2","209","509","686","549","393","10","193","177","184","154","123"
"2022","4","D","발달상권","2120056","구의역","2200","1115","1085","7","350","431","596","491","325","6","119","173","290","313","214","1","231","258","306","178","111"
"2022","4","A","골목상권","2110101","옥정중학교","218","121","97","0","55","51","65","31","16","0","24","34","43","13","7","0","31","17","22","18","9"
"2022","4","D","발달상권","2120010","원남동사거리","4107","2297","1810","50","1544","1305","655","383","170","2","585","793","487","297","133","48","959","512","168","86","37"
"2022","4","D","발달상권","2120054","어린이대공원역","1243","826","417","0","90","153","311","440","249","0","25","88","205","321","187","0","65","65","106","119","62"
"2022","4","A","골목상권","2110087","이태원엔틱가구거리","463","213","250","0","185","174","58","31","15","0","54","89","43","17","10","0","131","85","15","14","5"
"2022","4","A","골목상권","2110591","충정로역 6번","627","422","205","0","99","158","178","126","66","0","55","103","135","92","37","0","44","55","43","34","29"
"2022","4","D","발달상권","2120018","중림동","2187","1366","821","2","393","736","598","293","165","2","207","425","357","237","138","0","186","311","241","56","27"
"2022","4","D","발달상권","2120051","뚝섬역","3944","2582","1362","20","703","946","867","651","757","15","446","646","549","445","481","5","257","300","318","206","276"
"2022","4","R","전통시장","2130070","뚝섬역상점가","1016","697","319","6","178","259","217","222","134","4","105","179","143","157","109","2","73","80","74","65","25"
"2022","4","D","발달상권","2120034","중구청(퇴계로4가)","1538","1044","494","7","107","227","400","437","360","5","47","128","262","325","277","2","60","99","138","112","83"
"2022","4","A","골목상권","2110045","동대문역사문화공원역 5번","234","174","60","0","24","54","64","55","37","0","11","38","46","47","32","0","13","16","18","8","5"
"2022","4","D","발달상권","2120058","구의사거리","688","333","355","2","92","158","174","181","81","1","33","79","80","77","63","1","59","79","94","104","18"
"2022","4","A","골목상권","2110166","구의1동주민센터","552","292","260","1","70","121","177","115","68","1","20","59","99","60","53","0","50","62","78","55","15"
"2022","4","R","전통시장","2130059","후암시장","64","40","24","0","6","12","16","11","19","0","4","5","10","7","14","0","2","7","6","4","5"
"2022","4","D","발달상권","2120022","북창동(시청역_6번)","5197","3160","2037","24","1010","1611","1149","767","636","2","391","936","852","543","436","22","619","675","297","224","200"
"2022","4","A","골목상권","2110134","성수119안전센터","771","587","184","4","65","108","185","252","157","4","38","78","143","200","124","0","27","30","42","52","33"
"2022","4","A","골목상권","2110118","왕십리역 9번","697","487","210","1","90","182","204","129","91","0","62","110","144","93","78","1","28","72","60","36","13"
"2022","4","A","골목상권","2110125","사근동살곶이상점가","135","83","52","2","25","39","35","21","13","2","13","21","24","13","10","0","12","18","11","8","3"
"2022","4","R","전통시장","2130068","마장축산물시장","975","630","345","1","102","202","250","248","172","1","68","127","155","165","114","0","34","75","95","83","58"
"2022","4","A","골목상권","2110432","대진고등학교","894","734","160","0","55","146","248","343","102","0","27","96","214","311","86","0","28","50","34","32","16"
"2022","4","A","골목상권","2110097","한남초등학교","3116","1920","1196","1","597","1644","757","90","27","0","278","975","575","71","21","1","319","669","182","19","6"
"2022","4","D","발달상권","2120106","마포역","11462","7104","4358","12","1804","2735","2677","2306","1928","8","917","1662","1889","1435","1193","4","887","1073","788","871","735"
"2022","4","D","발달상권","2120210","선릉역","48780","26797","21983","117","11358","13636","11065","7952","4652","54","5356","8026","6479","4158","2724","63","6002","5610","4586","3794","1928"
"2022","4","A","골목상권","2110884","봉천역 4번(봉천110안전센터)","372","284","88","1","17","30","61","98","165","0","1","8","49","84","142","1","16","22","12","14","23"
"2022","4","D","발달상권","2120104","연남동(홍대)","5955","3176","2779","20","1117","1491","1289","1103","935","12","428","824","772","620","520","8","689","667","517","483","415"
"2022","4","A","골목상권","2110220","외대앞역 1번","190","109","81","0","28","36","54","46","26","0","7","17","33","34","18","0","21","19","21","12","8"
"2022","4","A","골목상권","2110111","대현산장미원","51","40","11","0","6","7","6","17","15","0","6","4","4","13","13","0","0","3","2","4","2"
"2022","4","A","골목상권","2110513","연희파출소","457","241","216","0","51","87","110","130","79","0","17","46","58","69","51","0","34","41","52","61","28"
"2022","4","D","발달상권","2120044","삼각지역","1611","1164","447","5","313","408","385","330","170","5","185","303","315","234","122","0","128","105","70","96","48"
"2022","4","D","발달상권","2120040","용산전자상가(용산역)","8014","5960","2054","43","1390","2727","2224","1236","394","30","882","2007","1729","997","315","13","508","720","495","239","79"
"2022","4","D","발달상권","2120041","신용산역(용산역)","16270","5741","10529","72","4012","5520","4509","1569","588","25","1308","1921","1510","595","382","47","2704","3599","2999","974","206"
"2022","4","A","골목상권","2110066","서울역 15번","748","467","281","6","152","227","156","125","82","3","81","151","104","66","62","3","71","76","52","59","20"
"2022","4","R","전통시장","2130101","답십리현대시장","8","5","3","0","0","1","3","2","2","0","0","1","1","2","1","0","0","0","2","0","1"
"2022","4","A","골목상권","2110254","오거리공원","257","89","168","1","19","75","79","51","32","0","6","15","35","21","12","1","13","60","44","30","20"
"2022","4","A","골목상권","2110090","한국폴리텍대학서울정수캠퍼스","3968","2447","1521","1","446","1358","1632","500","31","1","173","548","1231","467","27","0","273","810","401","33","4"
"2022","4","A","골목상권","2110054","청구역 3번","1537","849","688","3","259","378","315","336","246","1","90","204","220","211","123","2","169","174","95","125","123"
"2022","4","A","골목상권","2110137","성수초등학교","6605","4295","2310","31","1016","1740","1836","1344","638","22","557","1152","1250","828","486","9","459","588","586","516","152"
"2022","4","A","골목상권","2111062","둔촌동역 3번(성내3동주민센터)","751","501","250","5","134","198","194","144","76","5","81","139","126","91","59","0","53","59","68","53","17"
"2022","4","A","골목상권","2111056","천호태영아파트","191","53","138","0","27","35","64","36","29","0","4","5","19","15","10","0","23","30","45","21","19"
"2022","4","D","발달상권","2120002","서촌(경복궁역)","2008","1079","929","37","492","680","426","224","149","0","190","388","263","133","105","37","302","292","163","91","44"
"2022","4","A","골목상권","2111052","암사역 3번(천호동자전거거리)","357","228","129","1","26","71","117","94","48","1","11","47","76","58","35","0","15","24","41","36","13"
"2022","4","A","골목상권","2111022","석촌중학교(방이육교)","567","255","312","1","48","105","141","206","66","0","28","66","72","57","32","1","20","39","69","149","34"
"2022","4","A","골목상권","2110013","체부동홍종문가옥","119","70","49","0","5","26","31","25","32","0","2","11","18","13","26","0","3","15","13","12","6"
"2022","4","A","골목상권","2110405","방학역 1번","1123","365","758","3","130","176","308","427","79","3","67","109","82","70","34","0","63","67","226","357","45"
"2022","4","A","골목상권","2111047","마천1치안센터","111","73","38","0","9","17","34","34","17","0","6","14","19","22","12","0","3","3","15","12","5"
"2022","4","D","발달상권","2120247","굽은다리역","565","307","258","4","91","118","142","102","108","1","37","76","71","55","67","3","54","42","71","47","41"
"2022","4","A","골목상권","2110398","쌍문2동우체국","474","326","148","0","30","65","96","153","130","0","11","27","50","124","114","0","19","38","46","29","16"
"2022","4","A","골목상권","2111088","고덕동성당","123","54","69","0","15","32","32","31","13","0","4","15","10","15","10","0","11","17","22","16","3"
"2022","4","A","골목상권","2111023","문정역 1번","939","576","363","2","133","202","263","204","135","0","86","139","184","100","67","2","47","63","79","104","68"
"2022","4","D","발달상권","2120229","방이동먹자골목","7319","4732","2587","12","1062","2182","1915","1302","846","5","588","1347","1338","913","541","7","474","835","577","389","305"
"2022","4","A","골목상권","2110385","효문고등학교","37","22","15","0","3","9","12","4","9","0","2","5","3","4","8","0","1","4","9","0","1"
"2022","4","A","골목상권","2110391","샘말어린이공원","373","154","219","0","29","54","74","53","163","0","14","28","40","26","46","0","15","26","34","27","117"
"2022","4","A","골목상권","2111085","묘곡초등학교(고덕아이파크아파트)","800","452","348","0","68","111","152","196","273","0","35","72","80","84","181","0","33","39","72","112","92"
"2022","4","D","발달상권","2120249","고덕역","1359","916","443","3","172","305","337","317","225","1","75","198","249","221","172","2","97","107","88","96","53"
"2022","4","A","골목상권","2110400","도봉구보건소","191","111","80","0","20","35","53","51","32","0","9","22","32","26","22","0","11","13","21","25","10"
"2022","4","R","전통시장","2130015","창신골목시장","22","12","10","0","0","2","8","9","3","0","0","2","6","2","2","0","0","0","2","7","1"
"2022","4","A","골목상권","2110024","혜회동주민센터","928","263","665","0","135","264","294","184","51","0","17","64","90","55","37","0","118","200","204","129","14"
"2022","4","D","발달상권","2120086","태릉입구역","382","205","177","0","42","78","82","102","78","0","24","43","35","49","54","0","18","35","47","53","24"
"2022","4","D","발달상권","2120066","장한평역(장한평)","7424","4770","2654","43","1531","1839","1491","1235","1285","10","739","1202","991","818","1010","33","792","637","500","417","275"
"2022","4","A","골목상권","2110029","동대문역 1번","235","61","174","0","11","31","57","79","57","0","1","7","19","20","14","0","10","24","38","59","43"
"2022","4","A","골목상권","2110020","서울국제고등학교","639","315","324","1","145","288","122","57","26","1","44","146","75","32","17","0","101","142","47","25","9"
"2022","4","A","골목상권","2110992","도곡초등학교","2179","1144","1035","3","269","440","484","524","459","1","108","253","258","260","264","2","161","187","226","264","195"
"2022","4","D","발달상권","2120214","영동대교남단교차로","3990","2902","1088","7","489","1173","1108","931","282","3","271","811","866","755","196","4","218","362","242","176","86"
"2022","4","R","전통시장","2130304","신사상가","138","79","59","1","12","22","32","42","29","0","3","8","11","32","25","1","9","14","21","10","4"
"2022","4","D","발달상권","2120226","석촌고분역","2408","1777","631","8","277","341","447","352","983","7","130","207","264","234","935","1","147","134","183","118","48"
"2022","4","A","골목상권","2111036","투구봉어린이공원","209","119","90","1","22","40","55","62","29","1","7","20","26","39","26","0","15","20","29","23","3"
"2022","4","A","골목상권","2110945","본마을노인복지센터(서초구립내곡도서관)","191","114","77","3","44","57","37","33","17","3","14","31","25","28","13","0","30","26","12","5","4"
"2022","4","R","전통시장","2130301","양재시장","35","22","13","0","2","10","9","7","7","0","1","7","6","3","5","0","1","3","3","4","2"
"2022","4","D","발달상권","2120222","삼성역","43324","24141","19183","244","8091","13641","10294","6385","4669","119","3186","7703","6883","3711","2539","125","4905","5938","3411","2674","2130"
"2022","4","A","골목상권","2110982","강남구보훈회관","166","74","92","0","31","34","41","41","19","0","7","13","25","14","15","0","24","21","16","27","4"
"2022","4","A","골목상권","2110819","신대방역 4번","510","262","248","0","64","99","128","93","126","0","15","37","58","62","90","0","49","62","70","31","36"
"2022","4","A","골목상권","2110839","숭실대입구역 4번","187","67","120","0","10","51","57","46","23","0","2","14","22","11","18","0","8","37","35","35","5"
"2022","4","R","전통시장","2130268","상도전통시장","239","104","135","0","33","60","53","58","35","0","12","23","23","24","22","0","21","37","30","34","13"
"2022","4","A","골목상권","2110832","노량진초등학교","377","171","206","0","38","51","93","141","54","0","14","22","57","55","23","0","24","29","36","86","31"
"2022","4","A","골목상권","2110734","금천파출소","92","47","45","0","7","11","21","29","24","0","3","5","14","13","12","0","4","6","7","16","12"
"2022","4","A","골목상권","2110745","독산동정훈단지","251","191","60","0","11","20","33","86","101","0","3","12","22","64","90","0","8","8","11","22","11"
"2022","4","A","골목상권","2110741","독산2동주민센터","444","159","285","0","69","117","96","108","54","0","43","35","26","33","22","0","26","82","70","75","32"
"2022","4","A","골목상권","2110733","금천어울림복지센터","374","293","81","3","34","89","74","90","84","3","22","67","59","66","76","0","12","22","15","24","8"
"2022","4","A","골목상권","2110691","개봉중학교","395","205","190","0","37","65","119","115","59","0","20","38","49","52","46","0","17","27","70","63","13"
"2022","4","A","골목상권","2110828","노량진역 6번","3010","2066","944","9","471","1047","854","467","162","3","252","711","639","357","104","6","219","336","215","110","58"
"2022","4","A","골목상권","2110685","금강수목원아파트","181","143","38","0","13","32","53","57","26","0","10","25","38","47","23","0","3","7","15","10","3"
"2022","4","R","전통시장","2130231","독산동 우시장","611","476","135","2","31","74","126","196","182","0","16","55","97","145","163","2","15","19","29","51","19"
"2022","4","D","발달상권","2120126","디지털단지오거리","135","86","49","0","11","30","48","26","20","0","2","16","38","15","15","0","9","14","10","11","5"
"2022","4","A","골목상권","2110701","고척동성당","567","379","188","2","126","185","125","92","37","0","81","133","82","54","29","2","45","52","43","38","8"
"2022","4","A","골목상권","2110713","구로보건소","2668","1817","851","5","474","650","706","533","300","3","323","472","514","332","173","2","151","178","192","201","127"
"2022","4","A","골목상권","2110714","구로4동주민센터","271","156","115","0","34","44","57","79","57","0","8","19","32","53","44","0","26","25","25","26","13"
"2022","4","A","골목상권","2110722","G타워","1221","876","345","5","246","423","354","139","54","5","163","311","281","79","37","0","83","112","73","60","17"
"2022","4","A","골목상권","2110747","석수역 1번 출입구","823","612","211","0","46","84","169","227","297","0","27","52","102","165","266","0","19","32","67","62","31"
"2022","4","D","발달상권","2120028","명동(명동거리)","12797","7708","5089","41","2137","3592","3670","2246","1111","16","1028","1982","2334","1641","707","25","1109","1610","1336","605","404"
"2022","4","A","골목상권","2110697","개봉3동주민센터","244","152","92","1","55","64","52","43","29","1","27","41","33","30","20","0","28","23","19","13","9"
"2022","4","A","골목상권","2110712","남구로역 5번","233","108","125","1","32","36","66","64","34","0","10","17","24","32","25","1","22","19","42","32","9"
"2022","4","A","골목상권","2110665","곰달래도서관","469","285","184","0","36","92","123","138","80","0","25","60","79","74","47","0","11","32","44","64","33"
"2022","4","A","골목상권","2110678","염창무학아파트","242","188","54","1","30","57","84","47","23","1","15","49","67","39","17","0","15","8","17","8","6"
"2022","4","A","골목상권","2110009","자하문터널","950","463","487","0","211","332","229","125","53","0","92","164","106","65","36","0","119","168","123","60","17"
"2022","4","A","골목상권","2110717","남구로역 2번","570","271","299","0","108","155","142","104","61","0","49","84","75","34","29","0","59","71","67","70","32"
"2022","4","R","전통시장","2130212","공항시장","8","6","2","0","1","0","3","2","2","0","1","0","3","0","2","0","0","0","0","2","0"
"2022","4","R","전통시장","2130211","신정2동 골목시장(오목교중앙시장)","51","18","33","0","3","10","18","17","3","0","1","3","8","4","2","0","2","7","10","13","1"
"2022","4","R","전통시장","2130205","신곡종합시장(신월6동 골목시장)","141","103","38","1","17","36","39","32","16","0","10","27","33","18","15","1","7","9","6","14","1"
"2022","4","A","골목상권","2110607","금빛새마을금고본점","53","31","22","0","2","10","11","19","11","0","1","4","5","12","9","0","1","6","6","7","2"
"2022","4","A","골목상권","2110622","달마을공원","458","261","197","0","58","90","102","138","70","0","26","47","63","65","60","0","32","43","39","73","10"
"2022","4","A","골목상권","2110628","신목동역","496","319","177","0","58","88","124","120","106","0","30","58","82","89","60","0","28","30","42","31","46"
"2022","4","A","골목상권","2110499","연가초등학교","282","123","159","0","44","47","83","67","41","0","8","22","32","35","26","0","36","25","51","32","15"
"2022","4","A","골목상권","2110479","연신내역 2번","304","177","127","1","50","83","64","66","40","0","28","71","33","32","13","1","22","12","31","34","27"
"2022","4","A","골목상권","2110638","신방화역 2번","372","202","170","3","53","75","88","87","66","3","22","40","44","43","50","0","31","35","44","44","16"
"2022","4","A","골목상권","2110459","응암역 2번","547","198","349","1","50","105","159","154","78","0","9","38","77","41","33","1","41","67","82","113","45"
"2022","4","A","골목상권","2110452","새절역 3번","420","347","73","1","17","47","78","132","145","1","11","29","58","113","135","0","6","18","20","19","10"
"2022","4","D","발달상권","2120091","본서부병원","516","192","324","1","51","69","119","165","111","0","20","28","51","55","38","1","31","41","68","110","73"
"2022","4","R","전통시장","2130209","목사랑시장(목4동시장)","111","61","50","0","7","15","23","42","24","0","2","13","10","20","16","0","5","2","13","22","8"
"2022","4","A","골목상권","2110458","선일여고","404","211","193","1","34","87","96","122","64","0","19","52","49","54","37","1","15","35","47","68","27"
"2022","4","A","골목상권","2110491","불광중학교","195","90","105","0","13","35","71","56","20","0","8","20","32","18","12","0","5","15","39","38","8"
"2022","4","A","골목상권","2110227","답십리공원","216","82","134","0","13","28","73","82","20","0","10","14","25","21","12","0","3","14","48","61","8"
"2022","4","A","골목상권","2110486","은평구청","629","292","337","0","86","110","146","178","109","0","55","72","56","64","45","0","31","38","90","114","64"
"2022","4","D","발달상권","2120087","응암역","441","272","169","0","45","84","114","106","92","0","17","50","78","60","67","0","28","34","36","46","25"
"2022","4","D","발달상권","2120045","남영동 먹자골목","4044","1580","2464","7","424","908","1421","1162","122","1","257","576","502","205","39","6","167","332","919","957","83"
"2022","4","D","발달상권","2120141","영등포청과시장교차로","601","418","183","2","71","137","188","115","88","1","36","85","133","86","77","1","35","52","55","29","11"
"2022","4","R","전통시장","2130159","공릉동 도깨비시장","101","47","54","0","12","22","24","26","17","0","4","8","9","15","11","0","8","14","15","11","6"
"2022","4","A","골목상권","2110226","장안1동주민센터","1882","1005","877","2","147","247","333","512","641","2","87","148","213","253","302","0","60","99","120","259","339"
"2022","4","D","발달상권","2120103","홍대입구역(홍대)","9580","5991","3589","87","2167","2434","2066","1613","1213","61","1145","1486","1404","988","907","26","1022","948","662","625","306"
"2022","4","A","골목상권","2110274","서일대학교","552","385","167","0","49","66","143","153","141","0","10","43","97","121","114","0","39","23","46","32","27"
"2022","4","A","골목상권","2110998","은곡마을(은곡마을공원)","23","15","8","0","2","8","6","5","2","0","0","4","5","5","1","0","2","4","1","0","1"
"2022","4","A","골목상권","2111002","한국교통안전공단 강남자동차검사소","317","115","202","0","22","63","65","96","71","0","7","31","21","26","30","0","15","32","44","70","41"
"2022","4","A","골목상권","2110687","천왕역 3번(오류2동주민센터, 서울오류남초등학교)","21","16","5","0","2","3","5","6","5","0","1","3","4","4","4","0","1","0","1","2","1"
"2022","4","A","골목상권","2111011","잠실나루역","9608","7747","1861","42","1275","3018","2795","2046","432","18","924","2492","2309","1674","330","24","351","526","486","372","102"
"2022","4","R","전통시장","2130184","마포농수산물시장","77","40","37","0","2","12","24","26","13","0","1","8","12","14","5","0","1","4","12","12","8"
"2022","4","D","발달상권","2120098","DMC(디지털미디어시티)","8846","5391","3455","19","1691","3228","2856","875","177","11","813","1995","1821","616","135","8","878","1233","1035","259","42"
"2022","4","R","전통시장","2130155","시영B상가(중계 그린아파트 B 상가)","12","8","4","0","1","5","3","3","0","0","0","5","2","1","0","0","1","0","1","2","0"
"2022","4","A","골목상권","2110426","상계2동주민센터","337","169","168","0","32","57","83","96","69","0","15","30","39","45","40","0","17","27","44","51","29"
"2022","4","R","전통시장","2130094","청량리청과물시장","54","24","30","0","7","13","17","7","10","0","0","4","10","2","8","0","7","9","7","5","2"
"2022","4","A","골목상권","2110186","종암초등학교","94","71","23","0","5","13","15","30","31","0","1","12","9","23","26","0","4","1","6","7","5"
"2022","4","A","골목상권","2110216","전농중학교","208","68","140","1","32","48","62","50","15","1","11","14","18","18","6","0","21","34","44","32","9"
"2022","4","A","골목상권","2110430","중계초등학교","307","114","193","0","20","36","65","106","80","0","9","11","21","29","44","0","11","25","44","77","36"
"2022","4","A","골목상권","2110920","방배역 2번(백석예술대학교)","359","205","154","0","23","53","125","118","40","0","5","29","65","75","31","0","18","24","60","43","9"
"2022","4","A","골목상권","2110001","이북5도청사","1066","638","428","4","133","292","240","262","135","0","51","173","162","172","80","4","82","119","78","90","55"
"2022","4","A","골목상권","2110032","수족관거리","31","16","15","0","3","6","4","13","5","0","2","2","2","7","3","0","1","4","2","6","2"
"2022","4","D","발달상권","2120204","르네상스호텔사거리","41471","20644","20827","102","8167","11056","10671","10081","1394","54","5016","7567","4988","2062","957","48","3151","3489","5683","8019","437"
"2022","4","A","골목상권","2110484","역촌역 3번","500","203","297","6","62","136","132","103","61","5","34","48","43","35","38","1","28","88","89","68","23"
"2022","4","A","골목상권","2110425","계상초등학교","130","54","76","2","18","10","35","38","27","2","5","5","18","14","10","0","13","5","17","24","17"
"2022","4","A","골목상권","2110991","삼성중앙역 5번","1246","794","452","1","111","415","339","275","105","1","28","243","229","216","77","0","83","172","110","59","28"
"2022","4","A","골목상권","2110981","국악고교사거리","361","216","145","2","57","77","110","81","34","0","27","36","72","56","25","2","30","41","38","25","9"
"2022","4","A","골목상권","2110197","세종대왕기념관교차로","67","46","21","0","8","19","26","9","5","0","4","15","19","7","1","0","4","4","7","2","4"
"2022","4","A","골목상권","2110867","국제신학대학원대학교(남서울중학교)","202","117","85","0","8","34","39","53","68","0","2","15","21","32","47","0","6","19","18","21","21"
"2022","4","R","전통시장","2130253","영신상가(제일상가)","9","7","2","0","2","3","0","2","2","0","2","3","0","1","1","0","0","0","0","1","1"
"2022","4","A","골목상권","2110783","영등포시장역 1번","292","154","138","1","26","37","35","67","126","1","19","27","16","33","58","0","7","10","19","34","68"
"2022","4","R","전통시장","2130244","대림중앙시장","95","39","56","3","14","16","21","15","26","2","9","8","10","4","6","1","5","8","11","11","20"
"2022","4","A","골목상권","2110789","대림성모병원","491","182","309","0","104","137","115","93","42","0","16","44","49","43","30","0","88","93","66","50","12"
"2022","4","A","골목상권","2110804","신풍역 1번","312","187","125","0","15","37","62","63","135","0","4","15","29","35","104","0","11","22","33","28","31"
"2022","4","A","골목상권","2110812","신길6동주민센터","363","245","118","0","69","115","106","50","23","0","34","78","85","29","19","0","35","37","21","21","4"
"2022","4","A","골목상권","2110802","신길동홍어거리","336","159","177","1","59","113","86","61","16","0","18","45","44","40","12","1","41","68","42","21","4"
"2022","4","A","골목상권","2110773","당산역 13번","272","218","54","0","46","65","45","40","76","0","36","53","32","34","63","0","10","12","13","6","13"
"2022","4","A","골목상권","2110888","청룡동주민센터","94","53","41","0","5","9","11","22","47","0","3","2","4","6","38","0","2","7","7","16","9"
"2022","4","R","전통시장","2130288","신림현대종합상가","2","0","2","0","1","1","0","0","0","0","0","0","0","0","0","0","1","1","0","0","0"
"2022","4","R","전통시장","2130295","인헌시장(원당종합시장)","122","48","74","0","20","27","38","23","14","0","3","9","16","12","8","0","17","18","22","11","6"
"2022","4","A","골목상권","2110784","신대림초등학교","76","42","34","0","3","11","18","36","8","0","0","7","12","18","5","0","3","4","6","18","3"
"2022","4","R","전통시장","2130198","아현시장","203","45","158","1","51","84","52","10","5","0","8","5","26","4","2","1","43","79","26","6","3"
"2022","4","A","골목상권","2110556","절두산순교성지","176","112","64","3","17","42","58","39","17","3","8","27","39","24","11","0","9","15","19","15","6"
"2022","4","R","전통시장","2130011","충신시장","88","44","44","0","19","19","20","17","13","0","7","11","8","8","10","0","12","8","12","9","3"
"2022","4","A","골목상권","2110577","용강동주민센터","145","105","40","0","15","42","47","31","10","0","12","31","38","17","7","0","3","11","9","14","3"
"2022","4","D","발달상권","2120151","보라매공원","2417","1455","962","6","401","736","707","383","184","4","194","433","450","237","137","2","207","303","257","146","47"
"2022","4","A","골목상권","2110501","연희어린이공원","214","82","132","0","12","33","40","75","54","0","3","20","15","18","26","0","9","13","25","57","28"
"2022","4","D","발달상권","2120150","63빌딩","7632","4749","2883","29","989","1932","2741","1691","250","5","494","1296","1379","1422","153","24","495","636","1362","269","97"
"2022","4","A","골목상권","2110569","홍대땡땡거리","358","153","205","2","62","108","97","53","36","1","18","48","46","19","21","1","44","60","51","34","15"
"2022","4","A","골목상권","2110500","남가좌동현대아파트","74","54","20","0","12","13","23","22","4","0","8","9","17","17","3","0","4","4","6","5","1"
"2022","4","A","골목상권","2110763","영등포구청역 2번","480","353","127","2","84","147","107","84","56","0","53","100","79","72","49","2","31","47","28","12","7"
"2022","4","R","전통시장","2130242","대림중앙 골목형상점가","68","21","47","0","4","14","21","24","5","0","1","6","5","5","4","0","3","8","16","19","1"
"2022","4","A","골목상권","2110778","구로디지털단지역 4번","1615","878","737","0","248","461","489","233","184","0","122","282","196","145","133","0","126","179","293","88","51"
"2022","4","A","골목상권","2110522","홍제역 3번","8","3","5","0","3","0","1","1","3","0","0","0","0","1","2","0","3","0","1","0","1"
"2022","4","A","골목상권","2110536","돈의문센트레빌아파트입구","141","105","36","0","12","23","61","32","13","0","7","17","50","21","10","0","5","6","11","11","3"
"2022","4","A","골목상권","2110355","삼양사거리역 2번","306","254","52","0","8","26","44","103","125","0","1","10","31","94","118","0","7","16","13","9","7"
"2022","4","A","골목상권","2110526","봉원사","241","122","119","1","21","43","58","58","60","1","8","22","26","28","37","0","13","21","32","30","23"
"2022","4","A","골목상권","2110366","광산사거리","91","64","27","0","17","20","17","22","15","0","13","13","11","16","11","0","4","7","6","6","4"
"2022","4","R","전통시장","2130005","세운상가가동","137","96","41","0","7","34","35","22","39","0","5","23","28","8","32","0","2","11","7","14","7"
"2022","4","A","골목상권","2110371","삼양입구사거리","49","23","26","0","2","7","10","19","11","0","0","3","5","10","5","0","2","4","5","9","6"
"2022","4","A","골목상권","2110332","돌곶이역 3번","164","63","101","0","28","29","42","47","18","0","6","18","19","14","6","0","22","11","23","33","12"
"2022","4","A","골목상권","2110286","한성대입구역 5번","978","468","510","17","187","284","317","122","51","8","70","126","143","83","38","9","117","158","174","39","13"
"2022","4","A","골목상권","2110306","미아초등학교","291","194","97","2","13","46","66","71","93","0","3","25","39","45","82","2","10","21","27","26","11"
"2022","4","A","골목상권","2110760","선유도역 6번","1792","1091","701","8","273","444","499","376","192","6","170","256","275","219","165","2","103","188","224","157","27"
"2022","4","A","골목상권","2110340","인수중학교","176","99","77","0","24","55","50","29","18","0","8","43","31","7","10","0","16","12","19","22","8"
"2022","4","A","골목상권","2110305","보문역 5번","883","661","222","3","165","255","173","133","154","1","99","199","129","103","130","2","66","56","44","30","24"
"2022","4","A","골목상권","2110307","길음역 7번","158","71","87","0","29","32","52","27","18","0","7","17","23","12","12","0","22","15","29","15","6"
"2022","4","R","전통시장","2130107","중랑동부시장(중랑교종합상가)","13","3","10","0","0","1","4","5","3","0","0","0","0","1","2","0","0","1","4","4","1"
"2022","4","A","골목상권","2110252","장안제일시장","712","505","207","1","64","101","159","195","192","1","42","73","87","131","171","0","22","28","72","64","21"
"2022","4","A","골목상권","2110157","자양동우체국","1097","891","206","10","352","279","244","141","71","7","300","237","180","106","61","3","52","42","64","35","10"
"2022","4","A","골목상권","2110152","중곡어린이공원","338","300","38","0","17","29","64","119","109","0","10","21","55","109","105","0","7","8","9","10","4"
"2022","4","D","발달상권","2120069","상봉역","932","597","335","6","147","258","263","151","107","4","102","158","163","99","71","2","45","100","100","52","36"
"2022","4","A","골목상권","2110105","금동어린이공원","43","20","23","0","1","9","12","12","9","0","0","3","3","8","6","0","1","6","9","4","3"
"2022","4","A","골목상권","2110135","성동세무서","355","182","173","0","41","69","96","66","83","0","7","34","41","34","66","0","34","35","55","32","17"
"2022","4","A","골목상권","2110138","송정체육공원","160","79","81","0","15","27","53","41","24","0","4","12","21","23","19","0","11","15","32","18","5"
"2022","4","A","골목상권","2110103","옥수터널","13","11","2","1","0","2","2","6","2","0","0","2","2","5","2","1","0","0","0","1","0"
"2022","4","A","골목상권","2110179","광나루역 1번","911","620","291","0","142","209","188","233","139","0","82","160","157","154","67","0","60","49","31","79","72"
"2022","4","A","골목상권","2110588","한겨레신문사","169","92","77","0","34","44","41","33","17","0","14","22","20","21","15","0","20","22","21","12","2"
"2022","4","A","골목상권","2110119","마장지하차도","127","89","38","0","17","26","32","26","26","0","12","22","19","18","18","0","5","4","13","8","8"
"2022","4","A","골목상권","2110049","장충단 고개","2303","1240","1063","4","566","582","448","431","272","2","174","314","281","257","212","2","392","268","167","174","60"
"2022","4","A","골목상권","2110052","장충초등학교","484","281","203","0","43","100","132","130","79","0","16","63","75","82","45","0","27","37","57","48","34"
"2022","4","R","전통시장","2130035","방산종합시장(방산시장)","1190","736","454","1","96","200","284","312","297","0","56","117","154","191","218","1","40","83","130","121","79"
"2022","4","R","전통시장","2130043","제일평화시장","43","27","16","0","6","14","13","8","2","0","1","9","9","6","2","0","5","5","4","2","0"
"2022","4","R","전통시장","2130041","신평화패션타운(청계6가 지하도상가)","28","21","7","0","1","5","9","8","5","0","0","4","9","5","3","0","1","1","0","3","2"
"2022","4","A","골목상권","2110174","아차산역 1번","432","305","127","1","49","80","115","104","83","1","25","57","76","69","77","0","24","23","39","35","6"
"2022","4","A","골목상권","2110044","관성묘","405","300","105","0","50","135","145","51","24","0","24","90","125","44","17","0","26","45","20","7","7"
"2022","4","R","전통시장","2130022","숭례문수입상가(남대문시장)","1907","850","1057","0","330","855","598","113","11","0","55","378","338","70","9","0","275","477","260","43","2"
"2022","4","A","골목상권","2110139","자양4동주민센터","204","116","88","0","13","28","53","51","59","0","3","14","32","25","42","0","10","14","21","26","17"
"2022","4","R","전통시장","2130049","신당 미래유산 먹거리 골목형상점가","42","19","23","0","3","5","9","13","12","0","1","3","0","7","8","0","2","2","9","6","4"
"2022","4","R","전통시장","2130073","뚝도시장","45","17","28","1","3","10","9","11","11","0","0","2","4","5","6","1","3","8","5","6","5"
"2022","4","A","골목상권","2110140","건대입구역 6번","552","361","191","6","51","90","136","158","111","5","28","47","82","114","85","1","23","43","54","44","26"
"2022","4","A","골목상권","2110146","신자초등학교","735","531","204","0","50","79","208","276","122","0","25","44","156","209","97","0","25","35","52","67","25"
"2022","4","A","골목상권","2110409","창동역 2번","3957","2958","999","1","352","962","964","701","977","0","256","794","803","441","664","1","96","168","161","260","313"
"2022","4","D","발달상권","2120223","휘문고교사거리","9166","5574","3592","20","1785","2926","2736","1401","298","4","1102","2061","1597","609","201","16","683","865","1139","792","97"
"2022","4","A","골목상권","2110164","아차산역 5번","731","494","237","3","111","126","143","164","184","0","61","77","101","112","143","3","50","49","42","52","41"
"2022","4","D","발달상권","2120057","아차산역","2218","1220","998","52","412","432","503","468","351","19","236","257","289","206","213","33","176","175","214","262","138"
"2022","4","A","골목상권","2110237","메가박스 상봉","274","152","122","0","30","67","97","54","26","0","13","37","48","36","18","0","17","30","49","18","8"
"2022","4","A","골목상권","2110122","마장역 2번","464","271","193","1","60","88","117","113","85","1","32","59","68","61","50","0","28","29","49","52","35"
"2022","4","A","골목상권","2110762","선유도역 1번","3139","2286","853","6","392","669","739","809","524","4","217","459","529","629","448","2","175","210","210","180","76"
"2022","4","A","골목상권","2110345","솔밭공원역 2번","117","48","69","1","14","20","26","38","18","0","3","6","8","18","13","1","11","14","18","20","5"
"2022","4","A","골목상권","2110373","수유역 2번","891","705","186","0","129","255","172","236","99","0","90","208","134","205","68","0","39","47","38","31","31"
"2022","4","R","전통시장","2130120","돈암시장(돈암제일시장)","99","23","76","1","20","20","25","18","15","0","0","2","7","8","6","1","20","18","18","10","9"
"2022","4","A","골목상권","2110265","망우역 1번","198","91","107","1","23","43","54","57","20","0","7","18","21","32","13","1","16","25","33","25","7"
"2022","4","A","골목상권","2110156","군자역 5번","624","365","259","0","96","182","174","113","59","0","41","115","102","67","40","0","55","67","72","46","19"
"2022","4","D","발달상권","2120052","성수역","11387","7284","4103","23","2113","2900","2661","2238","1452","12","1170","1971","1783","1298","1050","11","943","929","878","940","402"
"2022","4","A","골목상권","2110056","신당역 3번","506","288","218","0","60","129","115","112","90","0","29","63","68","70","58","0","31","66","47","42","32"
"2022","4","A","골목상권","2111068","강동성심병원","1570","605","965","0","532","392","271","203","172","0","126","134","114","101","130","0","406","258","157","102","42"
"2022","4","A","골목상권","2111064","둔촌동역 4번","157","98","59","0","13","34","47","40","23","0","3","21","30","28","16","0","10","13","17","12","7"
"2022","4","A","골목상권","2111050","강동구청(강동구청역 2번)","131","96","35","0","21","14","21","32","43","0","12","5","12","27","40","0","9","9","9","5","3"
"2022","4","R","전통시장","2130318","로데오거리상점가","266","132","134","0","31","43","49","55","88","0","9","12","19","26","66","0","22","31","30","29","22"
"2022","4","A","골목상권","2111063","강동구립 천호도서관","368","182","186","0","25","44","81","85","133","0","5","15","21","30","111","0","20","29","60","55","22"
"2022","4","R","전통시장","2130322","고분다리전통시장","8","5","3","0","0","1","2","4","1","0","0","1","1","2","1","0","0","0","1","2","0"
"2022","4","A","골목상권","2111051","천호역 6번","407","252","155","2","65","80","90","88","82","1","44","56","58","47","46","1","21","24","32","41","36"
"2022","4","A","골목상권","2110183","한국의류시험연구원","833","441","392","3","237","305","147","75","66","1","87","160","79","58","56","2","150","145","68","17","10"
"2022","4","R","전통시장","2130089","청량리수산시장","42","33","9","0","4","7","16","6","9","0","3","7","12","4","7","0","1","0","4","2","2"
"2022","4","R","전통시장","2130315","문정동 로데오거리 상점가(문정동 로데오거리)","1372","808","564","6","313","289","260","251","253","3","118","168","164","145","210","3","195","121","96","106","43"
"2022","4","A","골목상권","2111016","송파역 2번","3803","1601","2202","15","1126","1104","801","601","156","8","407","533","427","165","61","7","719","571","374","436","95"
"2022","4","A","골목상권","2111009","송파책박물관","127","92","35","1","13","38","27","22","26","0","11","32","17","14","18","1","2","6","10","8","8"
"2022","4","A","골목상권","2111046","마천역(마천초등학교)","705","400","305","2","76","145","170","193","119","1","47","85","83","94","90","1","29","60","87","99","29"
"2022","4","A","골목상권","2111001","아래방죽마을공원(율현초등학교)","70","44","26","0","2","10","16","22","20","0","1","7","13","13","10","0","1","3","3","9","10"
"2022","4","D","발달상권","2120236","장지역(가든파이브)","4622","3221","1401","15","678","1056","1076","989","808","10","373","711","778","710","639","5","305","345","298","279","169"
"2022","4","A","골목상권","2111087","고덕중학교(고덕2동주민센터)","197","89","108","0","26","46","62","36","27","0","5","21","26","17","20","0","21","25","36","19","7"
"2022","4","A","골목상권","2110205","경희대삼거리","82","48","34","0","4","13","23","23","19","0","2","10","7","17","12","0","2","3","16","6","7"
"2022","4","A","골목상권","2111003","삼전역 4번","1991","1333","658","6","249","412","547","436","341","1","160","278","331","307","256","5","89","134","216","129","85"
"2022","4","A","골목상권","2111004","삼전역 1번","2036","1331","705","13","263","407","504","376","473","0","108","261","337","239","386","13","155","146","167","137","87"
"2022","4","D","발달상권","2120016","동대문역","193","120","73","1","10","27","45","44","66","0","6","14","20","31","49","1","4","13","25","13","17"
"2022","4","A","골목상권","2110926","신중초등학교","1610","1175","435","6","193","359","463","382","207","3","114","263","355","292","148","3","79","96","108","90","59"
"2022","4","A","골목상권","2110434","태릉입구역 4번","121","62","59","0","13","11","24","35","38","0","3","2","12","22","23","0","10","9","12","13","15"
"2022","4","A","골목상권","2110291","한성대입구역 3번","345","174","171","2","27","49","96","92","79","0","14","24","50","52","34","2","13","25","46","40","45"
"2022","4","A","골목상권","2110004","대신고등학교","32","14","18","0","3","4","8","14","3","0","1","0","3","8","2","0","2","4","5","6","1"
"2022","4","A","골목상권","2110184","용두사거리","423","215","208","0","81","138","75","77","52","0","39","51","34","51","40","0","42","87","41","26","12"
"2022","4","A","골목상권","2110232","동대부고","579","413","166","0","41","71","119","175","173","0","14","38","80","134","147","0","27","33","39","41","26"
"2022","4","D","발달상권","2120220","대치역","5578","3302","2276","26","1841","2261","972","319","159","2","769","1465","717","225","124","24","1072","796","255","94","35"
"2022","4","D","발달상권","2120232","송파나루역","1269","856","413","0","212","350","295","218","194","0","91","220","204","165","176","0","121","130","91","53","18"
"2022","4","A","골목상권","2111025","경찰병원역 3번","686","412","274","1","84","164","149","157","131","0","45","102","103","88","74","1","39","62","46","69","57"
"2022","4","A","골목상권","2110964","싸리고개근린공원","217","124","93","0","29","60","59","34","35","0","8","32","36","23","25","0","21","28","23","11","10"
"2022","4","A","골목상권","2110194","홍파초등학교","112","85","27","0","6","32","24","36","14","0","4","20","20","31","10","0","2","12","4","5","4"
"2022","4","A","골목상권","2110952","논현목련공원","117","65","52","0","21","23","27","22","24","0","9","13","13","14","16","0","12","10","14","8","8"
"2022","4","A","골목상권","2110947","청계산입구역 2번(내곡동주민센터)","121","48","73","0","19","18","29","21","34","0","9","9","15","7","8","0","10","9","14","14","26"
"2022","4","R","전통시장","2130302","강남시장(강남구 강남시장)","58","33","25","0","13","15","14","8","8","0","7","10","9","2","5","0","6","5","5","6","3"
"2022","4","A","골목상권","2110906","서문여고","683","362","321","2","217","106","119","106","133","0","59","58","72","62","111","2","158","48","47","44","22"
"2022","4","A","골목상권","2110910","내방역 5번","614","240","374","5","72","124","157","176","80","3","30","69","52","49","37","2","42","55","105","127","43"
"2022","4","A","골목상권","2110953","학동근린공원","2487","1583","904","15","679","891","571","218","113","0","336","572","409","180","86","15","343","319","162","38","27"
"2022","4","A","골목상권","2110909","남태령역(서울전자고등학교)","132","97","35","1","11","29","23","34","34","1","4","19","16","29","28","0","7","10","7","5","6"
"2022","4","D","발달상권","2120186","가로수길","6518","3580","2938","19","1316","2133","1570","895","585","5","447","1174","950","573","431","14","869","959","620","322","154"
"2022","4","A","골목상권","2110917","서초소방서","1505","939","566","6","157","432","402","355","153","2","72","281","295","181","108","4","85","151","107","174","45"
"2022","4","D","발달상권","2120167","고속터미널(고속터미널역)","5078","2994","2084","6","600","1311","1087","924","1150","5","318","915","786","488","482","1","282","396","301","436","668"
"2022","4","R","전통시장","2130267","본동인정시장(기능상실)","59","41","18","0","6","10","12","15","16","0","4","7","9","8","13","0","2","3","3","7","3"
"2022","4","D","발달상권","2120067","장안동사거리","2587","1169","1418","9","427","578","671","577","325","7","165","280","258","255","204","2","262","298","413","322","121"
"2022","4","A","골목상권","2110919","내방역 8번","1539","1126","413","3","142","311","413","419","251","1","60","179","331","354","201","2","82","132","82","65","50"
"2022","4","A","골목상권","2110823","신대방삼거리역 3번","472","242","230","0","30","45","83","121","193","0","17","26","40","42","117","0","13","19","43","79","76"
"2022","4","D","발달상권","2120147","보라매역","1981","1262","719","6","292","455","377","378","473","3","99","312","255","270","323","3","193","143","122","108","150"
"2022","4","A","골목상권","2110820","성남고등학교","3101","2470","631","1","651","742","555","991","161","0","438","581","448","879","124","1","213","161","107","112","37"
"2022","4","A","골목상권","2110845","사당종합체육관","119","51","68","0","9","17","39","36","18","0","5","8","19","9","10","0","4","9","20","27","8"
"2022","4","R","전통시장","2130261","성대전통시장(성대시장)","211","104","107","0","15","47","61","61","27","0","4","26","33","23","18","0","11","21","28","38","9"
"2022","4","A","골목상권","2110921","서울프랑스학교","522","321","201","7","63","71","118","142","121","2","30","43","82","90","74","5","33","28","36","52","47"
"2022","4","R","전통시장","2130263","신노량진시장(기능상실)","11","3","8","0","0","3","3","5","0","0","0","0","1","2","0","0","0","3","2","3","0"
"2022","4","D","발달상권","2120153","노량진역(노량진)","3699","1844","1855","10","521","1209","935","690","334","2","193","496","461","465","227","8","328","713","474","225","107"
"2022","4","A","골목상권","2110739","시흥3동 우편취급국","1558","585","973","1","167","288","537","525","40","0","50","153","224","133","25","1","117","135","313","392","15"
"2022","4","D","발달상권","2120179","양재역","21445","16961","4484","59","3105","7307","5206","3969","1799","34","2177","6101","4309","3030","1310","25","928","1206","897","939","489"
"2022","4","A","골목상권","2110735","말미고개","520","330","190","0","64","115","140","140","61","0","31","79","94","79","47","0","33","36","46","61","14"
"2022","4","A","골목상권","2110723","가산디지털단지역 1번 출입구","286","247","39","0","6","10","37","130","103","0","6","5","26","113","97","0","0","5","11","17","6"
"2022","4","A","골목상권","2110726","금천철쭉어린이공원(금하마을)","222","172","50","0","19","25","41","62","75","0","17","16","22","45","72","0","2","9","19","17","3"
"2022","4","A","골목상권","2110748","백산초등학교","102","64","38","0","6","19","21","26","30","0","2","9","11","22","20","0","4","10","10","4","10"
"2022","4","D","발달상권","2120123","오류동역","2120","1645","475","1","313","413","505","594","294","0","276","331","389","425","224","1","37","82","116","169","70"
"2022","4","A","골목상권","2110715","구로구민회관","93","64","29","0","13","15","30","27","8","0","5","11","20","21","7","0","8","4","10","6","1"
"2022","4","A","골목상권","2110704","고척중학교","62","36","26","0","12","23","10","12","5","0","7","12","3","11","3","0","5","11","7","1","2"
"2022","4","D","발달상권","2120171","서초3동사거리","11750","6206","5544","15","1990","3845","2551","1862","1487","6","827","1746","1496","1064","1067","9","1163","2099","1055","798","420"
"2022","4","R","전통시장","2130229","남구로시장","249","139","110","1","16","53","61","62","56","0","7","30","31","32","39","1","9","23","30","30","17"
"2022","4","D","발달상권","2120127","구로구청","5918","3878","2040","6","614","1229","1440","1444","1185","5","365","976","1050","808","674","1","249","253","390","636","511"
"2022","4","A","골목상권","2110642","정곡초등학교","193","163","30","2","8","14","35","69","65","1","4","10","30","58","60","1","4","4","5","11","5"
"2022","4","A","골목상권","2110652","양천향교역 2번","643","483","160","0","70","131","146","169","127","0","32","102","104","139","106","0","38","29","42","30","21"
"2022","4","A","골목상권","2110700","고척초등학교","3249","2648","601","3","209","680","974","1176","207","2","119","533","803","1021","170","1","90","147","171","155","37"
"2022","4","A","골목상권","2110650","우장산힐스테이트","146","118","28","0","24","30","52","21","19","0","15","25","43","18","17","0","9","5","9","3","2"
"2022","4","A","골목상권","2110667","가양역 10번","177","126","51","0","33","32","56","36","20","0","21","20","38","29","18","0","12","12","18","7","2"
"2022","4","A","골목상권","2110666","KC대학교","257","131","126","0","26","51","66","72","42","0","16","23","31","26","35","0","10","28","35","46","7"
"2022","4","D","발달상권","2120122","강서구청","2137","1208","929","4","308","444","489","437","455","2","103","218","267","256","362","2","205","226","222","181","93"
"2022","4","R","전통시장","2130219","까치산시장","124","37","87","0","16","18","39","32","19","0","4","6","9","9","9","0","12","12","30","23","10"
"2022","4","A","골목상권","2110674","강서구청가양동별관","491","327","164","1","69","102","106","109","104","1","54","78","63","51","80","0","15","24","43","58","24"
"2022","4","D","발달상권","2120124","개봉동 현대아파트","461","205","256","0","63","89","119","82","108","0","18","26","49","43","69","0","45","63","70","39","39"
"2022","4","A","골목상권","2110636","방화역 2번","152","76","76","1","25","49","41","21","15","0","9","26","27","4","10","1","16","23","14","17","5"
"2022","4","A","골목상권","2110630","공항시장역 1번","1472","1008","464","0","157","294","298","328","395","0","67","180","202","240","319","0","90","114","96","88","76"
"2022","4","A","골목상권","2110634","송정역 3번","664","434","230","0","64","143","178","145","134","0","33","90","116","101","94","0","31","53","62","44","40"
"2022","4","A","골목상권","2110190","고대앞사거리","195","92","103","0","22","34","34","45","60","0","4","18","22","19","29","0","18","16","12","26","31"
"2022","4","A","골목상권","2110035","동묘앞역 2번","276","161","115","2","18","43","75","88","50","0","5","18","42","65","31","2","13","25","33","23","19"
"2022","4","R","전통시장","2130201","월정로시장","27","17","10","0","2","8","10","7","0","0","0","7","6","4","0","0","2","1","4","3","0"
"2022","4","D","발달상권","2120109","서울남부지방법원","608","342","266","2","56","104","110","170","166","1","18","40","50","104","129","1","38","64","60","66","37"
"2022","4","R","전통시장","2130210","목2동시장","432","251","181","1","66","124","122","71","48","1","40","69","70","39","32","0","26","55","52","32","16"
"2022","4","D","발달상권","2120114","목동신시가지","13614","9392","4222","46","2086","3824","3484","2915","1259","29","1130","2623","2555","2209","846","17","956","1201","929","706","413"
"2022","4","R","전통시장","2130168","연서시장","242","157","85","0","19","50","53","65","55","0","5","23","33","49","47","0","14","27","20","16","8"
"2022","4","A","골목상권","2110474","세명컴퓨터고등학교","196","68","128","0","12","41","40","59","44","0","3","19","15","11","20","0","9","22","25","48","24"
"2022","4","A","골목상권","2110602","신월시영아파트중문","644","574","70","1","7","22","68","238","308","0","4","13","52","214","291","1","3","9","16","24","17"
"2022","4","R","전통시장","2130224","개봉프라자(고척근린시장)","5","4","1","0","0","0","1","2","2","0","0","0","1","1","2","0","0","0","0","1","0"
"2022","4","R","전통시장","2130167","연신내상점가(연빛거리)","636","239","397","1","144","143","157","120","71","1","31","52","57","53","45","0","113","91","100","67","26"
"2022","4","R","전통시장","2130171","불광먹자골목 골목형상점가","155","54","101","0","18","31","24","37","45","0","4","9","11","16","14","0","14","22","13","21","31"
"2022","4","A","골목상권","2110487","불광역 8번","63","35","28","0","11","22","15","8","7","0","6","11","7","8","3","0","5","11","8","0","4"
"2022","4","A","골목상권","2110483","연천초등학교","147","90","57","0","13","21","45","22","46","0","5","11","31","13","30","0","8","10","14","9","16"
"2022","4","A","골목상권","2110450","시립서북병원","1576","644","932","4","301","361","344","339","227","2","124","172","146","108","92","2","177","189","198","231","135"
"2022","4","A","골목상권","2110451","증산역 4번","1296","986","310","2","153","384","374","298","85","2","78","294","312","235","65","0","75","90","62","63","20"
"2022","4","A","골목상권","2110855","신대방역 2번","429","275","154","2","53","111","126","90","47","0","22","81","83","55","34","2","31","30","43","35","13"
"2022","4","A","골목상권","2110303","성신여대입구역 1번","138","97","41","1","7","35","44","27","24","0","2","22","28","25","20","1","5","13","16","2","4"
"2022","4","A","골목상권","2110036","동묘앞역 3번","65","42","23","0","3","7","20","15","20","0","1","3","10","13","15","0","2","4","10","2","5"
"2022","4","A","골목상권","2110790","대림1동주민센터","739","336","403","1","74","163","280","161","60","1","46","71","88","77","53","0","28","92","192","84","7"
"2022","4","A","골목상권","2110249","중화역 1번","783","496","287","0","71","131","213","207","161","0","34","62","112","143","145","0","37","69","101","64","16"
"2022","4","R","전통시장","2130036","중부시장(신중부시장)","3089","921","2168","8","1868","593","250","198","172","3","316","189","171","120","122","5","1552","404","79","78","50"
"2022","4","A","골목상권","2110195","동대문구청","221","115","106","0","41","58","47","40","35","0","12","28","23","27","25","0","29","30","24","13","10"
"2022","4","R","전통시장","2130086","서울약령시장","1184","651","533","4","113","208","305","341","213","0","56","128","165","181","121","4","57","80","140","160","92"
"2022","4","A","골목상권","2110931","삼성전자서울R&D(서울우면초등학교)","100","51","49","0","37","31","18","7","7","0","12","16","10","7","6","0","25","15","8","0","1"
"2022","4","D","발달상권","2120089","구파발역","1","0","1","0","0","0","1","0","0","0","0","0","0","0","0","0","0","0","1","0","0"
"2022","4","A","골목상권","2110431","상계역","124","72","52","1","16","24","28","37","18","0","2","13","17","27","13","1","14","11","11","10","5"
"2022","4","A","골목상권","2110489","불광역 3번","35","25","10","0","3","7","10","10","5","0","3","4","7","6","5","0","0","3","3","4","0"
"2022","4","A","골목상권","2110435","서울과학기술대","73","40","33","0","5","12","18","25","13","0","3","4","8","14","11","0","2","8","10","11","2"
"2022","4","R","전통시장","2130088","경동시장","126","57","69","0","18","32","24","17","35","0","3","11","11","10","22","0","15","21","13","7","13"
"2022","4","R","전통시장","2130153","창동역상점가","229","138","91","0","18","48","54","56","53","0","7","31","30","31","39","0","11","17","24","25","14"
"2022","4","R","전통시장","2130100","답십리시장","93","40","53","2","19","25","23","11","13","2","4","9","11","6","8","0","15","16","12","5","5"
"2022","4","R","전통시장","2130206","신정3동 골목시장","20","6","14","0","0","5","11","2","2","0","0","0","3","1","2","0","0","5","8","1","0"
"2022","4","D","발달상권","2120082","상계백병원","426","148","278","0","85","102","118","82","39","0","21","24","39","43","21","0","64","78","79","39","18"
"2022","4","R","전통시장","2130020","동묘시장(동묘벼룩시장)","407","177","230","5","154","93","73","58","24","5","43","31","45","32","21","0","111","62","28","26","3"
"2022","4","A","골목상권","2110969","베르사이유1아파트","1546","1230","316","4","231","442","483","285","101","2","165","345","402","239","77","2","66","97","81","46","24"
"2022","4","A","골목상권","2110977","논현로18길","148","102","46","0","22","32","45","29","20","0","14","20","33","20","15","0","8","12","12","9","5"
"2022","4","R","전통시장","2130308","청담삼익시장","48","30","18","0","5","11","13","7","12","0","3","6","8","4","9","0","2","5","5","3","3"
"2022","4","D","발달상권","2120201","도곡1동","11559","6387","5172","116","3565","3472","2482","1299","625","31","1365","2021","1730","754","486","85","2200","1451","752","545","139"
"2022","4","A","골목상권","2110410","방학역 2번","957","833","124","3","75","187","185","224","283","2","61","162","154","194","260","1","14","25","31","30","23"
"2022","4","A","골목상권","2110874","원신초등학교(구세군관악영문교회)","46","15","31","1","4","19","7","12","3","1","1","3","3","6","1","0","3","16","4","6","2"
"2022","4","R","전통시장","2130282","난곡 골목형상점가","20","8","12","0","4","2","10","4","0","0","2","1","4","1","0","0","2","1","6","3","0"
"2022","4","R","전통시장","2130289","봉일시장","36","20","16","1","1","2","5","14","13","0","0","1","5","3","11","1","1","1","0","11","2"
"2022","4","A","골목상권","2110772","신우어린이공원","94","55","39","0","9","15","22","26","22","0","5","8","12","19","11","0","4","7","10","7","11"
"2022","4","A","골목상권","2110864","신림우방아파트","236","161","75","0","31","48","53","60","44","0","21","31","37","43","29","0","10","17","16","17","15"
"2022","4","R","전통시장","2130285","서원동상점가","615","316","299","4","28","56","85","160","282","1","17","38","45","60","155","3","11","18","40","100","127"
"2022","4","R","전통시장","2130259","대신시장","12","9","3","0","1","0","5","2","4","0","1","0","3","2","3","0","0","0","2","0","1"
"2022","4","A","골목상권","2110756","문래중학교","275","179","96","0","48","79","78","35","35","0","21","58","52","21","27","0","27","21","26","14","8"
"2022","4","D","발달상권","2120159","서울대입구역","1430","763","667","12","289","320","321","238","250","6","116","164","174","133","170","6","173","156","147","105","80"
"2022","4","A","골목상권","2110563","상수역 3번","355","274","81","12","83","130","78","23","29","10","63","101","61","16","23","2","20","29","17","7","6"
"2022","4","R","전통시장","2130186","망원시장","178","84","94","0","16","30","47","50","35","0","13","19","20","17","15","0","3","11","27","33","20"
"2022","4","D","발달상권","2120138","당산2동(영등포우체국)","2754","1653","1101","23","745","579","479","488","440","15","395","347","312","309","275","8","350","232","167","179","165"
"2022","4","A","골목상권","2110578","대흥역 2번","2091","1413","678","2","213","337","391","638","510","1","80","225","309","452","346","1","133","112","82","186","164"
"2022","4","R","전통시장","2130175","신촌 상인회(신촌상점가)","13","5","8","0","1","3","5","4","0","0","1","0","1","3","0","0","0","3","4","1","0"
"2022","4","A","골목상권","2110565","홍익대","107","64","43","0","16","32","34","19","6","0","8","15","23","13","5","0","8","17","11","6","1"
"2022","4","A","골목상권","2110551","성서초등학교","803","387","416","1","110","164","235","172","121","1","42","90","114","81","59","0","68","74","121","91","62"
"2022","4","A","골목상권","2110496","모래내우체국","611","333","278","2","88","190","160","89","82","2","20","100","117","42","52","0","68","90","43","47","30"
"2022","4","A","골목상권","2110502","남가좌파출소","290","147","143","0","29","34","73","92","62","0","14","16","35","47","35","0","15","18","38","45","27"
"2022","4","A","골목상권","2110757","양평역 2번","1501","1114","387","1","111","230","356","424","379","0","51","176","286","314","287","1","60","54","70","110","92"
"2022","4","R","전통시장","2130185","망원월드컵시장","190","123","67","1","26","69","53","25","16","1","14","43","35","16","14","0","12","26","18","9","2"
"2022","4","A","골목상권","2110562","연트럴파크(연남동주민센터)","426","237","189","1","73","118","96","94","44","1","29","76","55","44","32","0","44","42","41","50","12"
"2022","4","A","골목상권","2110514","서대문우체국","86","19","67","0","26","26","17","9","8","0","0","4","7","4","4","0","26","22","10","5","4"
"2022","4","A","골목상권","2110495","북가좌2동주민센터","501","372","129","0","28","67","125","185","96","0","11","45","88","152","76","0","17","22","37","33","20"
"2022","4","R","전통시장","2130129","장미원골목시장","911","571","340","0","15","14","38","89","755","0","1","4","12","40","514","0","14","10","26","49","241"
"2022","4","A","골목상권","2110530","아현역 1번","36","20","16","0","5","5","7","15","4","0","2","5","4","6","3","0","3","0","3","9","1"
"2022","4","A","골목상권","2110372","강북중학교","188","100","88","0","21","43","50","48","26","0","17","25","18","20","20","0","4","18","32","28","6"
"2022","4","A","골목상권","2110359","수유시장옆","117","67","50","0","12","25","33","36","11","0","3","12","16","29","7","0","9","13","17","7","4"
"2022","4","A","골목상권","2110349","화계역 2번","83","67","16","0","6","4","21","33","19","0","5","3","12","28","19","0","1","1","9","5","0"
"2022","4","A","골목상권","2110283","성북초등학교앞","203","78","125","0","16","33","56","80","18","0","8","10","23","27","10","0","8","23","33","53","8"
"2022","4","D","발달상권","2120075","월곡역","369","213","156","1","40","86","97","67","78","0","17","48","54","44","50","1","23","38","43","23","28"
"2022","4","A","골목상권","2110320","KB국민은행 종암동지점","72","44","28","0","2","11","24","21","14","0","1","5","12","14","12","0","1","6","12","7","2"
"2022","4","A","골목상권","2110343","무너미어린이공원","100","74","26","0","7","21","28","32","12","0","4","14","22","25","9","0","3","7","6","7","3"
"2022","4","A","골목상권","2110493","북가좌초등학교","892","830","62","0","2","19","27","80","764","0","0","12","22","68","728","0","2","7","5","12","36"
"2022","4","A","골목상권","2110989","대치동아우편취급국","444","270","174","9","90","148","75","68","54","0","43","102","43","44","38","9","47","46","32","24","16"
"2022","4","A","골목상권","2110330","돌곶이역 1번","220","172","48","0","12","18","33","31","126","0","4","12","20","23","113","0","8","6","13","8","13"
"2022","4","A","골목상권","2110566","경의선책거리","1690","934","756","2","359","547","406","290","86","1","137","328","252","157","59","1","222","219","154","133","27"
"2022","4","A","골목상권","2110264","면목역 2번","358","170","188","1","52","75","93","80","57","0","21","40","40","37","32","1","31","35","53","43","25"
"2022","4","A","골목상권","2110356","덕수교","228","114","114","0","13","34","55","60","66","0","4","17","22","30","41","0","9","17","33","30","25"
"2022","4","A","골목상권","2110233","중랑역 1번","142","46","96","1","23","27","50","35","6","1","6","7","16","11","5","0","17","20","34","24","1"
"2022","4","A","골목상권","2110168","대원고등학교","688","531","157","0","66","102","139","225","156","0","38","73","103","173","144","0","28","29","36","52","12"
"2022","4","A","골목상권","2110243","중랑노인종합복지관","317","126","191","1","32","51","76","111","46","0","7","22","39","36","22","1","25","29","37","75","24"
"2022","4","A","골목상권","2110145","장안초등학교","7","4","3","0","0","1","2","3","1","0","0","0","1","3","0","0","0","1","1","0","1"
"2022","4","R","전통시장","2130063","신금호역 골목형상점가","30","21","9","0","2","4","5","9","10","0","1","3","4","7","6","0","1","1","1","2","4"
"2022","4","A","골목상권","2110143","뚝섬유원지역 1번","63","26","37","1","5","15","12","20","10","1","0","3","7","7","8","0","5","12","5","13","2"
"2022","4","R","전통시장","2130071","성수역 골목형상점가","335","180","155","1","61","89","70","43","71","0","27","43","43","29","38","1","34","46","27","14","33"
"2022","4","A","골목상권","2110144","어린이대공원역 4번","47","23","24","0","5","4","13","16","9","0","1","1","7","8","6","0","4","3","6","8","3"
"2022","4","D","발달상권","2120008","인사동","22070","13019","9051","1263","7895","5069","3940","2756","1147","589","4005","3077","2666","2006","676","674","3890","1992","1274","750","471"
"2022","4","A","골목상권","2110046","버티고개","106","76","30","0","6","23","41","28","8","0","3","17","29","20","7","0","3","6","12","8","1"
"2022","4","R","전통시장","2130046","team204(팀204)","20","13","7","0","1","3","4","2","10","0","0","2","3","1","7","0","1","1","1","1","3"
"2022","4","A","골목상권","2110147","능동우편취급국","815","464","351","4","120","172","160","137","222","2","56","88","104","77","137","2","64","84","56","60","85"
"2022","4","R","전통시장","2130058","이촌종합시장","109","78","31","0","13","19","25","26","26","0","7","12","15","21","23","0","6","7","10","5","3"
"2022","4","R","전통시장","2130034","필동 골목형상점가","14","7","7","0","2","4","5","2","1","0","1","2","2","2","0","0","1","2","3","0","1"
"2022","4","D","발달상권","2120025","롯데백화점(시청광장 지하쇼핑센터)","22641","6272","16369","229","12750","7002","1623","944","93","71","3075","2028","779","248","71","158","9675","4974","844","696","22"
"2022","4","D","발달상권","2120019","경찰청앞교차로","5958","3146","2812","26","1051","2221","1625","793","242","8","274","1044","982","619","219","18","777","1177","643","174","23"
"2022","4","R","전통시장","2130025","삼익패션타운(남대문시장)","5494","2675","2819","69","1760","1561","1124","794","186","31","674","837","763","292","78","38","1086","724","361","502","108"
"2022","4","R","전통시장","2130087","경동광성상가(경동시장)","28","20","8","0","5","3","8","7","5","0","3","2","6","5","4","0","2","1","2","2","1"
"2022","4","A","골목상권","2110011","청운초등학교","263","188","75","0","21","105","79","43","15","0","21","95","44","16","12","0","0","10","35","27","3"
"2022","4","A","골목상권","2110025","충신시장옆","213","129","84","2","17","46","63","56","29","0","6","23","43","33","24","2","11","23","20","23","5"
"2022","4","A","골목상권","2110109","금호삼성래미안아파트","92","39","53","0","7","10","12","42","21","0","2","6","3","15","13","0","5","4","9","27","8"
"2022","4","R","전통시장","2130012","동대문종합시장(동대문종합시장 신관, 동대문종합시장D동상가)","1319","965","354","2","156","325","348","339","149","0","116","251","238","247","113","2","40","74","110","92","36"
"2022","4","A","골목상권","2110112","행당역 2번","205","100","105","0","37","37","36","53","42","0","14","19","15","26","26","0","23","18","21","27","16"
"2022","4","D","발달상권","2120047","한남오거리","2290","1458","832","11","366","751","623","343","196","9","152","461","438","249","149","2","214","290","185","94","47"
"2022","4","A","골목상권","2110971","선정릉역 4번","1542","900","642","11","278","455","380","254","164","6","140","270","245","120","119","5","138","185","135","134","45"
"2022","4","A","골목상권","2110872","신림초등학교","277","195","82","3","54","68","69","53","30","3","36","54","54","41","7","0","18","14","15","12","23"
"2022","4","R","전통시장","2130255","영등포전통시장","45","29","16","0","1","7","5","10","22","0","1","5","3","4","16","0","0","2","2","6","6"
"2022","4","A","골목상권","2110766","대림역 5번","360","205","155","0","30","82","85","99","64","0","15","54","42","56","38","0","15","28","43","43","26"
"2022","4","A","골목상권","2110811","보라매역 4번","187","94","93","0","22","41","49","52","23","0","8","22","18","27","19","0","14","19","31","25","4"
"2022","4","A","골목상권","2110583","공덕래미안3차아파트","316","164","152","0","44","98","102","57","15","0","7","54","60","35","8","0","37","44","42","22","7"
"2022","4","D","발달상권","2120158","녹두거리(대학동)","695","550","145","2","31","73","200","279","110","0","7","41","163","241","98","2","24","32","37","38","12"
"2022","4","A","골목상권","2110507","명지대학교","1537","1156","381","29","392","636","318","129","33","26","257","481","282","83","27","3","135","155","36","46","6"
"2022","4","A","골목상권","2110323","상월곡역 1번","109","30","79","2","25","24","28","18","12","0","4","5","11","5","5","2","21","19","17","13","7"
"2022","4","R","전통시장","2130082","면곡골목시장","20","11","9","0","4","0","1","9","6","0","4","0","0","3","4","0","0","0","1","6","2"
"2022","4","A","골목상권","2110170","동대부여고","189","105","84","1","35","39","58","39","17","0","16","16","35","26","12","1","19","23","23","13","5"
"2022","4","A","골목상권","2110072","열정도","374","244","130","6","108","96","78","51","35","0","51","71","62","37","23","6","57","25","16","14","12"
"2022","4","A","골목상권","2110064","효창공원앞역 2번","925","527","398","2","126","275","263","160","99","1","49","160","162","88","67","1","77","115","101","72","32"
"2022","4","R","전통시장","2130051","동화동 골목형상점가","391","156","235","1","82","94","98","66","50","1","18","25","43","36","33","0","64","69","55","30","17"
"2022","4","A","골목상권","2110073","삼각지역 3번","7916","2353","5563","56","2498","2872","1896","491","103","25","856","912","415","109","36","31","1642","1960","1481","382","67"
"2022","4","A","골목상권","2110042","남산골공원옆","994","621","373","3","121","221","287","251","111","0","43","127","198","179","74","3","78","94","89","72","37"
"2022","4","A","골목상권","2110065","남정초등학교","137","92","45","0","17","45","48","17","10","0","9","37","31","10","5","0","8","8","17","7","5"
"2022","4","A","골목상권","2110084","경리단길북측","315","168","147","0","47","85","84","57","42","0","23","36","39","36","34","0","24","49","45","21","8"
"2022","4","R","전통시장","2130321","장신구 특화거리 상점가","433","269","164","0","92","114","88","92","47","0","43","72","56","61","37","0","49","42","32","31","10"
"2022","4","A","골목상권","2111070","천호초등학교","127","73","54","1","7","23","40","28","28","0","3","10","23","17","20","1","4","13","17","11","8"
"2022","4","A","골목상권","2111075","굽은다리역 2번","192","115","77","0","14","42","52","54","30","0","14","28","24","33","16","0","0","14","28","21","14"
"2022","4","D","발달상권","2120244","암사역","916","401","515","0","70","85","103","111","547","0","14","44","49","42","252","0","56","41","54","69","295"
"2022","4","D","발달상권","2120107","공덕역(공덕오거리)","13077","7619","5458","43","2471","3470","3552","3026","515","9","1021","2002","2300","1900","387","34","1450","1468","1252","1126","128"
"2022","4","A","골목상권","2110192","동의보감타워","70","45","25","0","7","10","25","16","12","0","2","6","17","10","10","0","5","4","8","6","2"
"2022","4","A","골목상권","2110015","청와대사랑채","578","345","233","0","64","147","166","126","75","0","16","63","110","91","65","0","48","84","56","35","10"
"2022","4","A","골목상권","2111029","오금역 4번","427","314","113","3","71","108","91","79","75","1","51","81","67","55","59","2","20","27","24","24","16"
"2022","4","R","전통시장","2130312","석촌시장","619","270","349","1","20","40","81","170","307","1","9","23","43","41","153","0","11","17","38","129","154"
"2022","4","A","골목상권","2110413","누원고등학교","54","33","21","0","8","11","12","11","12","0","5","8","5","5","10","0","3","3","7","6","2"
"2022","4","R","전통시장","2130316","마천시장","18","9","9","0","3","3","2","10","0","0","2","2","2","3","0","0","1","1","0","7","0"
"2022","4","A","골목상권","2111066","암사동성당(효정하나플러스아파트)","395","235","160","3","40","95","100","106","51","0","9","46","65","84","31","3","31","49","35","22","20"
"2022","4","D","발달상권","2120241","거여역","1197","650","547","5","110","221","296","277","288","2","80","152","161","83","172","3","30","69","135","194","116"
"2022","4","A","골목상권","2110224","외대앞역 2번","95","39","56","0","9","14","16","27","29","0","2","4","9","15","9","0","7","10","7","12","20"
"2022","4","D","발달상권","2120225","잠실새내역(신천)","5750","3738","2012","25","929","1190","1248","1210","1148","3","467","728","831","853","856","22","462","462","417","357","292"
"2022","4","R","전통시장","2130146","쌍문시장(쌍문역골목시장)","263","124","139","0","29","33","54","80","67","0","10","12","28","32","42","0","19","21","26","48","25"
"2022","4","A","골목상권","2110223","군자초등학교","94","56","38","0","13","17","26","24","14","0","4","10","17","15","10","0","9","7","9","9","4"
"2022","4","D","발달상권","2120017","동묘앞역(동묘)","626","149","477","0","62","124","251","120","69","0","7","33","35","27","47","0","55","91","216","93","22"
"2022","4","D","발달상권","2120081","노원역","1552","508","1044","9","369","295","343","307","229","2","66","87","125","121","107","7","303","208","218","186","122"
"2022","4","A","골목상권","2110297","경동고등학교","654","311","343","0","74","123","156","164","137","0","31","65","74","79","62","0","43","58","82","85","75"
"2022","4","A","골목상권","2110532","아현역 2번","330","205","125","0","52","33","48","78","119","0","17","13","23","57","95","0","35","20","25","21","24"
"2022","4","A","골목상권","2111015","석촌역 3번","1352","778","574","1","151","315","350","351","184","1","72","199","216","181","109","0","79","116","134","170","75"
"2022","4","A","골목상권","2111013","송파나루역 1번(송리단길)","2234","1456","778","8","320","568","650","435","253","3","160","384","445","290","174","5","160","184","205","145","79"
"2022","4","A","골목상권","2111031","장지동주민센터(한림연예예술고교)","3127","2317","810","8","263","415","651","857","933","2","170","330","497","648","670","6","93","85","154","209","263"
"2022","4","R","전통시장","2130305","논현종합시장","85","43","42","0","21","14","14","19","17","0","7","7","6","14","9","0","14","7","8","5","8"
"2022","4","A","골목상권","2110983","국립국악고등학교","783","534","249","6","126","212","125","145","169","2","44","137","94","111","146","4","82","75","31","34","23"
"2022","4","D","발달상권","2120240","개롱역","1609","1102","507","7","212","314","404","431","241","5","125","230","269","295","178","2","87","84","135","136","63"
"2022","4","A","골목상권","2110914","내방역 6번","146","116","30","0","26","31","37","26","26","0","17","26","26","24","23","0","9","5","11","2","3"
"2022","4","A","골목상권","2110437","당고개역 2번","116","40","76","0","16","23","25","41","11","0","5","11","9","10","5","0","11","12","16","31","6"
"2022","4","A","골목상권","2111018","풍납초등학교(풍납백제문화공원)","26","23","3","0","1","5","10","6","4","0","1","4","8","6","4","0","0","1","2","0","0"
"2022","4","A","골목상권","2110974","언주중학교","292","179","113","3","60","72","89","44","24","3","27","43","62","28","16","0","33","29","27","16","8"
"2022","4","R","전통시장","2130296","남부종합시장","85","63","22","0","2","8","25","35","15","0","1","8","16","24","14","0","1","0","9","11","1"
"2022","4","A","골목상권","2110912","방배동사이길","210","128","82","3","33","45","53","42","34","2","16","27","39","21","23","1","17","18","14","21","11"
"2022","4","A","골목상권","2110907","방배초등학교","878","506","372","8","144","197","239","157","133","5","66","109","122","99","105","3","78","88","117","58","28"
"2022","4","A","골목상권","2110928","서초우방유쉘아파트","596","491","105","1","57","109","125","205","99","1","29","76","109","190","86","0","28","33","16","15","13"
"2022","4","A","골목상권","2110840","중앙대학교","165","92","73","0","24","22","52","43","24","0","12","12","32","21","15","0","12","10","20","22","9"
"2022","4","R","전통시장","2130260","신대방1동골목상권","70","31","39","0","8","22","15","15","10","0","0","7","7","10","7","0","8","15","8","5","3"
"2022","4","R","전통시장","2130272","사당시장","45","20","25","0","4","6","10","11","14","0","0","1","4","6","9","0","4","5","6","5","5"
"2022","4","A","골목상권","2110848","양지어린이공원","486","307","179","0","36","68","152","132","98","0","6","39","85","93","84","0","30","29","67","39","14"
"2022","4","A","골목상권","2110827","NH농협은행 상도동지점","262","93","169","0","39","51","73","65","34","0","11","18","20","28","16","0","28","33","53","37","18"
"2022","4","A","골목상권","2110836","상도역 5번","3057","1846","1211","9","550","798","701","647","352","2","238","486","453","447","220","7","312","312","248","200","132"
"2022","4","D","발달상권","2120174","논현역 5번","682","380","302","6","108","196","155","95","122","4","39","108","90","59","80","2","69","88","65","36","42"
"2022","4","R","전통시장","2130237","박미시장(기능상실)","39","26","13","0","1","6","11","9","12","0","0","2","7","8","9","0","1","4","4","1","3"
"2022","4","A","골목상권","2110731","금천구청역 1번 출입구","1041","563","478","7","306","383","206","96","43","2","149","229","102","55","26","5","157","154","104","41","17"
"2022","4","A","골목상권","2110749","금산초등학교(금천고등학교)","448","273","175","0","61","105","110","121","51","0","33","67","55","82","36","0","28","38","55","39","15"
"2022","4","D","발달상권","2120176","논현역 4번","893","566","327","1","130","216","195","168","183","1","67","126","129","106","137","0","63","90","66","62","46"
"2022","4","R","전통시장","2130271","남성역골목시장","467","268","199","1","36","33","39","47","311","1","12","20","22","16","197","0","24","13","17","31","114"
"2022","4","A","골목상권","2110849","이수역 10번","220","130","90","1","37","52","58","40","32","0","12","33","34","25","26","1","25","19","24","15","6"
"2022","4","A","골목상권","2110737","금천세무서","506","324","182","8","78","85","96","117","122","0","28","49","51","91","105","8","50","36","45","26","17"
"2022","4","A","골목상권","2110978","도곡2동주민센터(대치중학교)","331","186","145","0","46","70","72","114","29","0","20","41","47","62","16","0","26","29","25","52","13"
"2022","4","R","전통시장","2130238","은행나무시장","113","71","42","0","22","24","31","22","14","0","13","16","22","14","6","0","9","8","9","8","8"
"2022","4","R","전통시장","2130222","오류시장","132","21","111","0","10","26","46","43","7","0","5","1","4","5","6","0","5","25","42","38","1"
"2022","4","A","골목상권","2110688","오류지구대","171","60","111","1","18","20","40","59","33","0","7","11","15","19","8","1","11","9","25","40","25"
"2022","4","A","골목상권","2110686","수궁동주민센터","490","245","245","2","50","83","135","127","93","2","25","37","72","61","48","0","25","46","63","66","45"
"2022","4","A","골목상권","2110721","가리봉파출소","215","104","111","1","6","36","42","42","88","0","2","19","17","22","44","1","4","17","25","20","44"
"2022","4","A","골목상권","2110698","개웅초등학교(개웅중학교)","279","178","101","3","50","50","54","65","57","3","25","32","32","40","46","0","25","18","22","25","11"
"2022","4","A","골목상권","2110718","한국SGI본부","1614","1061","553","3","308","462","397","336","108","3","167","313","292","220","66","0","141","149","105","116","42"
"2022","4","D","발달상권","2120131","가산디지털단지","81100","53404","27696","289","16340","25683","20119","11582","7087","184","8639","17229","14518","7692","5142","105","7701","8454","5601","3890","1945"
"2022","4","D","발달상권","2120187","신논현역","13076","7778","5298","64","3624","3962","2984","1673","769","27","1516","2302","2121","1247","565","37","2108","1660","863","426","204"
"2022","4","D","발달상권","2120125","구로역","9291","6324","2967","24","1029","2136","2412","2271","1419","12","581","1466","1596","1572","1097","12","448","670","816","699","322"
"2022","4","A","골목상권","2110653","화곡역 2번","910","490","420","1","191","271","239","169","39","0","79","136","119","134","22","1","112","135","120","35","17"
"2022","4","D","발달상권","2120020","시청역_1번","10375","7489","2886","40","2120","3185","2952","1721","357","21","1118","2220","2480","1370","280","19","1002","965","472","351","77"
"2022","4","A","골목상권","2110629","송정역 4번","190","107","83","0","26","52","54","35","23","0","9","34","28","24","12","0","17","18","26","11","11"
"2022","4","R","전통시장","2130227","고척골목시장상점가(그라운드 고척)","97","68","29","0","8","22","36","23","8","0","4","13","26","19","6","0","4","9","10","4","2"
"2022","4","A","골목상권","2110656","까치산역 3번","838","498","340","13","89","209","253","192","82","12","52","128","154","93","59","1","37","81","99","99","23"
"2022","4","A","골목상권","2110663","우장산롯데캐슬아파트앞","316","232","84","0","7","25","59","116","109","0","3","18","30","84","97","0","4","7","29","32","12"
"2022","4","D","발달상권","2120120","화곡역","927","405","522","1","177","218","193","196","142","0","46","109","84","81","85","1","131","109","109","115","57"
"2022","4","A","골목상권","2110660","등촌3동주민센터","4614","2039","2575","10","469","707","766","1291","1371","5","197","427","424","447","539","5","272","280","342","844","832"
"2022","4","A","골목상권","2110672","백석중학교","155","99","56","1","21","37","40","43","13","1","18","26","18","25","11","0","3","11","22","18","2"
"2022","4","R","전통시장","2130215","대원종합시장","9","7","2","0","0","1","0","3","5","0","0","1","0","2","4","0","0","0","0","1","1"
"2022","4","A","골목상권","2110657","양천향교역 5번","3180","2118","1062","12","334","603","741","695","795","8","191","396","493","385","645","4","143","207","248","310","150"
"2022","4","A","골목상권","2110679","염창역 2번","578","407","171","3","90","207","152","80","46","2","50","149","111","58","37","1","40","58","41","22","9"
"2022","4","A","골목상권","2110646","푸른들청소년도서관","782","401","381","1","93","124","208","189","167","1","27","53","103","100","117","0","66","71","105","89","50"
"2022","4","A","골목상권","2110658","화곡초등학교","253","153","100","0","21","55","62","69","46","0","10","35","36","44","28","0","11","20","26","25","18"
"2022","4","A","골목상권","2110600","신월7동주민센터","350","263","87","0","32","30","66","101","121","0","17","14","38","79","115","0","15","16","28","22","6"
"2022","4","A","골목상권","2110615","신서초등학교","87","63","24","0","20","21","27","13","6","0","14","18","18","8","5","0","6","3","9","5","1"
"2022","4","A","골목상권","2110606","신한은행 신월동지점","521","288","233","1","49","80","143","144","104","1","26","42","76","66","77","0","23","38","67","78","27"
"2022","4","A","골목상권","2110703","개봉역","569","449","120","4","28","60","119","170","188","3","16","35","79","141","175","1","12","25","40","29","13"
"2022","4","D","발달상권","2120113","오목교역","628","372","256","2","96","144","162","136","88","1","45","79","94","92","61","1","51","65","68","44","27"
"2022","4","A","골목상권","2110482","연신초등학교","45","19","26","0","2","5","16","19","3","0","0","0","6","11","2","0","2","5","10","8","1"
"2022","4","A","골목상권","2110448","상신초등학교입구","120","76","44","1","20","27","26","26","20","1","17","17","12","14","15","0","3","10","14","12","5"
"2022","4","A","골목상권","2110471","응암동우체국","258","110","148","0","33","58","70","72","25","0","10","17","25","36","22","0","23","41","45","36","3"
"2022","4","D","발달상권","2120092","불광역","274","147","127","0","33","51","83","52","55","0","12","29","44","21","41","0","21","22","39","31","14"
"2022","3","A","골목상권","2110470","신진과학기술고등학교","127","78","49","0","30","22","40","25","10","0","12","11","31","19","5","0","18","11","9","6","5"
"2022","3","A","골목상권","2110465","연신내역 7번","229","110","119","3","36","48","55","52","35","2","11","25","24","23","25","1","25","23","31","29","10"
"2022","3","D","발달상권","2120092","불광역","274","147","127","0","33","51","83","52","55","0","12","29","44","21","41","0","21","22","39","31","14"
"2022","3","A","골목상권","2110718","한국SGI본부","1614","1061","553","3","308","462","397","336","108","3","167","313","292","220","66","0","141","149","105","116","42"
"2022","3","A","골목상권","2110615","신서초등학교","87","63","24","0","20","21","27","13","6","0","14","18","18","8","5","0","6","3","9","5","1"
"2022","3","R","전통시장","2130259","대신시장","12","9","3","0","1","0","5","2","4","0","1","0","3","2","3","0","0","0","2","0","1"
"2022","3","A","골목상권","2110691","개봉중학교","395","205","190","0","37","65","119","115","59","0","20","38","49","52","46","0","17","27","70","63","13"
"2022","3","R","전통시장","2130093","동서시장","5","3","2","0","0","0","1","2","2","0","0","0","1","0","2","0","0","0","0","2","0"
"2022","3","R","전통시장","2130103","이경시장","16","8","8","0","0","1","2","2","11","0","0","1","1","1","5","0","0","0","1","1","6"
"2022","3","A","골목상권","2110471","응암동우체국","258","110","148","0","33","58","70","72","25","0","10","17","25","36","22","0","23","41","45","36","3"
"2022","3","A","골목상권","2110600","신월7동주민센터","350","263","87","0","32","30","66","101","121","0","17","14","38","79","115","0","15","16","28","22","6"
"2022","3","A","골목상권","2110658","화곡초등학교","253","153","100","0","21","55","62","69","46","0","10","35","36","44","28","0","11","20","26","25","18"
"2022","3","A","골목상권","2110949","한남IC","1683","1193","490","5","288","565","435","305","85","2","112","398","347","261","73","3","176","167","88","44","12"
"2022","3","R","전통시장","2130040","남평화시장","5","3","2","0","0","4","0","0","1","0","0","2","0","0","1","0","0","2","0","0","0"
"2022","3","R","전통시장","2130048","동평화시장","18","9","9","0","7","8","0","3","0","0","3","4","0","2","0","0","4","4","0","1","0"
"2022","3","A","골목상권","2110448","상신초등학교입구","120","76","44","1","20","27","26","26","20","1","17","17","12","14","15","0","3","10","14","12","5"
"2022","3","A","골목상권","2110482","연신초등학교","45","19","26","0","2","5","16","19","3","0","0","0","6","11","2","0","2","5","10","8","1"
"2022","3","D","발달상권","2120113","오목교역","628","372","256","2","96","144","162","136","88","1","45","79","94","92","61","1","51","65","68","44","27"
"2022","3","A","골목상권","2110850","사당역 10번","969","487","482","4","217","207","185","162","194","1","54","88","92","95","157","3","163","119","93","67","37"
"2022","3","A","골목상권","2110860","호림박물관(성보고등학교)","410","314","96","1","57","102","66","110","74","1","44","84","47","78","60","0","13","18","19","32","14"
"2022","3","A","골목상권","2110278","망우본동주민센터","279","168","111","1","32","46","78","83","39","0","10","25","44","57","32","1","22","21","34","26","7"
"2022","3","D","발달상권","2120197","역삼역","58694","38567","20127","93","10088","18053","15887","10835","3738","43","5227","11916","11864","7079","2438","50","4861","6137","4023","3756","1300"
"2022","3","A","골목상권","2110902","사당역 4번","1201","739","462","1","193","270","296","250","191","0","84","171","204","158","122","1","109","99","92","92","69"
"2022","3","D","발달상권","2120062","신설동역","12641","5433","7208","13","1215","2605","3449","3480","1879","2","445","1435","1625","1123","803","11","770","1170","1824","2357","1076"
"2022","3","A","골목상권","2110456","구산보건지소","966","543","423","3","284","226","177","146","130","1","123","112","94","96","117","2","161","114","83","50","13"
"2022","3","A","골목상권","2110477","은평세무서","434","205","229","0","43","62","106","141","82","0","15","23","49","71","47","0","28","39","57","70","35"
"2022","3","R","전통시장","2130203","서서울 골목형상점가","34","7","27","0","2","7","10","12","3","0","0","0","2","4","1","0","2","7","8","8","2"
"2022","3","A","골목상권","2110464","연신내역 5번","301","170","131","4","32","53","93","85","34","4","18","28","44","49","27","0","14","25","49","36","7"
"2022","3","A","골목상권","2110703","개봉역","569","449","120","4","28","60","119","170","188","3","16","35","79","141","175","1","12","25","40","29","13"
"2022","3","A","골목상권","2110606","신한은행 신월동지점","521","288","233","1","49","80","143","144","104","1","26","42","76","66","77","0","23","38","67","78","27"
"2022","3","A","골목상권","2110646","푸른들청소년도서관","782","401","381","1","93","124","208","189","167","1","27","53","103","100","117","0","66","71","105","89","50"
"2022","3","A","골목상권","2110679","염창역 2번","578","407","171","3","90","207","152","80","46","2","50","149","111","58","37","1","40","58","41","22","9"
"2022","3","A","골목상권","2110657","양천향교역 5번","3180","2118","1062","12","334","603","741","695","795","8","191","396","493","385","645","4","143","207","248","310","150"
"2022","3","R","전통시장","2130215","대원종합시장","9","7","2","0","0","1","0","3","5","0","0","1","0","2","4","0","0","0","0","1","1"
"2022","3","A","골목상권","2110672","백석중학교","155","99","56","1","21","37","40","43","13","1","18","26","18","25","11","0","3","11","22","18","2"
"2022","3","A","골목상권","2110660","등촌3동주민센터","4614","2039","2575","10","469","707","766","1291","1371","5","197","427","424","447","539","5","272","280","342","844","832"
"2022","3","D","발달상권","2120120","화곡역","927","405","522","1","177","218","193","196","142","0","46","109","84","81","85","1","131","109","109","115","57"
"2022","3","A","골목상권","2110663","우장산롯데캐슬아파트앞","316","232","84","0","7","25","59","116","109","0","3","18","30","84","97","0","4","7","29","32","12"
"2022","3","A","골목상권","2110656","까치산역 3번","838","498","340","13","89","209","253","192","82","12","52","128","154","93","59","1","37","81","99","99","23"
"2022","3","R","전통시장","2130227","고척골목시장상점가(그라운드 고척)","97","68","29","0","8","22","36","23","8","0","4","13","26","19","6","0","4","9","10","4","2"
"2022","3","A","골목상권","2110629","송정역 4번","190","107","83","0","26","52","54","35","23","0","9","34","28","24","12","0","17","18","26","11","11"
"2022","3","D","발달상권","2120020","시청역_1번","10375","7489","2886","40","2120","3185","2952","1721","357","21","1118","2220","2480","1370","280","19","1002","965","472","351","77"
"2022","3","A","골목상권","2110653","화곡역 2번","910","490","420","1","191","271","239","169","39","0","79","136","119","134","22","1","112","135","120","35","17"
"2022","3","D","발달상권","2120125","구로역","9291","6324","2967","24","1029","2136","2412","2271","1419","12","581","1466","1596","1572","1097","12","448","670","816","699","322"
"2022","3","D","발달상권","2120187","신논현역","13076","7778","5298","64","3624","3962","2984","1673","769","27","1516","2302","2121","1247","565","37","2108","1660","863","426","204"
"2022","3","D","발달상권","2120131","가산디지털단지","81100","53404","27696","289","16340","25683","20119","11582","7087","184","8639","17229","14518","7692","5142","105","7701","8454","5601","3890","1945"
"2022","3","A","골목상권","2110698","개웅초등학교(개웅중학교)","279","178","101","3","50","50","54","65","57","3","25","32","32","40","46","0","25","18","22","25","11"
"2022","3","A","골목상권","2110721","가리봉파출소","215","104","111","1","6","36","42","42","88","0","2","19","17","22","44","1","4","17","25","20","44"
"2022","3","A","골목상권","2110686","수궁동주민센터","490","245","245","2","50","83","135","127","93","2","25","37","72","61","48","0","25","46","63","66","45"
"2022","3","A","골목상권","2110688","오류지구대","171","60","111","1","18","20","40","59","33","0","7","11","15","19","8","1","11","9","25","40","25"
"2022","3","R","전통시장","2130222","오류시장","132","21","111","0","10","26","46","43","7","0","5","1","4","5","6","0","5","25","42","38","1"
"2022","3","R","전통시장","2130238","은행나무시장","113","71","42","0","22","24","31","22","14","0","13","16","22","14","6","0","9","8","9","8","8"
"2022","3","A","골목상권","2110978","도곡2동주민센터(대치중학교)","331","186","145","0","46","70","72","114","29","0","20","41","47","62","16","0","26","29","25","52","13"
"2022","3","A","골목상권","2110737","금천세무서","506","324","182","8","78","85","96","117","122","0","28","49","51","91","105","8","50","36","45","26","17"
"2022","3","A","골목상권","2110849","이수역 10번","220","130","90","1","37","52","58","40","32","0","12","33","34","25","26","1","25","19","24","15","6"
"2022","3","R","전통시장","2130271","남성역골목시장","467","268","199","1","36","33","39","47","311","1","12","20","22","16","197","0","24","13","17","31","114"
"2022","3","D","발달상권","2120176","논현역 4번","893","566","327","1","130","216","195","168","183","1","67","126","129","106","137","0","63","90","66","62","46"
"2022","3","A","골목상권","2110749","금산초등학교(금천고등학교)","448","273","175","0","61","105","110","121","51","0","33","67","55","82","36","0","28","38","55","39","15"
"2022","3","A","골목상권","2110731","금천구청역 1번 출입구","1041","563","478","7","306","383","206","96","43","2","149","229","102","55","26","5","157","154","104","41","17"
"2022","3","R","전통시장","2130237","박미시장(기능상실)","39","26","13","0","1","6","11","9","12","0","0","2","7","8","9","0","1","4","4","1","3"
"2022","3","D","발달상권","2120174","논현역 5번","682","380","302","6","108","196","155","95","122","4","39","108","90","59","80","2","69","88","65","36","42"
"2022","3","A","골목상권","2110836","상도역 5번","3057","1846","1211","9","550","798","701","647","352","2","238","486","453","447","220","7","312","312","248","200","132"
"2022","3","A","골목상권","2110827","NH농협은행 상도동지점","262","93","169","0","39","51","73","65","34","0","11","18","20","28","16","0","28","33","53","37","18"
"2022","3","A","골목상권","2110848","양지어린이공원","486","307","179","0","36","68","152","132","98","0","6","39","85","93","84","0","30","29","67","39","14"
"2022","3","R","전통시장","2130272","사당시장","45","20","25","0","4","6","10","11","14","0","0","1","4","6","9","0","4","5","6","5","5"
"2022","3","R","전통시장","2130260","신대방1동골목상권","70","31","39","0","8","22","15","15","10","0","0","7","7","10","7","0","8","15","8","5","3"
"2022","3","A","골목상권","2110840","중앙대학교","165","92","73","0","24","22","52","43","24","0","12","12","32","21","15","0","12","10","20","22","9"
"2022","3","A","골목상권","2110928","서초우방유쉘아파트","596","491","105","1","57","109","125","205","99","1","29","76","109","190","86","0","28","33","16","15","13"
"2022","3","A","골목상권","2110907","방배초등학교","878","506","372","8","144","197","239","157","133","5","66","109","122","99","105","3","78","88","117","58","28"
"2022","3","A","골목상권","2110912","방배동사이길","210","128","82","3","33","45","53","42","34","2","16","27","39","21","23","1","17","18","14","21","11"
"2022","3","R","전통시장","2130296","남부종합시장","85","63","22","0","2","8","25","35","15","0","1","8","16","24","14","0","1","0","9","11","1"
"2022","3","A","골목상권","2110974","언주중학교","292","179","113","3","60","72","89","44","24","3","27","43","62","28","16","0","33","29","27","16","8"
"2022","3","A","골목상권","2111018","풍납초등학교(풍납백제문화공원)","26","23","3","0","1","5","10","6","4","0","1","4","8","6","4","0","0","1","2","0","0"
"2022","3","A","골목상권","2110437","당고개역 2번","116","40","76","0","16","23","25","41","11","0","5","11","9","10","5","0","11","12","16","31","6"
"2022","3","A","골목상권","2110914","내방역 6번","146","116","30","0","26","31","37","26","26","0","17","26","26","24","23","0","9","5","11","2","3"
"2022","3","D","발달상권","2120240","개롱역","1609","1102","507","7","212","314","404","431","241","5","125","230","269","295","178","2","87","84","135","136","63"
"2022","3","A","골목상권","2110983","국립국악고등학교","783","534","249","6","126","212","125","145","169","2","44","137","94","111","146","4","82","75","31","34","23"
"2022","3","R","전통시장","2130305","논현종합시장","85","43","42","0","21","14","14","19","17","0","7","7","6","14","9","0","14","7","8","5","8"
"2022","3","A","골목상권","2111031","장지동주민센터(한림연예예술고교)","3127","2317","810","8","263","415","651","857","933","2","170","330","497","648","670","6","93","85","154","209","263"
"2022","3","A","골목상권","2111013","송파나루역 1번(송리단길)","2234","1456","778","8","320","568","650","435","253","3","160","384","445","290","174","5","160","184","205","145","79"
"2022","3","A","골목상권","2111015","석촌역 3번","1352","778","574","1","151","315","350","351","184","1","72","199","216","181","109","0","79","116","134","170","75"
"2022","3","A","골목상권","2110532","아현역 2번","330","205","125","0","52","33","48","78","119","0","17","13","23","57","95","0","35","20","25","21","24"
"2022","3","A","골목상권","2110297","경동고등학교","654","311","343","0","74","123","156","164","137","0","31","65","74","79","62","0","43","58","82","85","75"
"2022","3","D","발달상권","2120081","노원역","1552","508","1044","9","369","295","343","307","229","2","66","87","125","121","107","7","303","208","218","186","122"
"2022","3","D","발달상권","2120017","동묘앞역(동묘)","626","149","477","0","62","124","251","120","69","0","7","33","35","27","47","0","55","91","216","93","22"
"2022","3","A","골목상권","2110223","군자초등학교","94","56","38","0","13","17","26","24","14","0","4","10","17","15","10","0","9","7","9","9","4"
"2022","3","R","전통시장","2130146","쌍문시장(쌍문역골목시장)","263","124","139","0","29","33","54","80","67","0","10","12","28","32","42","0","19","21","26","48","25"
"2022","3","D","발달상권","2120225","잠실새내역(신천)","5750","3738","2012","25","929","1190","1248","1210","1148","3","467","728","831","853","856","22","462","462","417","357","292"
"2022","3","A","골목상권","2110224","외대앞역 2번","95","39","56","0","9","14","16","27","29","0","2","4","9","15","9","0","7","10","7","12","20"
"2022","3","D","발달상권","2120241","거여역","1197","650","547","5","110","221","296","277","288","2","80","152","161","83","172","3","30","69","135","194","116"
"2022","3","A","골목상권","2111066","암사동성당(효정하나플러스아파트)","395","235","160","3","40","95","100","106","51","0","9","46","65","84","31","3","31","49","35","22","20"
"2022","3","R","전통시장","2130316","마천시장","18","9","9","0","3","3","2","10","0","0","2","2","2","3","0","0","1","1","0","7","0"
"2022","3","A","골목상권","2110413","누원고등학교","54","33","21","0","8","11","12","11","12","0","5","8","5","5","10","0","3","3","7","6","2"
"2022","3","R","전통시장","2130312","석촌시장","619","270","349","1","20","40","81","170","307","1","9","23","43","41","153","0","11","17","38","129","154"
"2022","3","A","골목상권","2111029","오금역 4번","427","314","113","3","71","108","91","79","75","1","51","81","67","55","59","2","20","27","24","24","16"
"2022","3","A","골목상권","2110015","청와대사랑채","578","345","233","0","64","147","166","126","75","0","16","63","110","91","65","0","48","84","56","35","10"
"2022","3","A","골목상권","2110192","동의보감타워","70","45","25","0","7","10","25","16","12","0","2","6","17","10","10","0","5","4","8","6","2"
"2022","3","D","발달상권","2120107","공덕역(공덕오거리)","13077","7619","5458","43","2471","3470","3552","3026","515","9","1021","2002","2300","1900","387","34","1450","1468","1252","1126","128"
"2022","3","D","발달상권","2120244","암사역","916","401","515","0","70","85","103","111","547","0","14","44","49","42","252","0","56","41","54","69","295"
"2022","3","A","골목상권","2111075","굽은다리역 2번","192","115","77","0","14","42","52","54","30","0","14","28","24","33","16","0","0","14","28","21","14"
"2022","3","A","골목상권","2111070","천호초등학교","127","73","54","1","7","23","40","28","28","0","3","10","23","17","20","1","4","13","17","11","8"
"2022","3","R","전통시장","2130321","장신구 특화거리 상점가","433","269","164","0","92","114","88","92","47","0","43","72","56","61","37","0","49","42","32","31","10"
"2022","3","A","골목상권","2110084","경리단길북측","315","168","147","0","47","85","84","57","42","0","23","36","39","36","34","0","24","49","45","21","8"
"2022","3","A","골목상권","2110065","남정초등학교","137","92","45","0","17","45","48","17","10","0","9","37","31","10","5","0","8","8","17","7","5"
"2022","3","A","골목상권","2110042","남산골공원옆","994","621","373","3","121","221","287","251","111","0","43","127","198","179","74","3","78","94","89","72","37"
"2022","3","A","골목상권","2110073","삼각지역 3번","7916","2353","5563","56","2498","2872","1896","491","103","25","856","912","415","109","36","31","1642","1960","1481","382","67"
"2022","3","R","전통시장","2130051","동화동 골목형상점가","391","156","235","1","82","94","98","66","50","1","18","25","43","36","33","0","64","69","55","30","17"
"2022","3","A","골목상권","2110064","효창공원앞역 2번","925","527","398","2","126","275","263","160","99","1","49","160","162","88","67","1","77","115","101","72","32"
"2022","3","A","골목상권","2110072","열정도","374","244","130","6","108","96","78","51","35","0","51","71","62","37","23","6","57","25","16","14","12"
"2022","3","A","골목상권","2110170","동대부여고","189","105","84","1","35","39","58","39","17","0","16","16","35","26","12","1","19","23","23","13","5"
"2022","3","R","전통시장","2130082","면곡골목시장","20","11","9","0","4","0","1","9","6","0","4","0","0","3","4","0","0","0","1","6","2"
"2022","3","A","골목상권","2110323","상월곡역 1번","109","30","79","2","25","24","28","18","12","0","4","5","11","5","5","2","21","19","17","13","7"
"2022","3","A","골목상권","2110507","명지대학교","1537","1156","381","29","392","636","318","129","33","26","257","481","282","83","27","3","135","155","36","46","6"
"2022","3","D","발달상권","2120158","녹두거리(대학동)","695","550","145","2","31","73","200","279","110","0","7","41","163","241","98","2","24","32","37","38","12"
"2022","3","A","골목상권","2110583","공덕래미안3차아파트","316","164","152","0","44","98","102","57","15","0","7","54","60","35","8","0","37","44","42","22","7"
"2022","3","A","골목상권","2110811","보라매역 4번","187","94","93","0","22","41","49","52","23","0","8","22","18","27","19","0","14","19","31","25","4"
"2022","3","A","골목상권","2110766","대림역 5번","360","205","155","0","30","82","85","99","64","0","15","54","42","56","38","0","15","28","43","43","26"
"2022","3","R","전통시장","2130255","영등포전통시장","45","29","16","0","1","7","5","10","22","0","1","5","3","4","16","0","0","2","2","6","6"
"2022","3","A","골목상권","2110872","신림초등학교","277","195","82","3","54","68","69","53","30","3","36","54","54","41","7","0","18","14","15","12","23"
"2022","3","A","골목상권","2110971","선정릉역 4번","1542","900","642","11","278","455","380","254","164","6","140","270","245","120","119","5","138","185","135","134","45"
"2022","3","D","발달상권","2120047","한남오거리","2290","1458","832","11","366","751","623","343","196","9","152","461","438","249","149","2","214","290","185","94","47"
"2022","3","A","골목상권","2110112","행당역 2번","205","100","105","0","37","37","36","53","42","0","14","19","15","26","26","0","23","18","21","27","16"
"2022","3","R","전통시장","2130012","동대문종합시장(동대문종합시장 신관, 동대문종합시장D동상가)","1319","965","354","2","156","325","348","339","149","0","116","251","238","247","113","2","40","74","110","92","36"
"2022","3","A","골목상권","2110109","금호삼성래미안아파트","92","39","53","0","7","10","12","42","21","0","2","6","3","15","13","0","5","4","9","27","8"
"2022","3","A","골목상권","2110025","충신시장옆","213","129","84","2","17","46","63","56","29","0","6","23","43","33","24","2","11","23","20","23","5"
"2022","3","A","골목상권","2110011","청운초등학교","263","188","75","0","21","105","79","43","15","0","21","95","44","16","12","0","0","10","35","27","3"
"2022","3","R","전통시장","2130087","경동광성상가(경동시장)","28","20","8","0","5","3","8","7","5","0","3","2","6","5","4","0","2","1","2","2","1"
"2022","3","R","전통시장","2130025","삼익패션타운(남대문시장)","5494","2675","2819","69","1760","1561","1124","794","186","31","674","837","763","292","78","38","1086","724","361","502","108"
"2022","3","D","발달상권","2120019","경찰청앞교차로","5958","3146","2812","26","1051","2221","1625","793","242","8","274","1044","982","619","219","18","777","1177","643","174","23"
"2022","3","D","발달상권","2120025","롯데백화점(시청광장 지하쇼핑센터)","22641","6272","16369","229","12750","7002","1623","944","93","71","3075","2028","779","248","71","158","9675","4974","844","696","22"
"2022","3","R","전통시장","2130034","필동 골목형상점가","14","7","7","0","2","4","5","2","1","0","1","2","2","2","0","0","1","2","3","0","1"
"2022","3","R","전통시장","2130058","이촌종합시장","109","78","31","0","13","19","25","26","26","0","7","12","15","21","23","0","6","7","10","5","3"
"2022","3","A","골목상권","2110147","능동우편취급국","815","464","351","4","120","172","160","137","222","2","56","88","104","77","137","2","64","84","56","60","85"
"2022","3","R","전통시장","2130046","team204(팀204)","20","13","7","0","1","3","4","2","10","0","0","2","3","1","7","0","1","1","1","1","3"
"2022","3","A","골목상권","2110046","버티고개","106","76","30","0","6","23","41","28","8","0","3","17","29","20","7","0","3","6","12","8","1"
"2022","3","D","발달상권","2120008","인사동","22070","13019","9051","1263","7895","5069","3940","2756","1147","589","4005","3077","2666","2006","676","674","3890","1992","1274","750","471"
"2022","3","A","골목상권","2110144","어린이대공원역 4번","47","23","24","0","5","4","13","16","9","0","1","1","7","8","6","0","4","3","6","8","3"
"2022","3","R","전통시장","2130071","성수역 골목형상점가","335","180","155","1","61","89","70","43","71","0","27","43","43","29","38","1","34","46","27","14","33"
"2022","3","A","골목상권","2110143","뚝섬유원지역 1번","63","26","37","1","5","15","12","20","10","1","0","3","7","7","8","0","5","12","5","13","2"
"2022","3","R","전통시장","2130063","신금호역 골목형상점가","30","21","9","0","2","4","5","9","10","0","1","3","4","7","6","0","1","1","1","2","4"
"2022","3","A","골목상권","2110145","장안초등학교","7","4","3","0","0","1","2","3","1","0","0","0","1","3","0","0","0","1","1","0","1"
"2022","3","A","골목상권","2110243","중랑노인종합복지관","317","126","191","1","32","51","76","111","46","0","7","22","39","36","22","1","25","29","37","75","24"
"2022","3","A","골목상권","2110168","대원고등학교","688","531","157","0","66","102","139","225","156","0","38","73","103","173","144","0","28","29","36","52","12"
"2022","3","A","골목상권","2110233","중랑역 1번","142","46","96","1","23","27","50","35","6","1","6","7","16","11","5","0","17","20","34","24","1"
"2022","3","A","골목상권","2110356","덕수교","228","114","114","0","13","34","55","60","66","0","4","17","22","30","41","0","9","17","33","30","25"
"2022","3","A","골목상권","2110264","면목역 2번","358","170","188","1","52","75","93","80","57","0","21","40","40","37","32","1","31","35","53","43","25"
"2022","3","A","골목상권","2110566","경의선책거리","1690","934","756","2","359","547","406","290","86","1","137","328","252","157","59","1","222","219","154","133","27"
"2022","3","A","골목상권","2110330","돌곶이역 1번","220","172","48","0","12","18","33","31","126","0","4","12","20","23","113","0","8","6","13","8","13"
"2022","3","A","골목상권","2110989","대치동아우편취급국","444","270","174","9","90","148","75","68","54","0","43","102","43","44","38","9","47","46","32","24","16"
"2022","3","A","골목상권","2110493","북가좌초등학교","892","830","62","0","2","19","27","80","764","0","0","12","22","68","728","0","2","7","5","12","36"
"2022","3","A","골목상권","2110343","무너미어린이공원","100","74","26","0","7","21","28","32","12","0","4","14","22","25","9","0","3","7","6","7","3"
"2022","3","A","골목상권","2110320","KB국민은행 종암동지점","72","44","28","0","2","11","24","21","14","0","1","5","12","14","12","0","1","6","12","7","2"
"2022","3","D","발달상권","2120075","월곡역","369","213","156","1","40","86","97","67","78","0","17","48","54","44","50","1","23","38","43","23","28"
"2022","3","A","골목상권","2110283","성북초등학교앞","203","78","125","0","16","33","56","80","18","0","8","10","23","27","10","0","8","23","33","53","8"
"2022","3","A","골목상권","2110349","화계역 2번","83","67","16","0","6","4","21","33","19","0","5","3","12","28","19","0","1","1","9","5","0"
"2022","3","A","골목상권","2110359","수유시장옆","117","67","50","0","12","25","33","36","11","0","3","12","16","29","7","0","9","13","17","7","4"
"2022","3","A","골목상권","2110372","강북중학교","188","100","88","0","21","43","50","48","26","0","17","25","18","20","20","0","4","18","32","28","6"
"2022","3","A","골목상권","2110530","아현역 1번","36","20","16","0","5","5","7","15","4","0","2","5","4","6","3","0","3","0","3","9","1"
"2022","3","R","전통시장","2130129","장미원골목시장","911","571","340","0","15","14","38","89","755","0","1","4","12","40","514","0","14","10","26","49","241"
"2022","3","A","골목상권","2110495","북가좌2동주민센터","501","372","129","0","28","67","125","185","96","0","11","45","88","152","76","0","17","22","37","33","20"
"2022","3","A","골목상권","2110514","서대문우체국","86","19","67","0","26","26","17","9","8","0","0","4","7","4","4","0","26","22","10","5","4"
"2022","3","A","골목상권","2110562","연트럴파크(연남동주민센터)","426","237","189","1","73","118","96","94","44","1","29","76","55","44","32","0","44","42","41","50","12"
"2022","3","R","전통시장","2130185","망원월드컵시장","190","123","67","1","26","69","53","25","16","1","14","43","35","16","14","0","12","26","18","9","2"
"2022","3","A","골목상권","2110757","양평역 2번","1501","1114","387","1","111","230","356","424","379","0","51","176","286","314","287","1","60","54","70","110","92"
"2022","3","A","골목상권","2110502","남가좌파출소","290","147","143","0","29","34","73","92","62","0","14","16","35","47","35","0","15","18","38","45","27"
"2022","3","A","골목상권","2110496","모래내우체국","611","333","278","2","88","190","160","89","82","2","20","100","117","42","52","0","68","90","43","47","30"
"2022","3","A","골목상권","2110551","성서초등학교","803","387","416","1","110","164","235","172","121","1","42","90","114","81","59","0","68","74","121","91","62"
"2022","3","A","골목상권","2110565","홍익대","107","64","43","0","16","32","34","19","6","0","8","15","23","13","5","0","8","17","11","6","1"
"2022","3","R","전통시장","2130175","신촌 상인회(신촌상점가)","13","5","8","0","1","3","5","4","0","0","1","0","1","3","0","0","0","3","4","1","0"
"2022","3","A","골목상권","2110578","대흥역 2번","2091","1413","678","2","213","337","391","638","510","1","80","225","309","452","346","1","133","112","82","186","164"
"2022","3","D","발달상권","2120138","당산2동(영등포우체국)","2754","1653","1101","23","745","579","479","488","440","15","395","347","312","309","275","8","350","232","167","179","165"
"2022","3","R","전통시장","2130186","망원시장","178","84","94","0","16","30","47","50","35","0","13","19","20","17","15","0","3","11","27","33","20"
"2022","3","A","골목상권","2110563","상수역 3번","355","274","81","12","83","130","78","23","29","10","63","101","61","16","23","2","20","29","17","7","6"
"2022","3","D","발달상권","2120159","서울대입구역","1430","763","667","12","289","320","321","238","250","6","116","164","174","133","170","6","173","156","147","105","80"
"2022","3","A","골목상권","2110756","문래중학교","275","179","96","0","48","79","78","35","35","0","21","58","52","21","27","0","27","21","26","14","8"
"2022","3","R","전통시장","2130285","서원동상점가","615","316","299","4","28","56","85","160","282","1","17","38","45","60","155","3","11","18","40","100","127"
"2022","3","A","골목상권","2110864","신림우방아파트","236","161","75","0","31","48","53","60","44","0","21","31","37","43","29","0","10","17","16","17","15"
"2022","3","A","골목상권","2110772","신우어린이공원","94","55","39","0","9","15","22","26","22","0","5","8","12","19","11","0","4","7","10","7","11"
"2022","3","R","전통시장","2130289","봉일시장","36","20","16","1","1","2","5","14","13","0","0","1","5","3","11","1","1","1","0","11","2"
"2022","3","R","전통시장","2130282","난곡 골목형상점가","20","8","12","0","4","2","10","4","0","0","2","1","4","1","0","0","2","1","6","3","0"
"2022","3","A","골목상권","2110874","원신초등학교(구세군관악영문교회)","46","15","31","1","4","19","7","12","3","1","1","3","3","6","1","0","3","16","4","6","2"
"2022","3","A","골목상권","2110410","방학역 2번","957","833","124","3","75","187","185","224","283","2","61","162","154","194","260","1","14","25","31","30","23"
"2022","3","D","발달상권","2120201","도곡1동","11559","6387","5172","116","3565","3472","2482","1299","625","31","1365","2021","1730","754","486","85","2200","1451","752","545","139"
"2022","3","R","전통시장","2130308","청담삼익시장","48","30","18","0","5","11","13","7","12","0","3","6","8","4","9","0","2","5","5","3","3"
"2022","3","A","골목상권","2110977","논현로18길","148","102","46","0","22","32","45","29","20","0","14","20","33","20","15","0","8","12","12","9","5"
"2022","3","A","골목상권","2110969","베르사이유1아파트","1546","1230","316","4","231","442","483","285","101","2","165","345","402","239","77","2","66","97","81","46","24"
"2022","3","R","전통시장","2130020","동묘시장(동묘벼룩시장)","407","177","230","5","154","93","73","58","24","5","43","31","45","32","21","0","111","62","28","26","3"
"2022","3","D","발달상권","2120082","상계백병원","426","148","278","0","85","102","118","82","39","0","21","24","39","43","21","0","64","78","79","39","18"
"2022","3","R","전통시장","2130206","신정3동 골목시장","20","6","14","0","0","5","11","2","2","0","0","0","3","1","2","0","0","5","8","1","0"
"2022","3","R","전통시장","2130100","답십리시장","93","40","53","2","19","25","23","11","13","2","4","9","11","6","8","0","15","16","12","5","5"
"2022","3","R","전통시장","2130153","창동역상점가","229","138","91","0","18","48","54","56","53","0","7","31","30","31","39","0","11","17","24","25","14"
"2022","3","R","전통시장","2130088","경동시장","126","57","69","0","18","32","24","17","35","0","3","11","11","10","22","0","15","21","13","7","13"
"2022","3","A","골목상권","2110435","서울과학기술대","73","40","33","0","5","12","18","25","13","0","3","4","8","14","11","0","2","8","10","11","2"
"2022","3","A","골목상권","2110489","불광역 3번","35","25","10","0","3","7","10","10","5","0","3","4","7","6","5","0","0","3","3","4","0"
"2022","3","A","골목상권","2110431","상계역","124","72","52","1","16","24","28","37","18","0","2","13","17","27","13","1","14","11","11","10","5"
"2022","3","D","발달상권","2120089","구파발역","1","0","1","0","0","0","1","0","0","0","0","0","0","0","0","0","0","0","1","0","0"
"2022","3","A","골목상권","2110931","삼성전자서울R&D(서울우면초등학교)","100","51","49","0","37","31","18","7","7","0","12","16","10","7","6","0","25","15","8","0","1"
"2022","3","R","전통시장","2130086","서울약령시장","1184","651","533","4","113","208","305","341","213","0","56","128","165","181","121","4","57","80","140","160","92"
"2022","3","A","골목상권","2110195","동대문구청","221","115","106","0","41","58","47","40","35","0","12","28","23","27","25","0","29","30","24","13","10"
"2022","3","R","전통시장","2130036","중부시장(신중부시장)","3089","921","2168","8","1868","593","250","198","172","3","316","189","171","120","122","5","1552","404","79","78","50"
"2022","3","A","골목상권","2110249","중화역 1번","783","496","287","0","71","131","213","207","161","0","34","62","112","143","145","0","37","69","101","64","16"
"2022","3","A","골목상권","2110790","대림1동주민센터","739","336","403","1","74","163","280","161","60","1","46","71","88","77","53","0","28","92","192","84","7"
"2022","3","A","골목상권","2110036","동묘앞역 3번","65","42","23","0","3","7","20","15","20","0","1","3","10","13","15","0","2","4","10","2","5"
"2022","3","A","골목상권","2110303","성신여대입구역 1번","138","97","41","1","7","35","44","27","24","0","2","22","28","25","20","1","5","13","16","2","4"
"2022","3","A","골목상권","2110855","신대방역 2번","429","275","154","2","53","111","126","90","47","0","22","81","83","55","34","2","31","30","43","35","13"
"2022","3","A","골목상권","2110451","증산역 4번","1296","986","310","2","153","384","374","298","85","2","78","294","312","235","65","0","75","90","62","63","20"
"2022","3","A","골목상권","2110450","시립서북병원","1576","644","932","4","301","361","344","339","227","2","124","172","146","108","92","2","177","189","198","231","135"
"2022","3","A","골목상권","2110483","연천초등학교","147","90","57","0","13","21","45","22","46","0","5","11","31","13","30","0","8","10","14","9","16"
"2022","3","A","골목상권","2110487","불광역 8번","63","35","28","0","11","22","15","8","7","0","6","11","7","8","3","0","5","11","8","0","4"
"2022","3","R","전통시장","2130171","불광먹자골목 골목형상점가","155","54","101","0","18","31","24","37","45","0","4","9","11","16","14","0","14","22","13","21","31"
"2022","3","R","전통시장","2130167","연신내상점가(연빛거리)","636","239","397","1","144","143","157","120","71","1","31","52","57","53","45","0","113","91","100","67","26"
"2022","3","R","전통시장","2130224","개봉프라자(고척근린시장)","5","4","1","0","0","0","1","2","2","0","0","0","1","1","2","0","0","0","0","1","0"
"2022","3","A","골목상권","2110602","신월시영아파트중문","644","574","70","1","7","22","68","238","308","0","4","13","52","214","291","1","3","9","16","24","17"
"2022","3","A","골목상권","2110474","세명컴퓨터고등학교","196","68","128","0","12","41","40","59","44","0","3","19","15","11","20","0","9","22","25","48","24"
"2022","3","R","전통시장","2130168","연서시장","242","157","85","0","19","50","53","65","55","0","5","23","33","49","47","0","14","27","20","16","8"
"2022","3","D","발달상권","2120114","목동신시가지","13614","9392","4222","46","2086","3824","3484","2915","1259","29","1130","2623","2555","2209","846","17","956","1201","929","706","413"
"2022","3","R","전통시장","2130210","목2동시장","432","251","181","1","66","124","122","71","48","1","40","69","70","39","32","0","26","55","52","32","16"
"2022","3","D","발달상권","2120109","서울남부지방법원","608","342","266","2","56","104","110","170","166","1","18","40","50","104","129","1","38","64","60","66","37"
"2022","3","R","전통시장","2130201","월정로시장","27","17","10","0","2","8","10","7","0","0","0","7","6","4","0","0","2","1","4","3","0"
"2022","3","A","골목상권","2110035","동묘앞역 2번","276","161","115","2","18","43","75","88","50","0","5","18","42","65","31","2","13","25","33","23","19"
"2022","3","A","골목상권","2110190","고대앞사거리","195","92","103","0","22","34","34","45","60","0","4","18","22","19","29","0","18","16","12","26","31"
"2022","3","A","골목상권","2110634","송정역 3번","664","434","230","0","64","143","178","145","134","0","33","90","116","101","94","0","31","53","62","44","40"
"2022","3","A","골목상권","2110630","공항시장역 1번","1472","1008","464","0","157","294","298","328","395","0","67","180","202","240","319","0","90","114","96","88","76"
"2022","3","A","골목상권","2110636","방화역 2번","152","76","76","1","25","49","41","21","15","0","9","26","27","4","10","1","16","23","14","17","5"
"2022","3","D","발달상권","2120124","개봉동 현대아파트","461","205","256","0","63","89","119","82","108","0","18","26","49","43","69","0","45","63","70","39","39"
"2022","3","A","골목상권","2110674","강서구청가양동별관","491","327","164","1","69","102","106","109","104","1","54","78","63","51","80","0","15","24","43","58","24"
"2022","3","R","전통시장","2130219","까치산시장","124","37","87","0","16","18","39","32","19","0","4","6","9","9","9","0","12","12","30","23","10"
"2022","3","D","발달상권","2120122","강서구청","2137","1208","929","4","308","444","489","437","455","2","103","218","267","256","362","2","205","226","222","181","93"
"2022","3","A","골목상권","2110666","KC대학교","257","131","126","0","26","51","66","72","42","0","16","23","31","26","35","0","10","28","35","46","7"
"2022","3","A","골목상권","2110667","가양역 10번","177","126","51","0","33","32","56","36","20","0","21","20","38","29","18","0","12","12","18","7","2"
"2022","3","A","골목상권","2110650","우장산힐스테이트","146","118","28","0","24","30","52","21","19","0","15","25","43","18","17","0","9","5","9","3","2"
"2022","3","A","골목상권","2110700","고척초등학교","3249","2648","601","3","209","680","974","1176","207","2","119","533","803","1021","170","1","90","147","171","155","37"
"2022","3","A","골목상권","2110652","양천향교역 2번","643","483","160","0","70","131","146","169","127","0","32","102","104","139","106","0","38","29","42","30","21"
"2022","3","A","골목상권","2110642","정곡초등학교","193","163","30","2","8","14","35","69","65","1","4","10","30","58","60","1","4","4","5","11","5"
"2022","3","D","발달상권","2120127","구로구청","5918","3878","2040","6","614","1229","1440","1444","1185","5","365","976","1050","808","674","1","249","253","390","636","511"
"2022","3","R","전통시장","2130229","남구로시장","249","139","110","1","16","53","61","62","56","0","7","30","31","32","39","1","9","23","30","30","17"
"2022","3","D","발달상권","2120171","서초3동사거리","11750","6206","5544","15","1990","3845","2551","1862","1487","6","827","1746","1496","1064","1067","9","1163","2099","1055","798","420"
"2022","3","A","골목상권","2110704","고척중학교","62","36","26","0","12","23","10","12","5","0","7","12","3","11","3","0","5","11","7","1","2"
"2022","3","A","골목상권","2110715","구로구민회관","93","64","29","0","13","15","30","27","8","0","5","11","20","21","7","0","8","4","10","6","1"
"2022","3","D","발달상권","2120123","오류동역","2120","1645","475","1","313","413","505","594","294","0","276","331","389","425","224","1","37","82","116","169","70"
"2022","3","A","골목상권","2110726","금천철쭉어린이공원(금하마을)","222","172","50","0","19","25","41","62","75","0","17","16","22","45","72","0","2","9","19","17","3"
"2022","3","A","골목상권","2110723","가산디지털단지역 1번 출입구","286","247","39","0","6","10","37","130","103","0","6","5","26","113","97","0","0","5","11","17","6"
"2022","3","A","골목상권","2110735","말미고개","520","330","190","0","64","115","140","140","61","0","31","79","94","79","47","0","33","36","46","61","14"
"2022","3","D","발달상권","2120179","양재역","21445","16961","4484","59","3105","7307","5206","3969","1799","34","2177","6101","4309","3030","1310","25","928","1206","897","939","489"
"2022","3","A","골목상권","2110739","시흥3동 우편취급국","1558","585","973","1","167","288","537","525","40","0","50","153","224","133","25","1","117","135","313","392","15"
"2022","3","D","발달상권","2120153","노량진역(노량진)","3699","1844","1855","10","521","1209","935","690","334","2","193","496","461","465","227","8","328","713","474","225","107"
"2022","3","R","전통시장","2130263","신노량진시장(기능상실)","11","3","8","0","0","3","3","5","0","0","0","0","1","2","0","0","0","3","2","3","0"
"2022","3","A","골목상권","2110921","서울프랑스학교","522","321","201","7","63","71","118","142","121","2","30","43","82","90","74","5","33","28","36","52","47"
"2022","3","R","전통시장","2130261","성대전통시장(성대시장)","211","104","107","0","15","47","61","61","27","0","4","26","33","23","18","0","11","21","28","38","9"
"2022","3","A","골목상권","2110845","사당종합체육관","119","51","68","0","9","17","39","36","18","0","5","8","19","9","10","0","4","9","20","27","8"
"2022","3","A","골목상권","2110820","성남고등학교","3101","2470","631","1","651","742","555","991","161","0","438","581","448","879","124","1","213","161","107","112","37"
"2022","3","D","발달상권","2120147","보라매역","1981","1262","719","6","292","455","377","378","473","3","99","312","255","270","323","3","193","143","122","108","150"
"2022","3","A","골목상권","2110823","신대방삼거리역 3번","472","242","230","0","30","45","83","121","193","0","17","26","40","42","117","0","13","19","43","79","76"
"2022","3","A","골목상권","2110919","내방역 8번","1539","1126","413","3","142","311","413","419","251","1","60","179","331","354","201","2","82","132","82","65","50"
"2022","3","D","발달상권","2120067","장안동사거리","2587","1169","1418","9","427","578","671","577","325","7","165","280","258","255","204","2","262","298","413","322","121"
"2022","3","R","전통시장","2130267","본동인정시장(기능상실)","59","41","18","0","6","10","12","15","16","0","4","7","9","8","13","0","2","3","3","7","3"
"2022","3","D","발달상권","2120167","고속터미널(고속터미널역)","5078","2994","2084","6","600","1311","1087","924","1150","5","318","915","786","488","482","1","282","396","301","436","668"
"2022","3","A","골목상권","2110917","서초소방서","1505","939","566","6","157","432","402","355","153","2","72","281","295","181","108","4","85","151","107","174","45"
"2022","3","D","발달상권","2120186","가로수길","6518","3580","2938","19","1316","2133","1570","895","585","5","447","1174","950","573","431","14","869","959","620","322","154"
"2022","3","A","골목상권","2110909","남태령역(서울전자고등학교)","132","97","35","1","11","29","23","34","34","1","4","19","16","29","28","0","7","10","7","5","6"
"2022","3","A","골목상권","2110953","학동근린공원","2487","1583","904","15","679","891","571","218","113","0","336","572","409","180","86","15","343","319","162","38","27"
"2022","3","A","골목상권","2110910","내방역 5번","614","240","374","5","72","124","157","176","80","3","30","69","52","49","37","2","42","55","105","127","43"
"2022","3","A","골목상권","2110906","서문여고","683","362","321","2","217","106","119","106","133","0","59","58","72","62","111","2","158","48","47","44","22"
"2022","3","A","골목상권","2110748","백산초등학교","102","64","38","0","6","19","21","26","30","0","2","9","11","22","20","0","4","10","10","4","10"
"2022","3","R","전통시장","2130302","강남시장(강남구 강남시장)","58","33","25","0","13","15","14","8","8","0","7","10","9","2","5","0","6","5","5","6","3"
"2022","3","A","골목상권","2110947","청계산입구역 2번(내곡동주민센터)","121","48","73","0","19","18","29","21","34","0","9","9","15","7","8","0","10","9","14","14","26"
"2022","3","A","골목상권","2110952","논현목련공원","117","65","52","0","21","23","27","22","24","0","9","13","13","14","16","0","12","10","14","8","8"
"2022","3","A","골목상권","2110194","홍파초등학교","112","85","27","0","6","32","24","36","14","0","4","20","20","31","10","0","2","12","4","5","4"
"2022","3","A","골목상권","2110964","싸리고개근린공원","217","124","93","0","29","60","59","34","35","0","8","32","36","23","25","0","21","28","23","11","10"
"2022","3","A","골목상권","2111025","경찰병원역 3번","686","412","274","1","84","164","149","157","131","0","45","102","103","88","74","1","39","62","46","69","57"
"2022","3","D","발달상권","2120232","송파나루역","1269","856","413","0","212","350","295","218","194","0","91","220","204","165","176","0","121","130","91","53","18"
"2022","3","D","발달상권","2120220","대치역","5578","3302","2276","26","1841","2261","972","319","159","2","769","1465","717","225","124","24","1072","796","255","94","35"
"2022","3","A","골목상권","2110232","동대부고","579","413","166","0","41","71","119","175","173","0","14","38","80","134","147","0","27","33","39","41","26"
"2022","3","A","골목상권","2110184","용두사거리","423","215","208","0","81","138","75","77","52","0","39","51","34","51","40","0","42","87","41","26","12"
"2022","3","A","골목상권","2110004","대신고등학교","32","14","18","0","3","4","8","14","3","0","1","0","3","8","2","0","2","4","5","6","1"
"2022","3","A","골목상권","2110291","한성대입구역 3번","345","174","171","2","27","49","96","92","79","0","14","24","50","52","34","2","13","25","46","40","45"
"2022","3","A","골목상권","2110434","태릉입구역 4번","121","62","59","0","13","11","24","35","38","0","3","2","12","22","23","0","10","9","12","13","15"
"2022","3","A","골목상권","2110926","신중초등학교","1610","1175","435","6","193","359","463","382","207","3","114","263","355","292","148","3","79","96","108","90","59"
"2022","3","D","발달상권","2120016","동대문역","193","120","73","1","10","27","45","44","66","0","6","14","20","31","49","1","4","13","25","13","17"
"2022","3","A","골목상권","2111004","삼전역 1번","2036","1331","705","13","263","407","504","376","473","0","108","261","337","239","386","13","155","146","167","137","87"
"2022","3","A","골목상권","2111003","삼전역 4번","1991","1333","658","6","249","412","547","436","341","1","160","278","331","307","256","5","89","134","216","129","85"
"2022","3","A","골목상권","2110205","경희대삼거리","82","48","34","0","4","13","23","23","19","0","2","10","7","17","12","0","2","3","16","6","7"
"2022","3","A","골목상권","2111087","고덕중학교(고덕2동주민센터)","197","89","108","0","26","46","62","36","27","0","5","21","26","17","20","0","21","25","36","19","7"
"2022","3","D","발달상권","2120236","장지역(가든파이브)","4622","3221","1401","15","678","1056","1076","989","808","10","373","711","778","710","639","5","305","345","298","279","169"
"2022","3","A","골목상권","2111001","아래방죽마을공원(율현초등학교)","70","44","26","0","2","10","16","22","20","0","1","7","13","13","10","0","1","3","3","9","10"
"2022","3","A","골목상권","2111046","마천역(마천초등학교)","705","400","305","2","76","145","170","193","119","1","47","85","83","94","90","1","29","60","87","99","29"
"2022","3","A","골목상권","2111009","송파책박물관","127","92","35","1","13","38","27","22","26","0","11","32","17","14","18","1","2","6","10","8","8"
"2022","3","A","골목상권","2111016","송파역 2번","3803","1601","2202","15","1126","1104","801","601","156","8","407","533","427","165","61","7","719","571","374","436","95"
"2022","3","R","전통시장","2130315","문정동 로데오거리 상점가(문정동 로데오거리)","1372","808","564","6","313","289","260","251","253","3","118","168","164","145","210","3","195","121","96","106","43"
"2022","3","R","전통시장","2130089","청량리수산시장","42","33","9","0","4","7","16","6","9","0","3","7","12","4","7","0","1","0","4","2","2"
"2022","3","A","골목상권","2110183","한국의류시험연구원","833","441","392","3","237","305","147","75","66","1","87","160","79","58","56","2","150","145","68","17","10"
"2022","3","A","골목상권","2111051","천호역 6번","407","252","155","2","65","80","90","88","82","1","44","56","58","47","46","1","21","24","32","41","36"
"2022","3","R","전통시장","2130322","고분다리전통시장","8","5","3","0","0","1","2","4","1","0","0","1","1","2","1","0","0","0","1","2","0"
"2022","3","A","골목상권","2111063","강동구립 천호도서관","368","182","186","0","25","44","81","85","133","0","5","15","21","30","111","0","20","29","60","55","22"
"2022","3","R","전통시장","2130318","로데오거리상점가","266","132","134","0","31","43","49","55","88","0","9","12","19","26","66","0","22","31","30","29","22"
"2022","3","A","골목상권","2111050","강동구청(강동구청역 2번)","131","96","35","0","21","14","21","32","43","0","12","5","12","27","40","0","9","9","9","5","3"
"2022","3","A","골목상권","2111064","둔촌동역 4번","157","98","59","0","13","34","47","40","23","0","3","21","30","28","16","0","10","13","17","12","7"
"2022","3","A","골목상권","2111068","강동성심병원","1570","605","965","0","532","392","271","203","172","0","126","134","114","101","130","0","406","258","157","102","42"
"2022","3","A","골목상권","2110056","신당역 3번","506","288","218","0","60","129","115","112","90","0","29","63","68","70","58","0","31","66","47","42","32"
"2022","3","D","발달상권","2120052","성수역","11387","7284","4103","23","2113","2900","2661","2238","1452","12","1170","1971","1783","1298","1050","11","943","929","878","940","402"
"2022","3","A","골목상권","2110156","군자역 5번","624","365","259","0","96","182","174","113","59","0","41","115","102","67","40","0","55","67","72","46","19"
"2022","3","A","골목상권","2110265","망우역 1번","198","91","107","1","23","43","54","57","20","0","7","18","21","32","13","1","16","25","33","25","7"
"2022","3","R","전통시장","2130120","돈암시장(돈암제일시장)","99","23","76","1","20","20","25","18","15","0","0","2","7","8","6","1","20","18","18","10","9"
"2022","3","A","골목상권","2110373","수유역 2번","891","705","186","0","129","255","172","236","99","0","90","208","134","205","68","0","39","47","38","31","31"
"2022","3","A","골목상권","2110345","솔밭공원역 2번","117","48","69","1","14","20","26","38","18","0","3","6","8","18","13","1","11","14","18","20","5"
"2022","3","A","골목상권","2110762","선유도역 1번","3139","2286","853","6","392","669","739","809","524","4","217","459","529","629","448","2","175","210","210","180","76"
"2022","3","A","골목상권","2110122","마장역 2번","464","271","193","1","60","88","117","113","85","1","32","59","68","61","50","0","28","29","49","52","35"
"2022","3","A","골목상권","2110237","메가박스 상봉","274","152","122","0","30","67","97","54","26","0","13","37","48","36","18","0","17","30","49","18","8"
"2022","3","D","발달상권","2120057","아차산역","2218","1220","998","52","412","432","503","468","351","19","236","257","289","206","213","33","176","175","214","262","138"
"2022","3","A","골목상권","2110164","아차산역 5번","731","494","237","3","111","126","143","164","184","0","61","77","101","112","143","3","50","49","42","52","41"
"2022","3","D","발달상권","2120223","휘문고교사거리","9166","5574","3592","20","1785","2926","2736","1401","298","4","1102","2061","1597","609","201","16","683","865","1139","792","97"
"2022","3","A","골목상권","2110409","창동역 2번","3957","2958","999","1","352","962","964","701","977","0","256","794","803","441","664","1","96","168","161","260","313"
"2022","3","A","골목상권","2110146","신자초등학교","735","531","204","0","50","79","208","276","122","0","25","44","156","209","97","0","25","35","52","67","25"
"2022","3","A","골목상권","2110140","건대입구역 6번","552","361","191","6","51","90","136","158","111","5","28","47","82","114","85","1","23","43","54","44","26"
"2022","3","R","전통시장","2130073","뚝도시장","45","17","28","1","3","10","9","11","11","0","0","2","4","5","6","1","3","8","5","6","5"
"2022","3","R","전통시장","2130049","신당 미래유산 먹거리 골목형상점가","42","19","23","0","3","5","9","13","12","0","1","3","0","7","8","0","2","2","9","6","4"
"2022","3","A","골목상권","2110139","자양4동주민센터","204","116","88","0","13","28","53","51","59","0","3","14","32","25","42","0","10","14","21","26","17"
"2022","3","R","전통시장","2130022","숭례문수입상가(남대문시장)","1907","850","1057","0","330","855","598","113","11","0","55","378","338","70","9","0","275","477","260","43","2"
"2022","3","A","골목상권","2110044","관성묘","405","300","105","0","50","135","145","51","24","0","24","90","125","44","17","0","26","45","20","7","7"
"2022","3","A","골목상권","2110174","아차산역 1번","432","305","127","1","49","80","115","104","83","1","25","57","76","69","77","0","24","23","39","35","6"
"2022","3","R","전통시장","2130041","신평화패션타운(청계6가 지하도상가)","28","21","7","0","1","5","9","8","5","0","0","4","9","5","3","0","1","1","0","3","2"
"2022","3","R","전통시장","2130043","제일평화시장","43","27","16","0","6","14","13","8","2","0","1","9","9","6","2","0","5","5","4","2","0"
"2022","3","R","전통시장","2130035","방산종합시장(방산시장)","1190","736","454","1","96","200","284","312","297","0","56","117","154","191","218","1","40","83","130","121","79"
"2022","3","A","골목상권","2110052","장충초등학교","484","281","203","0","43","100","132","130","79","0","16","63","75","82","45","0","27","37","57","48","34"
"2022","3","A","골목상권","2110049","장충단 고개","2303","1240","1063","4","566","582","448","431","272","2","174","314","281","257","212","2","392","268","167","174","60"
"2022","3","A","골목상권","2110119","마장지하차도","127","89","38","0","17","26","32","26","26","0","12","22","19","18","18","0","5","4","13","8","8"
"2022","3","A","골목상권","2110126","서울숲역 1번","27","18","9","0","0","7","2","12","6","0","0","6","0","7","5","0","0","1","2","5","1"
"2022","3","A","골목상권","2110588","한겨레신문사","169","92","77","0","34","44","41","33","17","0","14","22","20","21","15","0","20","22","21","12","2"
"2022","3","A","골목상권","2110179","광나루역 1번","911","620","291","0","142","209","188","233","139","0","82","160","157","154","67","0","60","49","31","79","72"
"2022","3","A","골목상권","2110103","옥수터널","13","11","2","1","0","2","2","6","2","0","0","2","2","5","2","1","0","0","0","1","0"
"2022","3","A","골목상권","2110138","송정체육공원","160","79","81","0","15","27","53","41","24","0","4","12","21","23","19","0","11","15","32","18","5"
"2022","3","A","골목상권","2110135","성동세무서","355","182","173","0","41","69","96","66","83","0","7","34","41","34","66","0","34","35","55","32","17"
"2022","3","A","골목상권","2110105","금동어린이공원","43","20","23","0","1","9","12","12","9","0","0","3","3","8","6","0","1","6","9","4","3"
"2022","3","D","발달상권","2120069","상봉역","932","597","335","6","147","258","263","151","107","4","102","158","163","99","71","2","45","100","100","52","36"
"2022","3","A","골목상권","2110152","중곡어린이공원","338","300","38","0","17","29","64","119","109","0","10","21","55","109","105","0","7","8","9","10","4"
"2022","3","A","골목상권","2110157","자양동우체국","1097","891","206","10","352","279","244","141","71","7","300","237","180","106","61","3","52","42","64","35","10"
"2022","3","A","골목상권","2110252","장안제일시장","712","505","207","1","64","101","159","195","192","1","42","73","87","131","171","0","22","28","72","64","21"
"2022","3","R","전통시장","2130107","중랑동부시장(중랑교종합상가)","13","3","10","0","0","1","4","5","3","0","0","0","0","1","2","0","0","1","4","4","1"
"2022","3","A","골목상권","2110307","길음역 7번","158","71","87","0","29","32","52","27","18","0","7","17","23","12","12","0","22","15","29","15","6"
"2022","3","A","골목상권","2110305","보문역 5번","883","661","222","3","165","255","173","133","154","1","99","199","129","103","130","2","66","56","44","30","24"
"2022","3","A","골목상권","2110340","인수중학교","176","99","77","0","24","55","50","29","18","0","8","43","31","7","10","0","16","12","19","22","8"
"2022","3","A","골목상권","2110760","선유도역 6번","1792","1091","701","8","273","444","499","376","192","6","170","256","275","219","165","2","103","188","224","157","27"
"2022","3","A","골목상권","2110306","미아초등학교","291","194","97","2","13","46","66","71","93","0","3","25","39","45","82","2","10","21","27","26","11"
"2022","3","A","골목상권","2110286","한성대입구역 5번","978","468","510","17","187","284","317","122","51","8","70","126","143","83","38","9","117","158","174","39","13"
"2022","3","A","골목상권","2110332","돌곶이역 3번","164","63","101","0","28","29","42","47","18","0","6","18","19","14","6","0","22","11","23","33","12"
"2022","3","A","골목상권","2110371","삼양입구사거리","49","23","26","0","2","7","10","19","11","0","0","3","5","10","5","0","2","4","5","9","6"
"2022","3","R","전통시장","2130005","세운상가가동","137","96","41","0","7","34","35","22","39","0","5","23","28","8","32","0","2","11","7","14","7"
"2022","3","A","골목상권","2110366","광산사거리","91","64","27","0","17","20","17","22","15","0","13","13","11","16","11","0","4","7","6","6","4"
"2022","3","A","골목상권","2110526","봉원사","241","122","119","1","21","43","58","58","60","1","8","22","26","28","37","0","13","21","32","30","23"
"2022","3","A","골목상권","2110355","삼양사거리역 2번","306","254","52","0","8","26","44","103","125","0","1","10","31","94","118","0","7","16","13","9","7"
"2022","3","A","골목상권","2110536","돈의문센트레빌아파트입구","141","105","36","0","12","23","61","32","13","0","7","17","50","21","10","0","5","6","11","11","3"
"2022","3","A","골목상권","2110522","홍제역 3번","8","3","5","0","3","0","1","1","3","0","0","0","0","1","2","0","3","0","1","0","1"
"2022","3","A","골목상권","2110778","구로디지털단지역 4번","1615","878","737","0","248","461","489","233","184","0","122","282","196","145","133","0","126","179","293","88","51"
"2022","3","R","전통시장","2130242","대림중앙 골목형상점가","68","21","47","0","4","14","21","24","5","0","1","6","5","5","4","0","3","8","16","19","1"
"2022","3","A","골목상권","2110763","영등포구청역 2번","480","353","127","2","84","147","107","84","56","0","53","100","79","72","49","2","31","47","28","12","7"
"2022","3","A","골목상권","2110500","남가좌동현대아파트","74","54","20","0","12","13","23","22","4","0","8","9","17","17","3","0","4","4","6","5","1"
"2022","3","A","골목상권","2110569","홍대땡땡거리","358","153","205","2","62","108","97","53","36","1","18","48","46","19","21","1","44","60","51","34","15"
"2022","3","D","발달상권","2120150","63빌딩","7632","4749","2883","29","989","1932","2741","1691","250","5","494","1296","1379","1422","153","24","495","636","1362","269","97"
"2022","3","A","골목상권","2110501","연희어린이공원","214","82","132","0","12","33","40","75","54","0","3","20","15","18","26","0","9","13","25","57","28"
"2022","3","D","발달상권","2120151","보라매공원","2417","1455","962","6","401","736","707","383","184","4","194","433","450","237","137","2","207","303","257","146","47"
"2022","3","A","골목상권","2110577","용강동주민센터","145","105","40","0","15","42","47","31","10","0","12","31","38","17","7","0","3","11","9","14","3"
"2022","3","R","전통시장","2130011","충신시장","88","44","44","0","19","19","20","17","13","0","7","11","8","8","10","0","12","8","12","9","3"
"2022","3","A","골목상권","2110556","절두산순교성지","176","112","64","3","17","42","58","39","17","3","8","27","39","24","11","0","9","15","19","15","6"
"2022","3","R","전통시장","2130198","아현시장","203","45","158","1","51","84","52","10","5","0","8","5","26","4","2","1","43","79","26","6","3"
"2022","3","A","골목상권","2110784","신대림초등학교","76","42","34","0","3","11","18","36","8","0","0","7","12","18","5","0","3","4","6","18","3"
"2022","3","R","전통시장","2130295","인헌시장(원당종합시장)","122","48","74","0","20","27","38","23","14","0","3","9","16","12","8","0","17","18","22","11","6"
"2022","3","R","전통시장","2130288","신림현대종합상가","2","0","2","0","1","1","0","0","0","0","0","0","0","0","0","0","1","1","0","0","0"
"2022","3","A","골목상권","2110888","청룡동주민센터","94","53","41","0","5","9","11","22","47","0","3","2","4","6","38","0","2","7","7","16","9"
"2022","3","A","골목상권","2110773","당산역 13번","272","218","54","0","46","65","45","40","76","0","36","53","32","34","63","0","10","12","13","6","13"
"2022","3","A","골목상권","2110802","신길동홍어거리","336","159","177","1","59","113","86","61","16","0","18","45","44","40","12","1","41","68","42","21","4"
"2022","3","A","골목상권","2110812","신길6동주민센터","363","245","118","0","69","115","106","50","23","0","34","78","85","29","19","0","35","37","21","21","4"
"2022","3","A","골목상권","2110804","신풍역 1번","312","187","125","0","15","37","62","63","135","0","4","15","29","35","104","0","11","22","33","28","31"
"2022","3","A","골목상권","2110789","대림성모병원","491","182","309","0","104","137","115","93","42","0","16","44","49","43","30","0","88","93","66","50","12"
"2022","3","R","전통시장","2130244","대림중앙시장","95","39","56","3","14","16","21","15","26","2","9","8","10","4","6","1","5","8","11","11","20"
"2022","3","A","골목상권","2110783","영등포시장역 1번","292","154","138","1","26","37","35","67","126","1","19","27","16","33","58","0","7","10","19","34","68"
"2022","3","R","전통시장","2130253","영신상가(제일상가)","9","7","2","0","2","3","0","2","2","0","2","3","0","1","1","0","0","0","0","1","1"
"2022","3","A","골목상권","2110867","국제신학대학원대학교(남서울중학교)","202","117","85","0","8","34","39","53","68","0","2","15","21","32","47","0","6","19","18","21","21"
"2022","3","A","골목상권","2110197","세종대왕기념관교차로","67","46","21","0","8","19","26","9","5","0","4","15","19","7","1","0","4","4","7","2","4"
"2022","3","A","골목상권","2110981","국악고교사거리","361","216","145","2","57","77","110","81","34","0","27","36","72","56","25","2","30","41","38","25","9"
"2022","3","A","골목상권","2110991","삼성중앙역 5번","1246","794","452","1","111","415","339","275","105","1","28","243","229","216","77","0","83","172","110","59","28"
"2022","3","A","골목상권","2110425","계상초등학교","130","54","76","2","18","10","35","38","27","2","5","5","18","14","10","0","13","5","17","24","17"
"2022","3","A","골목상권","2110484","역촌역 3번","500","203","297","6","62","136","132","103","61","5","34","48","43","35","38","1","28","88","89","68","23"
"2022","3","D","발달상권","2120204","르네상스호텔사거리","41471","20644","20827","102","8167","11056","10671","10081","1394","54","5016","7567","4988","2062","957","48","3151","3489","5683","8019","437"
"2022","3","A","골목상권","2110032","수족관거리","31","16","15","0","3","6","4","13","5","0","2","2","2","7","3","0","1","4","2","6","2"
"2022","3","A","골목상권","2110001","이북5도청사","1066","638","428","4","133","292","240","262","135","0","51","173","162","172","80","4","82","119","78","90","55"
"2022","3","A","골목상권","2110920","방배역 2번(백석예술대학교)","359","205","154","0","23","53","125","118","40","0","5","29","65","75","31","0","18","24","60","43","9"
"2022","3","A","골목상권","2110430","중계초등학교","307","114","193","0","20","36","65","106","80","0","9","11","21","29","44","0","11","25","44","77","36"
"2022","3","A","골목상권","2110216","전농중학교","208","68","140","1","32","48","62","50","15","1","11","14","18","18","6","0","21","34","44","32","9"
"2022","3","A","골목상권","2110186","종암초등학교","94","71","23","0","5","13","15","30","31","0","1","12","9","23","26","0","4","1","6","7","5"
"2022","3","R","전통시장","2130094","청량리청과물시장","54","24","30","0","7","13","17","7","10","0","0","4","10","2","8","0","7","9","7","5","2"
"2022","3","A","골목상권","2110426","상계2동주민센터","337","169","168","0","32","57","83","96","69","0","15","30","39","45","40","0","17","27","44","51","29"
"2022","3","R","전통시장","2130155","시영B상가(중계 그린아파트 B 상가)","12","8","4","0","1","5","3","3","0","0","0","5","2","1","0","0","1","0","1","2","0"
"2022","3","D","발달상권","2120098","DMC(디지털미디어시티)","8846","5391","3455","19","1691","3228","2856","875","177","11","813","1995","1821","616","135","8","878","1233","1035","259","42"
"2022","3","R","전통시장","2130184","마포농수산물시장","77","40","37","0","2","12","24","26","13","0","1","8","12","14","5","0","1","4","12","12","8"
"2022","3","A","골목상권","2111011","잠실나루역","9608","7747","1861","42","1275","3018","2795","2046","432","18","924","2492","2309","1674","330","24","351","526","486","372","102"
"2022","3","A","골목상권","2110687","천왕역 3번(오류2동주민센터, 서울오류남초등학교)","21","16","5","0","2","3","5","6","5","0","1","3","4","4","4","0","1","0","1","2","1"
"2022","3","A","골목상권","2111002","한국교통안전공단 강남자동차검사소","317","115","202","0","22","63","65","96","71","0","7","31","21","26","30","0","15","32","44","70","41"
"2022","3","A","골목상권","2110998","은곡마을(은곡마을공원)","23","15","8","0","2","8","6","5","2","0","0","4","5","5","1","0","2","4","1","0","1"
"2022","3","A","골목상권","2110274","서일대학교","552","385","167","0","49","66","143","153","141","0","10","43","97","121","114","0","39","23","46","32","27"
"2022","3","D","발달상권","2120103","홍대입구역(홍대)","9580","5991","3589","87","2167","2434","2066","1613","1213","61","1145","1486","1404","988","907","26","1022","948","662","625","306"
"2022","3","A","골목상권","2110226","장안1동주민센터","1882","1005","877","2","147","247","333","512","641","2","87","148","213","253","302","0","60","99","120","259","339"
"2022","3","R","전통시장","2130159","공릉동 도깨비시장","101","47","54","0","12","22","24","26","17","0","4","8","9","15","11","0","8","14","15","11","6"
"2022","3","D","발달상권","2120141","영등포청과시장교차로","601","418","183","2","71","137","188","115","88","1","36","85","133","86","77","1","35","52","55","29","11"
"2022","3","D","발달상권","2120045","남영동 먹자골목","4044","1580","2464","7","424","908","1421","1162","122","1","257","576","502","205","39","6","167","332","919","957","83"
"2022","3","D","발달상권","2120087","응암역","441","272","169","0","45","84","114","106","92","0","17","50","78","60","67","0","28","34","36","46","25"
"2022","3","A","골목상권","2110486","은평구청","629","292","337","0","86","110","146","178","109","0","55","72","56","64","45","0","31","38","90","114","64"
"2022","3","A","골목상권","2110227","답십리공원","216","82","134","0","13","28","73","82","20","0","10","14","25","21","12","0","3","14","48","61","8"
"2022","3","A","골목상권","2110491","불광중학교","195","90","105","0","13","35","71","56","20","0","8","20","32","18","12","0","5","15","39","38","8"
"2022","3","A","골목상권","2110458","선일여고","404","211","193","1","34","87","96","122","64","0","19","52","49","54","37","1","15","35","47","68","27"
"2022","3","R","전통시장","2130209","목사랑시장(목4동시장)","111","61","50","0","7","15","23","42","24","0","2","13","10","20","16","0","5","2","13","22","8"
"2022","3","D","발달상권","2120091","본서부병원","516","192","324","1","51","69","119","165","111","0","20","28","51","55","38","1","31","41","68","110","73"
"2022","3","A","골목상권","2110452","새절역 3번","420","347","73","1","17","47","78","132","145","1","11","29","58","113","135","0","6","18","20","19","10"
"2022","3","A","골목상권","2110459","응암역 2번","547","198","349","1","50","105","159","154","78","0","9","38","77","41","33","1","41","67","82","113","45"
"2022","3","A","골목상권","2110638","신방화역 2번","372","202","170","3","53","75","88","87","66","3","22","40","44","43","50","0","31","35","44","44","16"
"2022","3","A","골목상권","2110479","연신내역 2번","304","177","127","1","50","83","64","66","40","0","28","71","33","32","13","1","22","12","31","34","27"
"2022","3","A","골목상권","2110499","연가초등학교","282","123","159","0","44","47","83","67","41","0","8","22","32","35","26","0","36","25","51","32","15"
"2022","3","A","골목상권","2110628","신목동역","496","319","177","0","58","88","124","120","106","0","30","58","82","89","60","0","28","30","42","31","46"
"2022","3","A","골목상권","2110622","달마을공원","458","261","197","0","58","90","102","138","70","0","26","47","63","65","60","0","32","43","39","73","10"
"2022","3","A","골목상권","2110607","금빛새마을금고본점","53","31","22","0","2","10","11","19","11","0","1","4","5","12","9","0","1","6","6","7","2"
"2022","3","R","전통시장","2130205","신곡종합시장(신월6동 골목시장)","141","103","38","1","17","36","39","32","16","0","10","27","33","18","15","1","7","9","6","14","1"
"2022","3","R","전통시장","2130211","신정2동 골목시장(오목교중앙시장)","51","18","33","0","3","10","18","17","3","0","1","3","8","4","2","0","2","7","10","13","1"
"2022","3","R","전통시장","2130212","공항시장","8","6","2","0","1","0","3","2","2","0","1","0","3","0","2","0","0","0","0","2","0"
"2022","3","A","골목상권","2110717","남구로역 2번","570","271","299","0","108","155","142","104","61","0","49","84","75","34","29","0","59","71","67","70","32"
"2022","3","A","골목상권","2110009","자하문터널","950","463","487","0","211","332","229","125","53","0","92","164","106","65","36","0","119","168","123","60","17"
"2022","3","A","골목상권","2110678","염창무학아파트","242","188","54","1","30","57","84","47","23","1","15","49","67","39","17","0","15","8","17","8","6"
"2022","3","A","골목상권","2110665","곰달래도서관","469","285","184","0","36","92","123","138","80","0","25","60","79","74","47","0","11","32","44","64","33"
"2022","3","A","골목상권","2110712","남구로역 5번","233","108","125","1","32","36","66","64","34","0","10","17","24","32","25","1","22","19","42","32","9"
"2022","3","A","골목상권","2110697","개봉3동주민센터","244","152","92","1","55","64","52","43","29","1","27","41","33","30","20","0","28","23","19","13","9"
"2022","3","D","발달상권","2120028","명동(명동거리)","12797","7708","5089","41","2137","3592","3670","2246","1111","16","1028","1982","2334","1641","707","25","1109","1610","1336","605","404"
"2022","3","A","골목상권","2110747","석수역 1번 출입구","823","612","211","0","46","84","169","227","297","0","27","52","102","165","266","0","19","32","67","62","31"
"2022","3","A","골목상권","2110722","G타워","1221","876","345","5","246","423","354","139","54","5","163","311","281","79","37","0","83","112","73","60","17"
"2022","3","A","골목상권","2110714","구로4동주민센터","271","156","115","0","34","44","57","79","57","0","8","19","32","53","44","0","26","25","25","26","13"
"2022","3","A","골목상권","2110713","구로보건소","2668","1817","851","5","474","650","706","533","300","3","323","472","514","332","173","2","151","178","192","201","127"
"2022","3","A","골목상권","2110701","고척동성당","567","379","188","2","126","185","125","92","37","0","81","133","82","54","29","2","45","52","43","38","8"
"2022","3","D","발달상권","2120126","디지털단지오거리","135","86","49","0","11","30","48","26","20","0","2","16","38","15","15","0","9","14","10","11","5"
"2022","3","R","전통시장","2130231","독산동 우시장","611","476","135","2","31","74","126","196","182","0","16","55","97","145","163","2","15","19","29","51","19"
"2022","3","A","골목상권","2110685","금강수목원아파트","181","143","38","0","13","32","53","57","26","0","10","25","38","47","23","0","3","7","15","10","3"
"2022","3","A","골목상권","2110828","노량진역 6번","3010","2066","944","9","471","1047","854","467","162","3","252","711","639","357","104","6","219","336","215","110","58"
"2022","3","A","골목상권","2110733","금천어울림복지센터","374","293","81","3","34","89","74","90","84","3","22","67","59","66","76","0","12","22","15","24","8"
"2022","3","A","골목상권","2110741","독산2동주민센터","444","159","285","0","69","117","96","108","54","0","43","35","26","33","22","0","26","82","70","75","32"
"2022","3","A","골목상권","2110745","독산동정훈단지","251","191","60","0","11","20","33","86","101","0","3","12","22","64","90","0","8","8","11","22","11"
"2022","3","A","골목상권","2110734","금천파출소","92","47","45","0","7","11","21","29","24","0","3","5","14","13","12","0","4","6","7","16","12"
"2022","3","A","골목상권","2110832","노량진초등학교","377","171","206","0","38","51","93","141","54","0","14","22","57","55","23","0","24","29","36","86","31"
"2022","3","R","전통시장","2130268","상도전통시장","239","104","135","0","33","60","53","58","35","0","12","23","23","24","22","0","21","37","30","34","13"
"2022","3","A","골목상권","2110839","숭실대입구역 4번","187","67","120","0","10","51","57","46","23","0","2","14","22","11","18","0","8","37","35","35","5"
"2022","3","A","골목상권","2110819","신대방역 4번","510","262","248","0","64","99","128","93","126","0","15","37","58","62","90","0","49","62","70","31","36"
"2022","3","A","골목상권","2110982","강남구보훈회관","166","74","92","0","31","34","41","41","19","0","7","13","25","14","15","0","24","21","16","27","4"
"2022","3","D","발달상권","2120222","삼성역","43324","24141","19183","244","8091","13641","10294","6385","4669","119","3186","7703","6883","3711","2539","125","4905","5938","3411","2674","2130"
"2022","3","R","전통시장","2130301","양재시장","35","22","13","0","2","10","9","7","7","0","1","7","6","3","5","0","1","3","3","4","2"
"2022","3","A","골목상권","2110945","본마을노인복지센터(서초구립내곡도서관)","191","114","77","3","44","57","37","33","17","3","14","31","25","28","13","0","30","26","12","5","4"
"2022","3","A","골목상권","2111036","투구봉어린이공원","209","119","90","1","22","40","55","62","29","1","7","20","26","39","26","0","15","20","29","23","3"
"2022","3","D","발달상권","2120226","석촌고분역","2408","1777","631","8","277","341","447","352","983","7","130","207","264","234","935","1","147","134","183","118","48"
"2022","3","R","전통시장","2130304","신사상가","138","79","59","1","12","22","32","42","29","0","3","8","11","32","25","1","9","14","21","10","4"
"2022","3","D","발달상권","2120214","영동대교남단교차로","3990","2902","1088","7","489","1173","1108","931","282","3","271","811","866","755","196","4","218","362","242","176","86"
"2022","3","A","골목상권","2110992","도곡초등학교","2179","1144","1035","3","269","440","484","524","459","1","108","253","258","260","264","2","161","187","226","264","195"
"2022","3","A","골목상권","2110020","서울국제고등학교","639","315","324","1","145","288","122","57","26","1","44","146","75","32","17","0","101","142","47","25","9"
"2022","3","A","골목상권","2110029","동대문역 1번","235","61","174","0","11","31","57","79","57","0","1","7","19","20","14","0","10","24","38","59","43"
"2022","3","D","발달상권","2120066","장한평역(장한평)","7424","4770","2654","43","1531","1839","1491","1235","1285","10","739","1202","991","818","1010","33","792","637","500","417","275"
"2022","3","A","골목상권","2110024","혜회동주민센터","928","263","665","0","135","264","294","184","51","0","17","64","90","55","37","0","118","200","204","129","14"
"2022","3","A","골목상권","2110405","방학역 1번","1123","365","758","3","130","176","308","427","79","3","67","109","82","70","34","0","63","67","226","357","45"
"2022","3","R","전통시장","2130015","창신골목시장","22","12","10","0","0","2","8","9","3","0","0","2","6","2","2","0","0","0","2","7","1"
"2022","3","A","골목상권","2110400","도봉구보건소","191","111","80","0","20","35","53","51","32","0","9","22","32","26","22","0","11","13","21","25","10"
"2022","3","D","발달상권","2120249","고덕역","1359","916","443","3","172","305","337","317","225","1","75","198","249","221","172","2","97","107","88","96","53"
"2022","3","A","골목상권","2111085","묘곡초등학교(고덕아이파크아파트)","800","452","348","0","68","111","152","196","273","0","35","72","80","84","181","0","33","39","72","112","92"
"2022","3","A","골목상권","2110391","샘말어린이공원","373","154","219","0","29","54","74","53","163","0","14","28","40","26","46","0","15","26","34","27","117"
"2022","3","A","골목상권","2110385","효문고등학교","37","22","15","0","3","9","12","4","9","0","2","5","3","4","8","0","1","4","9","0","1"
"2022","3","D","발달상권","2120229","방이동먹자골목","7319","4732","2587","12","1062","2182","1915","1302","846","5","588","1347","1338","913","541","7","474","835","577","389","305"
"2022","3","A","골목상권","2111023","문정역 1번","939","576","363","2","133","202","263","204","135","0","86","139","184","100","67","2","47","63","79","104","68"
"2022","3","A","골목상권","2111088","고덕동성당","123","54","69","0","15","32","32","31","13","0","4","15","10","15","10","0","11","17","22","16","3"
"2022","3","A","골목상권","2110398","쌍문2동우체국","474","326","148","0","30","65","96","153","130","0","11","27","50","124","114","0","19","38","46","29","16"
"2022","3","D","발달상권","2120247","굽은다리역","565","307","258","4","91","118","142","102","108","1","37","76","71","55","67","3","54","42","71","47","41"
"2022","3","A","골목상권","2111047","마천1치안센터","111","73","38","0","9","17","34","34","17","0","6","14","19","22","12","0","3","3","15","12","5"
"2022","3","A","골목상권","2110013","체부동홍종문가옥","119","70","49","0","5","26","31","25","32","0","2","11","18","13","26","0","3","15","13","12","6"
"2022","3","A","골목상권","2111022","석촌중학교(방이육교)","567","255","312","1","48","105","141","206","66","0","28","66","72","57","32","1","20","39","69","149","34"
"2022","3","A","골목상권","2111052","암사역 3번(천호동자전거거리)","357","228","129","1","26","71","117","94","48","1","11","47","76","58","35","0","15","24","41","36","13"
"2022","3","D","발달상권","2120002","서촌(경복궁역)","2008","1079","929","37","492","680","426","224","149","0","190","388","263","133","105","37","302","292","163","91","44"
"2022","3","A","골목상권","2111056","천호태영아파트","191","53","138","0","27","35","64","36","29","0","4","5","19","15","10","0","23","30","45","21","19"
"2022","3","A","골목상권","2111062","둔촌동역 3번(성내3동주민센터)","751","501","250","5","134","198","194","144","76","5","81","139","126","91","59","0","53","59","68","53","17"
"2022","3","A","골목상권","2110137","성수초등학교","6605","4295","2310","31","1016","1740","1836","1344","638","22","557","1152","1250","828","486","9","459","588","586","516","152"
"2022","3","A","골목상권","2110054","청구역 3번","1537","849","688","3","259","378","315","336","246","1","90","204","220","211","123","2","169","174","95","125","123"
"2022","3","A","골목상권","2110090","한국폴리텍대학서울정수캠퍼스","3968","2447","1521","1","446","1358","1632","500","31","1","173","548","1231","467","27","0","273","810","401","33","4"
"2022","3","D","발달상권","2120086","태릉입구역","382","205","177","0","42","78","82","102","78","0","24","43","35","49","54","0","18","35","47","53","24"
"2022","3","A","골목상권","2110254","오거리공원","257","89","168","1","19","75","79","51","32","0","6","15","35","21","12","1","13","60","44","30","20"
"2022","3","R","전통시장","2130101","답십리현대시장","8","5","3","0","0","1","3","2","2","0","0","1","1","2","1","0","0","0","2","0","1"
"2022","3","A","골목상권","2110066","서울역 15번","748","467","281","6","152","227","156","125","82","3","81","151","104","66","62","3","71","76","52","59","20"
"2022","3","D","발달상권","2120041","신용산역(용산역)","16270","5741","10529","72","4012","5520","4509","1569","588","25","1308","1921","1510","595","382","47","2704","3599","2999","974","206"
"2022","3","D","발달상권","2120040","용산전자상가(용산역)","8014","5960","2054","43","1390","2727","2224","1236","394","30","882","2007","1729","997","315","13","508","720","495","239","79"
"2022","3","D","발달상권","2120044","삼각지역","1611","1164","447","5","313","408","385","330","170","5","185","303","315","234","122","0","128","105","70","96","48"
"2022","3","A","골목상권","2110513","연희파출소","457","241","216","0","51","87","110","130","79","0","17","46","58","69","51","0","34","41","52","61","28"
"2022","3","A","골목상권","2110111","대현산장미원","51","40","11","0","6","7","6","17","15","0","6","4","4","13","13","0","0","3","2","4","2"
"2022","3","A","골목상권","2110220","외대앞역 1번","190","109","81","0","28","36","54","46","26","0","7","17","33","34","18","0","21","19","21","12","8"
"2022","3","D","발달상권","2120104","연남동(홍대)","5955","3176","2779","20","1117","1491","1289","1103","935","12","428","824","772","620","520","8","689","667","517","483","415"
"2022","3","A","골목상권","2110884","봉천역 4번(봉천110안전센터)","372","284","88","1","17","30","61","98","165","0","1","8","49","84","142","1","16","22","12","14","23"
"2022","3","D","발달상권","2120210","선릉역","48780","26797","21983","117","11358","13636","11065","7952","4652","54","5356","8026","6479","4158","2724","63","6002","5610","4586","3794","1928"
"2022","3","D","발달상권","2120106","마포역","11462","7104","4358","12","1804","2735","2677","2306","1928","8","917","1662","1889","1435","1193","4","887","1073","788","871","735"
"2022","3","A","골목상권","2110097","한남초등학교","3116","1920","1196","1","597","1644","757","90","27","0","278","975","575","71","21","1","319","669","182","19","6"
"2022","3","A","골목상권","2110432","대진고등학교","894","734","160","0","55","146","248","343","102","0","27","96","214","311","86","0","28","50","34","32","16"
"2022","3","R","전통시장","2130068","마장축산물시장","975","630","345","1","102","202","250","248","172","1","68","127","155","165","114","0","34","75","95","83","58"
"2022","3","A","골목상권","2110125","사근동살곶이상점가","135","83","52","2","25","39","35","21","13","2","13","21","24","13","10","0","12","18","11","8","3"
"2022","3","A","골목상권","2110118","왕십리역 9번","697","487","210","1","90","182","204","129","91","0","62","110","144","93","78","1","28","72","60","36","13"
"2022","3","A","골목상권","2110134","성수119안전센터","771","587","184","4","65","108","185","252","157","4","38","78","143","200","124","0","27","30","42","52","33"
"2022","3","D","발달상권","2120022","북창동(시청역_6번)","5197","3160","2037","24","1010","1611","1149","767","636","2","391","936","852","543","436","22","619","675","297","224","200"
"2022","3","R","전통시장","2130059","후암시장","64","40","24","0","6","12","16","11","19","0","4","5","10","7","14","0","2","7","6","4","5"
"2022","3","A","골목상권","2110166","구의1동주민센터","552","292","260","1","70","121","177","115","68","1","20","59","99","60","53","0","50","62","78","55","15"
"2022","3","D","발달상권","2120058","구의사거리","688","333","355","2","92","158","174","181","81","1","33","79","80","77","63","1","59","79","94","104","18"
"2022","3","A","골목상권","2110045","동대문역사문화공원역 5번","234","174","60","0","24","54","64","55","37","0","11","38","46","47","32","0","13","16","18","8","5"
"2022","3","D","발달상권","2120034","중구청(퇴계로4가)","1538","1044","494","7","107","227","400","437","360","5","47","128","262","325","277","2","60","99","138","112","83"
"2022","3","R","전통시장","2130070","뚝섬역상점가","1016","697","319","6","178","259","217","222","134","4","105","179","143","157","109","2","73","80","74","65","25"
"2022","3","D","발달상권","2120051","뚝섬역","3944","2582","1362","20","703","946","867","651","757","15","446","646","549","445","481","5","257","300","318","206","276"
"2022","3","D","발달상권","2120018","중림동","2187","1366","821","2","393","736","598","293","165","2","207","425","357","237","138","0","186","311","241","56","27"
"2022","3","A","골목상권","2110591","충정로역 6번","627","422","205","0","99","158","178","126","66","0","55","103","135","92","37","0","44","55","43","34","29"
"2022","3","A","골목상권","2110087","이태원엔틱가구거리","463","213","250","0","185","174","58","31","15","0","54","89","43","17","10","0","131","85","15","14","5"
"2022","3","D","발달상권","2120054","어린이대공원역","1243","826","417","0","90","153","311","440","249","0","25","88","205","321","187","0","65","65","106","119","62"
"2022","3","D","발달상권","2120010","원남동사거리","4107","2297","1810","50","1544","1305","655","383","170","2","585","793","487","297","133","48","959","512","168","86","37"
"2022","3","A","골목상권","2110101","옥정중학교","218","121","97","0","55","51","65","31","16","0","24","34","43","13","7","0","31","17","22","18","9"
"2022","3","D","발달상권","2120056","구의역","2200","1115","1085","7","350","431","596","491","325","6","119","173","290","313","214","1","231","258","306","178","111"
"2022","3","D","발달상권","2120060","강변역(테크노마트)","3189","2348","841","12","402","686","870","703","516","2","209","509","686","549","393","10","193","177","184","154","123"
"2022","3","A","골목상권","2110155","광진구청","8356","7701","655","0","240","853","2408","4046","809","0","172","765","2256","3748","760","0","68","88","152","298","49"
"2022","3","A","골목상권","2110272","신내1동주민센터","471","318","153","0","45","69","93","149","115","0","15","35","60","103","105","0","30","34","33","46","10"
"2022","3","A","골목상권","2110281","길상사","13811","12087","1724","12","1418","3093","4057","4963","268","1","960","2426","3678","4822","200","11","458","667","379","141","68"
"2022","3","R","전통시장","2130109","묵1동도깨비시장","47","33","14","0","2","9","16","9","11","0","1","5","13","5","9","0","1","4","3","4","2"
"2022","3","A","골목상권","2110299","정릉역 1번","372","241","131","1","33","49","83","95","111","0","9","12","40","74","106","1","24","37","43","21","5"
"2022","3","D","발달상권","2120217","대치사거리","2779","1478","1301","11","552","771","700","452","293","10","220","379","381","264","224","1","332","392","319","188","69"
"2022","3","A","골목상권","2110357","가오리역 1번","725","611","114","0","25","36","171","340","153","0","4","18","146","310","133","0","21","18","25","30","20"
"2022","3","A","골목상권","2110289","북한산보국문역 2번","144","105","39","0","9","28","49","32","26","0","6","23","30","24","22","0","3","5","19","8","4"
"2022","3","A","골목상권","2110292","정릉역 2번","43","17","26","0","2","7","21","7","6","0","1","5","6","3","2","0","1","2","15","4","4"
"2022","3","A","골목상권","2110375","서울북부고용노동지청","178","99","79","1","23","32","47","52","23","0","18","26","25","19","11","1","5","6","22","33","12"
"2022","3","A","골목상권","2110318","KT월곡지사","148","78","70","0","21","29","45","36","17","0","10","19","22","14","13","0","11","10","23","22","4"
"2022","3","A","골목상권","2110324","월곡역 4번","99","55","44","0","31","21","19","18","10","0","9","10","13","14","9","0","22","11","6","4","1"
"2022","3","D","발달상권","2120071","성북구청","255","127","128","0","36","55","64","62","38","0","14","22","38","31","22","0","22","33","26","31","16"
"2022","3","D","발달상권","2120076","수유역","1930","865","1065","7","241","303","422","465","492","4","62","102","176","240","281","3","179","201","246","225","211"
"2022","3","A","골목상권","2110335","석계역 7번","249","172","77","1","19","32","66","64","67","0","13","18","34","45","62","1","6","14","32","19","5"
"2022","3","R","전통시장","2130128","돌곶이시장(석관황금시장)","191","157","34","0","30","36","41","72","12","0","28","26","29","62","12","0","2","10","12","10","0"
"2022","3","A","골목상권","2110363","송천동주민센터","19","12","7","0","0","4","3","7","5","0","0","3","1","4","4","0","0","1","2","3","1"
"2022","3","A","골목상권","2110587","공덕동주민센터","238","121","117","1","36","43","69","53","36","1","15","25","41","23","16","0","21","18","28","30","20"
"2022","3","A","골목상권","2110401","도봉구민회관","243","65","178","0","29","32","38","87","57","0","4","14","14","22","11","0","25","18","24","65","46"
"2022","3","A","골목상권","2110528","서울여자간호대학교","309","149","160","0","11","22","32","69","175","0","10","12","16","22","89","0","1","10","16","47","86"
"2022","3","A","골목상권","2110538","충정로역 3번","284","178","106","0","12","42","56","66","108","0","5","27","35","42","69","0","7","15","21","24","39"
"2022","3","D","발달상권","2120097","충정로역","2246","1354","892","0","321","658","631","407","229","0","172","390","397","254","141","0","149","268","234","153","88"
"2022","3","D","발달상권","2120136","영등포구청역","6617","3299","3318","20","1193","1504","1423","1444","1033","12","575","848","775","592","497","8","618","656","648","852","536"
"2022","3","A","골목상권","2110560","마포FM","292","140","152","0","26","64","87","77","38","0","10","26","40","36","28","0","16","38","47","41","10"
"2022","3","A","골목상권","2110572","서강대역 1번","470","254","216","1","63","130","117","116","43","1","32","67","58","66","30","0","31","63","59","50","13"
"2022","3","A","골목상권","2110809","장훈고등학교","112","61","51","0","7","15","30","23","37","0","3","5","11","17","25","0","4","10","19","6","12"
"2022","3","A","골목상권","2110873","당곡중학교","343","166","177","0","68","79","86","74","36","0","29","39","39","36","23","0","39","40","47","38","13"
"2022","3","A","골목상권","2110564","홍대입구역 3번","471","211","260","0","54","125","161","78","53","0","19","47","103","22","20","0","35","78","58","56","33"
"2022","3","R","전통시장","2130189","서교시장","24","10","14","0","2","1","7","6","8","0","0","1","2","3","4","0","2","0","5","3","4"
"2022","3","A","골목상권","2110553","가좌역 2번","257","150","107","0","23","42","73","79","40","0","14","23","39","41","33","0","9","19","34","38","7"
"2022","3","R","전통시장","2130192","동진시장","10","6","4","0","1","1","4","3","1","0","1","1","1","2","1","0","0","0","3","1","0"
"2022","3","A","골목상권","2110764","문래역 3번","541","223","318","0","93","127","159","102","60","0","27","39","54","54","49","0","66","88","105","48","11"
"2022","3","A","골목상권","2110815","공군호텔","2240","785","1455","4","425","514","476","507","314","0","88","195","167","170","165","4","337","319","309","337","149"
"2022","3","R","전통시장","2130247","우리시장","21","16","5","0","3","4","6","3","5","0","1","3","5","3","4","0","2","1","1","0","1"
"2022","3","R","전통시장","2130256","신동시장","2","2","0","0","0","0","0","1","1","0","0","0","0","1","1","0","0","0","0","0","0"
"2022","3","A","골목상권","2110813","보라매역 6번","286","167","119","3","22","37","50","74","100","3","15","21","24","39","65","0","7","16","26","35","35"
"2022","3","A","골목상권","2110771","대림역 11번","955","604","351","0","22","38","128","210","557","0","21","30","73","131","349","0","1","8","55","79","208"
"2022","3","D","발달상권","2120142","대림역","1559","847","712","2","235","282","348","386","306","0","69","145","190","230","213","2","166","137","158","156","93"
"2022","3","A","골목상권","2110796","한림대학교한강성심병원","87","52","35","1","7","19","26","19","15","0","4","11","17","9","11","1","3","8","9","10","4"
"2022","3","A","골목상권","2110788","영등포시장역 3번","28","22","6","0","4","5","7","9","3","0","3","5","6","6","2","0","1","0","1","3","1"
"2022","3","A","골목상권","2110880","신림역 1번","995","275","720","0","379","296","157","128","35","0","78","87","66","33","11","0","301","209","91","95","24"
"2022","3","A","골목상권","2110858","신대방역 1번","66","33","33","0","5","9","17","7","28","0","0","1","6","2","24","0","5","8","11","5","4"
"2022","3","A","골목상권","2110857","미성동주민센터","431","229","202","9","60","64","70","108","120","9","34","48","41","46","51","0","26","16","29","62","69"
"2022","3","A","골목상권","2110984","포이초등학교(개포목련어린이공원)","1556","1046","510","2","236","342","331","306","339","0","140","241","211","199","255","2","96","101","120","107","84"
"2022","3","A","골목상권","2110996","대치2동주민센터","1959","1227","732","2","83","278","351","342","903","0","48","209","277","247","446","2","35","69","74","95","457"
"2022","3","A","골목상권","2110414","장석교회","61","47","14","0","5","13","15","20","8","0","3","11","11","17","5","0","2","2","4","3","3"
"2022","3","R","전통시장","2130207","신정1동 골목시장(신정제일시장)","38","21","17","0","8","9","10","7","4","0","3","5","6","4","3","0","5","4","4","3","1"
"2022","3","A","골목상권","2110198","동대문중앙새마을금고본점","67","26","41","0","1","0","18","37","11","0","0","0","8","10","8","0","1","0","10","27","3"
"2022","3","R","전통시장","2130187","영진시장","29","14","15","0","4","5","11","7","2","0","2","2","6","2","2","0","2","3","5","5","0"
"2022","3","A","골목상권","2110406","도봉산역 1번","659","595","64","0","13","37","147","294","168","0","6","25","133","278","153","0","7","12","14","16","15"
"2022","3","A","골목상권","2110222","회기역 2번","20","17","3","0","0","3","2","6","9","0","0","2","2","4","9","0","0","1","0","2","0"
"2022","3","A","골목상권","2110441","영신여고","172","78","94","0","19","38","41","45","29","0","7","20","16","23","12","0","12","18","25","22","17"
"2022","3","R","전통시장","2130090","청량리종합시장","19","13","6","0","1","4","3","5","6","0","1","2","3","3","4","0","0","2","0","2","2"
"2022","3","A","골목상권","2110193","고려대역 4번","48","37","11","0","5","11","11","10","11","0","3","5","10","10","9","0","2","6","1","0","2"
"2022","3","A","골목상권","2110417","월계역 3번","26","14","12","0","11","9","2","4","0","0","4","6","2","2","0","0","7","3","0","2","0"
"2022","3","R","전통시장","2130307","도곡시장","57","25","32","0","3","7","15","13","19","0","1","4","4","6","10","0","2","3","11","7","9"
"2022","3","R","전통시장","2130166","응암시장(신응암시장)","17","10","7","0","0","3","2","5","7","0","0","0","1","3","6","0","0","3","1","2","1"
"2022","3","A","골목상권","2110439","당고개역 5번","63","21","42","0","3","7","6","19","28","0","0","4","2","7","8","0","3","3","4","12","20"
"2022","3","R","전통시장","2130299","엔터식스 강남점","1850","1551","299","18","189","270","602","601","170","5","97","197","542","558","152","13","92","73","60","43","18"
"2022","3","A","골목상권","2110624","목동문화체육센터","382","234","148","0","93","118","75","65","31","0","40","79","46","50","19","0","53","39","29","15","12"
"2022","3","D","발달상권","2120169","서초역","15771","7185","8586","70","3824","4195","3945","2657","1080","30","1313","1990","1801","1235","816","40","2511","2205","2144","1422","264"
"2022","3","A","골목상권","2111026","문정역 2번","2304","1506","798","7","431","634","546","428","258","3","236","427","385","239","216","4","195","207","161","189","42"
"2022","3","A","골목상권","2110053","청구역 1번","281","166","115","0","52","69","69","54","37","0","23","45","43","27","28","0","29","24","26","27","9"
"2022","3","D","발달상권","2120094","신촌역(신촌역, 신촌로터리)","5355","2430","2925","67","2390","1192","681","594","431","23","999","589","299","279","241","44","1391","603","382","315","190"
"2022","3","A","골목상권","2110881","구립대학경로당(관악산샘말공원)","1601","1304","297","1","317","452","460","271","100","1","225","376","399","232","71","0","92","76","61","39","29"
"2022","3","A","골목상권","2110781","대림한신아파트","182","112","70","0","23","29","51","38","41","0","8","16","34","23","31","0","15","13","17","15","10"
"2022","3","A","골목상권","2110387","쌍문초등학교","335","185","150","0","38","53","98","88","58","0","13","29","51","47","45","0","25","24","47","41","13"
"2022","3","A","골목상권","2110133","서울교통공사","122","93","29","0","19","25","33","21","24","0","12","18","29","17","17","0","7","7","4","4","7"
"2022","3","A","골목상권","2110586","서울서부지방법원","1461","863","598","2","376","402","333","188","160","1","231","267","164","98","102","1","145","135","169","90","58"
"2022","3","A","골목상권","2111035","오금공원(오주중학교)","531","398","133","0","41","90","148","148","104","0","32","66","121","102","77","0","9","24","27","46","27"
"2022","3","A","골목상권","2110469","응암정보도서관","340","184","156","1","38","58","102","103","38","0","11","29","59","56","29","1","27","29","43","47","9"
"2022","3","A","골목상권","2110626","양화초등학교","652","271","381","1","127","138","149","147","90","0","37","57","76","63","38","1","90","81","73","84","52"
"2022","3","A","골목상권","2110498","증산역 1번","222","102","120","0","15","32","75","68","32","0","7","9","31","32","23","0","8","23","44","36","9"
"2022","3","D","발달상권","2120112","등촌역","1633","1138","495","10","223","388","373","358","281","6","100","270","265","265","232","4","123","118","108","93","49"
"2022","3","A","골목상권","2110445","덕산중학교","61","45","16","0","18","14","15","6","8","0","10","9","12","6","8","0","8","5","3","0","0"
"2022","3","A","골목상권","2110444","수색성당","170","73","97","0","13","53","46","45","13","0","5","27","13","17","11","0","8","26","33","28","2"
"2022","3","R","전통시장","2130208","목동깨비시장(목3동시장)","148","67","81","0","13","20","55","37","23","0","7","6","18","19","17","0","6","14","37","18","6"
"2022","3","A","골목상권","2110595","메디힐병원","731","459","272","0","80","148","163","185","155","0","34","85","86","136","118","0","46","63","77","49","37"
"2022","3","R","전통시장","2130202","신영시장","40","13","27","0","3","4","13","16","4","0","2","0","3","6","2","0","1","4","10","10","2"
"2022","3","A","골목상권","2110613","신정네거리역 4번","80","20","60","0","8","25","24","19","4","0","2","6","7","4","1","0","6","19","17","15","3"
"2022","3","A","골목상권","2110994","개포고등학교","494","382","112","7","65","161","123","110","28","4","47","134","103","73","21","3","18","27","20","37","7"
"2022","3","A","골목상권","2110212","답십리초등학교","204","144","60","0","26","37","42","67","32","0","18","26","27","50","23","0","8","11","15","17","9"
"2022","3","A","골목상권","2110199","홍릉시장","65","41","24","0","11","15","18","14","7","0","8","8","10","9","6","0","3","7","8","5","1"
"2022","3","R","전통시장","2130200","신월7동 골목시장(약수시장, 우성상가)","27","18","9","0","0","3","9","6","9","0","0","0","7","4","7","0","0","3","2","2","2"
"2022","3","A","골목상권","2110625","신정2동주민센터","726","454","272","2","98","196","215","155","60","0","51","124","146","94","39","2","47","72","69","61","21"
"2022","3","A","골목상권","2110612","신정역 5번","644","303","341","1","85","88","143","197","130","0","44","62","74","70","53","1","41","26","69","127","77"
"2022","3","A","골목상권","2110662","까치산역 1번","1480","885","595","4","245","501","396","234","100","4","129","301","207","171","73","0","116","200","189","63","27"
"2022","3","A","골목상권","2110614","목동로데오거리","596","292","304","0","69","85","114","216","112","0","42","44","58","103","45","0","27","41","56","113","67"
"2022","3","A","골목상권","2110671","등촌1동주민센터","5012","3056","1956","13","1252","1442","1027","802","476","5","391","945","826","556","333","8","861","497","201","246","143"
"2022","3","A","골목상권","2110637","송정역 2번","540","357","183","4","62","117","114","147","96","0","34","74","81","100","68","4","28","43","33","47","28"
"2022","3","A","골목상권","2110673","뜸부기어린이공원","253","143","110","0","37","52","62","64","38","0","21","29","31","34","28","0","16","23","31","30","10"
"2022","3","A","골목상권","2110631","방화초등학교","359","177","182","2","35","71","73","103","75","2","21","42","39","38","35","0","14","29","34","65","40"
"2022","3","A","골목상권","2110699","덕의초등학교","150","89","61","0","15","24","32","48","31","0","8","15","15","28","23","0","7","9","17","20","8"
"2022","3","A","골목상권","2110639","신방화역 8번","523","369","154","1","74","61","88","153","146","1","17","22","51","139","139","0","57","39","37","14","7"
"2022","3","A","골목상권","2110654","까치산역 4번","1021","686","335","2","68","147","249","380","175","1","38","81","139","281","146","1","30","66","110","99","29"
"2022","3","D","발달상권","2120121","까치산역","344","135","209","2","49","40","67","101","85","2","12","14","27","41","39","0","37","26","40","60","46"
"2022","3","A","골목상권","2110473","구산역 1번","436","241","195","0","34","59","113","107","123","0","24","27","53","49","88","0","10","32","60","58","35"
"2022","3","A","골목상권","2110644","신광명마을","333","288","45","1","24","22","60","107","119","1","7","13","52","100","115","0","17","9","8","7","4"
"2022","3","A","골목상권","2110641","공항고등학교","345","236","109","2","46","95","100","79","23","1","30","72","61","52","20","1","16","23","39","27","3"
"2022","3","A","골목상권","2110684","서울공연예술고등학교","157","72","85","2","28","31","36","36","24","0","7","17","19","19","10","2","21","14","17","17","14"
"2022","3","A","골목상권","2110724","금천구립가산도서관","366","254","112","1","42","76","122","89","36","1","33","60","90","45","25","0","9","16","32","44","11"
"2022","3","A","골목상권","2110744","독산동성당","531","327","204","0","49","107","129","152","94","0","36","71","75","86","59","0","13","36","54","66","35"
"2022","3","A","골목상권","2110940","양재근린공원(양재2동주민센터)","1043","755","288","9","186","346","264","145","93","8","116","256","200","103","72","1","70","90","64","42","21"
"2022","3","R","전통시장","2130303","영동전통시장","242","95","147","0","21","60","67","58","36","0","7","19","22","24","23","0","14","41","45","34","13"
"2022","3","A","골목상권","2110727","독산역 1번 출입구","659","514","145","4","72","152","169","191","71","4","48","118","128","165","51","0","24","34","41","26","20"
"2022","3","A","골목상권","2110728","두산초등학교","4560","2778","1782","8","88","138","245","530","3551","8","64","86","123","279","2218","0","24","52","122","251","1333"
"2022","3","A","골목상권","2110693","오류동역 4번","17","9","8","0","1","3","5","4","4","0","1","3","2","2","1","0","0","0","3","2","3"
"2022","3","A","골목상권","2110710","남구로역 3번","606","370","236","3","83","96","105","121","198","3","46","63","63","68","127","0","37","33","42","53","71"
"2022","3","A","골목상권","2110732","가산초등학교(세일중학교)","338","239","99","1","41","60","98","76","62","0","22","34","71","60","52","1","19","26","27","16","10"
"2022","3","D","발달상권","2120133","서울시흥동우체국(홈플러스시흥점)","142","55","87","1","14","22","27","42","36","1","5","10","12","11","16","0","9","12","15","31","20"
"2022","3","A","골목상권","2110742","KT금천빌딩(금천구시설관리공단)","426","237","189","0","42","83","106","125","70","0","21","57","71","54","34","0","21","26","35","71","36"
"2022","3","A","골목상권","2110754","삼성산자연공원(서울금천초등학교)","199","75","124","1","21","41","47","39","50","0","6","18","28","10","13","1","15","23","19","29","37"
"2022","3","A","골목상권","2110829","장승배기역 5번","536","417","119","0","195","137","79","53","72","0","177","106","49","40","45","0","18","31","30","13","27"
"2022","3","D","발달상권","2120165","서래마을카페거리(서래마을)","3467","2266","1201","11","605","1119","949","516","267","3","277","716","707","369","194","8","328","403","242","147","73"
"2022","3","D","발달상권","2120154","장승배기역","479","199","280","1","61","123","126","106","62","0","16","58","67","35","23","1","45","65","59","71","39"
"2022","3","R","전통시장","2130264","상도약수골목형상점가","65","35","30","1","14","8","15","20","7","0","4","3","9","12","7","1","10","5","6","8","0"
"2022","3","A","골목상권","2110852","이수역 9번","198","121","77","0","26","35","54","38","45","0","12","20","30","23","36","0","14","15","24","15","9"
"2022","3","D","발달상권","2120160","사당역(사당)","9153","4750","4403","14","1560","2594","2716","1534","735","4","617","1307","1324","997","501","10","943","1287","1392","537","234"
"2022","3","A","골목상권","2110824","대방역 3번","296","102","194","1","48","91","92","42","22","0","11","26","29","23","13","1","37","65","63","19","9"
"2022","3","D","발달상권","2120192","뱅뱅사거리","27462","18935","8527","73","5758","8273","6703","4372","2283","38","3280","5616","5106","3189","1706","35","2478","2657","1597","1183","577"
"2022","3","D","발달상권","2120184","포이사거리(삼호물산)","10139","7003","3136","20","1553","3044","2666","1705","1151","10","846","2068","2010","1212","857","10","707","976","656","493","294"
"2022","3","R","전통시장","2130270","흑석시장","4","3","1","0","2","0","0","2","0","0","1","0","0","2","0","0","1","0","0","0","0"
"2022","3","R","전통시장","2130266","만양로상점가","129","75","54","0","6","37","51","21","14","0","1","23","33","14","4","0","5","14","18","7","10"
"2022","3","A","골목상권","2110834","동작구자원봉사센터","38","22","16","0","3","5","6","10","14","0","2","2","6","5","7","0","1","3","0","5","7"
"2022","3","A","골목상권","2110929","남부터미널역 1번","21130","10703","10427","21","4446","4558","3912","7143","1050","4","1209","1890","1718","5123","759","17","3237","2668","2194","2020","291"
"2022","3","D","발달상권","2120161","방배동가구거리(사당동가구거리)","2517","1833","684","3","187","342","315","347","1323","2","78","178","165","202","1208","1","109","164","150","145","115"
"2022","3","A","골목상권","2110988","청담역 3번","1594","1016","578","1","243","425","364","346","215","1","82","247","247","262","177","0","161","178","117","84","38"
"2022","3","A","골목상권","2111027","문정초등학교","1403","775","628","3","148","289","326","247","390","1","67","160","211","126","210","2","81","129","115","121","180"
"2022","3","R","전통시장","2130145","쌍문역둘리상점가","244","202","42","0","39","44","77","62","22","0","28","35","65","56","18","0","11","9","12","6","4"
"2022","3","A","골목상권","2110970","학동초등학교","378","236","142","1","66","98","102","65","46","0","27","49","66","57","37","1","39","49","36","8","9"
"2022","3","A","골목상권","2110946","청계산원터골","48","24","24","0","2","6","8","16","16","0","2","3","6","3","10","0","0","3","2","13","6"
"2022","3","A","골목상권","2110980","개포지구대옆","663","482","181","0","90","198","202","111","62","0","45","142","168","72","55","0","45","56","34","39","7"
"2022","3","A","골목상권","2111019","한성백제역 3번","1524","1000","524","2","207","448","428","254","185","2","103","303","300","164","128","0","104","145","128","90","57"
"2022","3","A","골목상권","2110959","신구중학교","271","140","131","0","14","66","82","79","30","0","7","36","49","29","19","0","7","30","33","50","11"
"2022","3","A","골목상권","2110008","배화여자대학교(박노수미술관)","552","379","173","1","52","82","133","180","104","0","16","46","102","135","80","1","36","36","31","45","24"
"2022","3","D","발달상권","2120039","신당역","2321","1230","1091","31","793","486","404","333","274","11","347","244","225","219","184","20","446","242","179","114","90"
"2022","3","A","골목상권","2110429","공릉동 국수거리","2074","916","1158","3","224","284","511","689","363","1","91","167","248","234","175","2","133","117","263","455","188"
"2022","3","A","골목상권","2111032","방이역 1번","3885","2552","1333","4","235","340","605","719","1982","3","139","237","411","469","1293","1","96","103","194","250","689"
"2022","3","D","발달상권","2120070","한성대입구역","466","180","286","2","83","69","78","113","121","2","21","31","37","38","51","0","62","38","41","75","70"
"2022","3","A","골목상권","2110374","송중초등학교","491","272","219","5","33","60","145","140","108","5","9","29","73","70","86","0","24","31","72","70","22"
"2022","3","A","골목상권","2111024","경찰병원역 4번(건너말공원)","240","150","90","0","27","53","63","68","29","0","16","33","45","35","21","0","11","20","18","33","8"
"2022","3","A","골목상권","2110438","경춘선숲길 우측","230","110","120","0","26","54","83","52","15","0","12","21","38","30","9","0","14","33","45","22","6"
"2022","3","A","골목상권","2110185","용두초등학교","122","77","45","0","13","22","31","32","24","0","5","13","18","22","19","0","8","9","13","10","5"
"2022","3","D","발달상권","2120233","몽촌토성역","10357","5705","4652","28","1787","2711","2252","2152","1427","22","1123","1846","1193","782","739","6","664","865","1059","1370","688"
"2022","3","R","전통시장","2130016","동대문상가B동","2","1","1","0","0","1","1","0","0","0","0","0","1","0","0","0","0","1","0","0","0"
"2022","3","D","발달상권","2120063","청량리역(청량리)","1182","514","668","3","225","221","239","246","248","2","66","86","89","116","155","1","159","135","150","130","93"
"2022","3","A","골목상권","2111059","강동역 4번(강풀만화거리)","819","430","389","3","90","160","193","170","203","1","48","75","93","94","119","2","42","85","100","76","84"
"2022","3","A","골목상권","2110382","솔밭공원역 1번","32","25","7","0","1","9","8","7","7","0","0","5","6","7","7","0","1","4","2","0","0"
"2022","3","D","발달상권","2120242","강동구청역","4528","2937","1591","33","536","1064","1055","893","947","13","287","678","695","560","704","20","249","386","360","333","243"
"2022","3","R","전통시장","2130317","마천중앙시장","107","77","30","0","15","35","24","17","16","0","11","24","12","14","16","0","4","11","12","3","0"
"2022","3","A","골목상권","2111043","마천공원","32","13","19","0","1","3","7","12","9","0","0","0","1","6","6","0","1","3","6","6","3"
"2022","3","A","골목상권","2111008","석촌고분역 3번","1600","1210","390","1","185","292","294","400","428","1","151","243","216","259","340","0","34","49","78","141","88"
"2022","3","D","발달상권","2120248","명일역","860","332","528","4","114","141","223","204","174","2","41","59","84","69","77","2","73","82","139","135","97"
"2022","3","A","골목상권","2111053","성내천어린이공원(하니사랑길)","6288","4564","1724","6","799","940","1025","1564","1954","3","542","693","750","1053","1523","3","257","247","275","511","431"
"2022","3","D","발달상권","2120243","천호역","1353","629","724","6","186","250","315","291","305","2","63","108","142","123","191","4","123","142","173","168","114"
"2022","3","A","골목상권","2111058","성내중학교","451","317","134","0","51","92","129","121","58","0","37","63","90","82","45","0","14","29","39","39","13"
"2022","3","A","골목상권","2111057","천호공원(해공체육문화센터)","255","113","142","2","53","50","64","61","25","2","15","19","30","33","14","0","38","31","34","28","11"
"2022","3","A","골목상권","2111084","길동신동아아파트","169","104","65","2","27","32","37","58","13","2","21","23","24","25","9","0","6","9","13","33","4"
"2022","3","A","골목상권","2110085","경리단길남측","532","260","272","4","98","163","148","67","52","2","40","59","78","41","40","2","58","104","70","26","12"
"2022","3","D","발달상권","2120024","회현역","2167","1364","803","2","341","795","582","250","197","1","146","473","416","192","136","1","195","322","166","58","61"
"2022","3","A","골목상권","2110048","장충동주민센터","5312","2706","2606","21","867","1339","1511","1367","207","5","338","768","756","707","132","16","529","571","755","660","75"
"2022","3","R","전통시장","2130054","황학동주방가구거리상점가","374","266","108","0","25","80","116","106","47","0","18","60","77","74","37","0","7","20","39","32","10"
"2022","3","A","골목상권","2110063","효창공원앞역 5번","530","347","183","8","47","104","139","132","100","6","25","71","93","87","65","2","22","33","46","45","35"
"2022","3","A","골목상권","2110070","용산세무서","184","130","54","0","21","54","55","24","30","0","8","37","41","18","26","0","13","17","14","6","4"
"2022","3","R","전통시장","2130078","화양제일골목시장","65","23","42","0","6","17","20","18","4","0","1","7","8","6","1","0","5","10","12","12","3"
"2022","3","A","골목상권","2110150","중곡1동 마을마당","1179","698","481","1","197","352","252","217","160","1","83","194","161","132","127","0","114","158","91","85","33"
"2022","3","A","골목상권","2110154","광진정말공원","307","161","146","1","43","62","79","78","44","1","19","37","35","37","32","0","24","25","44","41","12"
"2022","3","A","골목상권","2110163","성자초등학교","272","134","138","0","37","44","65","72","54","0","13","26","31","26","38","0","24","18","34","46","16"
"2022","3","A","골목상권","2110255","상봉역 4번","327","208","119","0","39","52","78","92","66","0","20","24","46","62","56","0","19","28","32","30","10"
"2022","3","A","골목상권","2110300","삼선동주민센터","2735","1587","1148","3","248","710","769","844","161","2","97","300","444","629","115","1","151","410","325","215","46"
"2022","3","A","골목상권","2110261","사가정역 4번","167","90","77","1","16","29","49","50","22","1","8","15","25","26","15","0","8","14","24","24","7"
"2022","3","A","골목상권","2110277","러스크서울병원","178","100","78","0","16","32","39","52","39","0","6","15","23","29","27","0","10","17","16","23","12"
"2022","3","R","전통시장","2130117","정릉시장","119","62","57","0","4","15","34","41","25","0","2","8","20","18","14","0","2","7","14","23","11"
"2022","3","A","골목상권","2110308","길음역 8번","174","85","89","0","17","36","56","41","24","0","8","17","26","20","14","0","9","19","30","21","10"
"2022","3","A","골목상권","2110076","삼각지역 14번","537","175","362","0","46","143","158","153","37","0","11","49","61","45","9","0","35","94","97","108","28"
"2022","3","A","골목상권","2110535","영천시장입구","797","440","357","2","77","119","179","281","139","2","36","62","110","152","78","0","41","57","69","129","61"
"2022","3","A","골목상권","2110309","대광초등학교","354","252","102","0","37","57","103","96","61","0","18","39","69","75","51","0","19","18","34","21","10"
"2022","3","A","골목상권","2110541","동교초등학교","377","221","156","0","43","59","101","96","78","0","23","37","63","50","48","0","20","22","38","46","30"
"2022","3","A","골목상권","2110543","중암중학교","38","25","13","0","6","8","14","7","3","0","3","5","8","6","3","0","3","3","6","1","0"
"2022","3","R","전통시장","2130183","상암동상점가","816","607","209","1","89","204","283","187","52","0","49","150","227","143","38","1","40","54","56","44","14"
"2022","3","A","골목상권","2110590","만리재","97","50","47","0","19","23","23","25","7","0","6","12","11","16","5","0","13","11","12","9","2"
"2022","3","D","발달상권","2120145","영등포역(영등포)","3856","1817","2039","22","673","1021","921","702","517","0","202","441","486","388","300","22","471","580","435","314","217"
"2022","3","R","전통시장","2130001","통인시장","59","29","30","0","4","14","11","12","18","0","2","4","6","6","11","0","2","10","5","6","7"
"2022","3","A","골목상권","2110899","낙성대역 5번(관악중학교)","690","448","242","0","167","185","166","123","49","0","107","135","96","71","39","0","60","50","70","52","10"
"2022","3","R","전통시장","2130294","관악중부시장","102","40","62","1","5","10","22","39","25","0","2","3","7","16","12","1","3","7","15","23","13"
"2022","3","A","골목상권","2110854","조원동주민센터","55","39","16","0","4","5","17","21","8","0","3","5","9","15","7","0","1","0","8","6","1"
"2022","3","A","골목상권","2110113","응봉산","77","43","34","0","14","15","14","16","18","0","4","11","7","6","15","0","10","4","7","10","3"
"2022","3","A","골목상권","2110392","발바닥공원","43","17","26","0","2","8","7","10","16","0","0","0","3","3","11","0","2","8","4","7","5"
"2022","3","A","골목상권","2110878","미림여고","368","218","150","3","43","114","101","78","29","0","19","63","68","43","25","3","24","51","33","35","4"
"2022","3","A","골목상권","2110153","중곡1동주민센터","241","83","158","1","42","57","67","57","17","0","14","22","22","17","8","1","28","35","45","40","9"
"2022","3","R","전통시장","2130007","광장시장(광장전통시장)","466","310","156","0","39","77","97","129","124","0","22","41","73","77","97","0","17","36","24","52","27"
"2022","3","A","골목상권","2110169","성동초등학교","221","112","109","1","25","30","68","59","38","0","12","12","32","32","24","1","13","18","36","27","14"
"2022","3","R","전통시장","2130148","방학동도깨비시장","60","33","27","0","6","9","16","18","11","0","4","3","8","14","4","0","2","6","8","4","7"
"2022","3","D","발달상권","2120048","금호역","80","31","49","0","16","10","18","24","12","0","2","2","6","13","8","0","14","8","12","11","4"
"2022","3","D","발달상권","2120001","서대문역","1510","1022","488","1","265","530","359","278","77","1","106","344","272","237","62","0","159","186","87","41","15"
"2022","3","A","골목상권","2110136","경수초등학교","4745","2743","2002","43","1169","1097","978","875","583","32","439","633","615","593","431","11","730","464","363","282","152"
"2022","3","A","골목상권","2110167","용마초등학교","376","220","156","2","22","56","99","109","88","0","9","20","52","62","77","2","13","36","47","47","11"
"2022","3","A","골목상권","2110177","동의초등학교","135","90","45","0","11","31","32","35","26","0","3","15","21","27","24","0","8","16","11","8","2"
"2022","3","A","골목상권","2110975","매봉역 1번","10837","6932","3905","34","2175","2199","3202","3019","208","21","1010","1161","2184","2402","154","13","1165","1038","1018","617","54"
"2022","3","D","발달상권","2120072","성신여대","1048","537","511","18","137","211","213","271","198","11","46","86","103","152","139","7","91","125","110","119","59"
"2022","3","A","골목상권","2110269","용마문화복지센터","169","98","71","0","19","53","52","28","17","0","13","32","30","19","4","0","6","21","22","9","13"
"2022","3","A","골목상권","2110865","남강고등학교(남강중학교)","336","143","193","4","66","72","69","85","40","2","16","34","28","34","29","2","50","38","41","51","11"
"2022","3","D","발달상권","2120026","을지로입구역","30610","18501","12109","14","4275","11589","8473","5661","598","4","1729","5846","5959","4562","401","10","2546","5743","2514","1099","197"
"2022","3","D","발달상권","2120023","서울시청","10242","5534","4708","15","2234","3260","2778","1425","530","4","852","1657","1658","983","380","11","1382","1603","1120","442","150"
"2022","3","A","골목상권","2110038","경향신문사","2636","1651","985","0","377","783","808","593","75","0","119","436","540","491","65","0","258","347","268","102","10"
"2022","3","R","전통시장","2130038","평화시장(통일상가, 동화상가)","930","630","300","3","110","293","273","172","79","0","61","165","211","134","59","3","49","128","62","38","20"
"2022","3","A","골목상권","2110117","성동구보건소","103","73","30","1","14","27","19","33","9","1","10","20","11","25","6","0","4","7","8","8","3"
"2022","3","A","골목상권","2110055","황학동벼룩시장","29","19","10","0","1","4","6","11","7","0","1","3","5","6","4","0","0","1","1","5","3"
"2022","3","R","전통시장","2130111","동원전통종합시장(동원시장, 동원전통시장 상점가)","224","109","115","0","24","37","49","82","32","0","11","17","21","38","22","0","13","20","28","44","10"
"2022","3","A","골목상권","2110102","옥수역 6번","3362","1140","2222","0","968","1050","724","422","198","0","202","328","319","197","94","0","766","722","405","225","104"
"2022","3","A","골목상권","2110178","장로회신학대학교","194","123","71","0","25","44","42","56","27","0","15","34","21","38","15","0","10","10","21","18","12"
"2022","3","R","전통시장","2130083","중곡제일시장(중곡제일골목시장, 광성시장)","111","68","43","0","15","21","29","24","22","0","7","14","20","10","17","0","8","7","9","14","5"
"2022","3","A","골목상권","2110171","중곡4동주민센터","59","36","23","0","4","8","7","22","18","0","1","2","3","15","15","0","3","6","4","7","3"
"2022","3","A","골목상권","2110173","구남초등학교","195","106","89","0","34","50","46","44","21","0","16","28","21","25","16","0","18","22","25","19","5"
"2022","3","D","발달상권","2120061","올림픽대교북단","1094","864","230","1","228","403","324","95","43","0","165","326","290","55","28","1","63","77","34","40","15"
"2022","3","A","골목상권","2110151","자양한강도서관","249","175","74","4","35","52","63","66","29","3","24","37","49","41","21","1","11","15","14","25","8"
"2022","3","A","골목상권","2110242","면목5동주민센터","164","112","52","0","21","28","56","30","29","0","12","23","31","22","24","0","9","5","25","8","5"
"2022","3","A","골목상권","2110253","중곡초등학교","181","106","75","0","31","31","44","49","26","0","10","17","23","35","21","0","21","14","21","14","5"
"2022","3","A","골목상권","2110245","KB국민은행 중화동지점","108","69","39","0","5","18","41","27","17","0","4","10","24","17","14","0","1","8","17","10","3"
"2022","3","R","전통시장","2130133","우이골목시장(우이시장)","69","61","8","0","7","7","19","20","16","0","6","6","17","17","15","0","1","1","2","3","1"
"2022","3","A","골목상권","2110362","우이천 계성교","205","110","95","1","24","34","61","63","22","0","11","19","28","35","17","1","13","15","33","28","5"
"2022","3","A","골목상권","2110353","수유동우체국","187","91","96","0","4","18","48","60","57","0","1","12","33","27","18","0","3","6","15","33","39"
"2022","3","R","전통시장","2130108","태능엔터피아(태릉시장)","3","1","2","0","0","0","1","2","0","0","0","0","0","1","0","0","0","0","1","1","0"
"2022","3","A","골목상권","2110234","중랑역 4번","96","41","55","0","15","16","23","25","17","0","2","5","10","14","10","0","13","11","13","11","7"
"2022","3","A","골목상권","2110250","화랑대역 7번","111","69","42","0","7","20","32","34","18","0","5","12","15","23","14","0","2","8","17","11","4"
"2022","3","A","골목상권","2110853","KT구로지사","213","127","86","0","21","47","65","50","30","0","9","26","44","27","21","0","12","21","21","23","9"
"2022","3","A","골목상권","2110314","종암경찰서","953","701","252","1","127","272","224","287","42","0","72","207","163","231","28","1","55","65","61","56","14"
"2022","3","R","전통시장","2130137","수유전통시장(수유시장, 수유골목시장)","89","31","58","0","5","10","19","26","29","0","0","3","8","8","12","0","5","7","11","18","17"
"2022","3","R","전통시장","2130138","수유프라자","142","24","118","1","31","24","16","42","28","0","1","4","5","4","10","1","30","20","11","38","18"
"2022","3","R","전통시장","2130134","솔샘시장(미아6,7동골목시장)","73","30","43","1","7","19","25","18","3","0","3","4","12","8","3","1","4","15","13","10","0"
"2022","3","D","발달상권","2120095","홍제역","922","520","402","1","73","107","260","362","119","0","17","56","137","222","88","1","56","51","123","140","31"
"2022","3","A","골목상권","2110285","홍대부중","814","559","255","9","219","220","210","100","56","6","118","172","163","69","31","3","101","48","47","31","25"
"2022","3","A","골목상권","2110284","정릉북한산국립공원입구","644","558","86","0","13","85","200","250","96","0","8","69","176","220","85","0","5","16","24","30","11"
"2022","3","R","전통시장","2130004","낙원시장(낙원지하시장(대일상가))","364","258","106","0","29","70","99","78","88","0","14","51","68","57","68","0","15","19","31","21","20"
"2022","3","A","골목상권","2110381","번동주공2단지","171","88","83","5","31","28","38","55","14","4","11","14","21","30","8","1","20","14","17","25","6"
"2022","3","R","전통시장","2130139","강북종합전통시장(강북종합골목시장)","166","114","52","0","16","45","61","28","16","0","11","33","42","19","9","0","5","12","19","9","7"
"2022","3","A","골목상권","2110517","서대문소방서","1051","692","359","8","225","280","242","207","89","5","104","187","179","161","56","3","121","93","63","46","33"
"2022","3","A","골목상권","2110027","혜화역 1번","617","366","251","1","73","116","131","98","198","0","28","74","65","54","145","1","45","42","66","44","53"
"2022","3","R","전통시장","2130180","포방터시장","59","34","25","0","13","11","15","6","14","0","4","4","11","5","10","0","9","7","4","1","4"
"2022","3","R","전통시장","2130176","유진상가","38","23","15","0","20","16","1","1","0","0","9","13","1","0","0","0","11","3","0","1","0"
"2022","3","A","골목상권","2110504","명지전문대","139","35","104","0","8","17","27","38","49","0","3","4","6","11","11","0","5","13","21","27","38"
"2022","3","A","골목상권","2110552","성미산체육관","646","469","177","1","110","162","148","159","66","0","72","121","99","129","48","1","38","41","49","30","18"
"2022","3","R","전통시장","2130178","이대 앞 스타트업 상점가","32","7","25","0","5","5","10","6","6","0","1","0","4","0","2","0","4","5","6","6","4"
"2022","3","A","골목상권","2110508","서연중학교","1028","470","558","9","149","249","175","268","178","3","66","152","81","93","75","6","83","97","94","175","103"
"2022","3","A","골목상권","2110506","연희임광아파트","110","66","44","0","5","12","39","29","25","0","1","8","20","19","18","0","4","4","19","10","7"
"2022","3","A","골목상권","2110574","서강대학교","173","123","50","0","35","41","49","38","10","0","17","30","41","30","5","0","18","11","8","8","5"
"2022","3","A","골목상권","2110794","영동초등학교","632","494","138","0","87","115","178","167","85","0","47","89","148","135","75","0","40","26","30","32","10"
"2022","3","D","발달상권","2120135","양평역","5072","3013","2059","32","1300","1280","1187","776","497","11","626","825","676","441","434","21","674","455","511","335","63"
"2022","3","A","골목상권","2110768","도림2동유수지내체육시설","294","155","139","0","20","43","63","73","95","0","7","22","32","41","53","0","13","21","31","32","42"
"2022","3","A","골목상권","2110785","영등포푸르지오아파트","161","84","77","2","13","17","39","44","46","2","8","12","24","14","24","0","5","5","15","30","22"
"2022","3","A","골목상권","2110795","도림초등학교","533","356","177","0","20","49","80","128","256","0","8","36","48","74","190","0","12","13","32","54","66"
"2022","3","A","골목상권","2110886","관악해태어린이공원","188","103","85","1","38","50","41","36","22","1","18","28","21","23","12","0","20","22","20","13","10"
"2022","3","D","발달상권","2120157","신림역(신림)","593","255","338","1","95","115","145","125","112","0","19","40","81","48","67","1","76","75","64","77","45"
"2022","3","R","전통시장","2130249","동남상가","10","8","2","0","2","0","0","4","4","0","1","0","0","4","3","0","1","0","0","0","1"
"2022","3","A","골목상권","2110862","난곡초등학교(난곡동벽화마을)","84","41","43","0","4","13","14","34","19","0","2","6","11","15","7","0","2","7","3","19","12"
"2022","3","R","전통시장","2130293","봉천중앙시장","154","42","112","0","17","13","29","46","49","0","5","7","14","14","2","0","12","6","15","32","47"
"2022","3","A","골목상권","2110876","서원동주민센터(신관중학교)","49","29","20","0","5","9","16","9","10","0","2","4","10","4","9","0","3","5","6","5","1"
"2022","3","A","골목상권","2110871","신원동주민센터","159","101","58","1","12","40","45","37","24","0","8","25","27","25","16","1","4","15","18","12","8"
"2022","3","R","전통시장","2130284","관악종합시장(신원시장)","17","10","7","0","0","1","3","10","3","0","0","1","1","6","2","0","0","0","2","4","1"
"2022","3","A","골목상권","2110890","봉천역 1번(관악초등학교)","261","152","109","1","22","44","95","70","29","0","4","22","59","46","21","1","18","22","36","24","8"
"2022","3","A","골목상권","2110893","관악소방서(문영여고)","353","303","50","0","39","110","66","113","25","0","29","96","57","99","22","0","10","14","9","14","3"
"2022","3","A","골목상권","2110866","난우중학교","171","91","80","0","20","36","34","62","19","0","14","20","12","29","16","0","6","16","22","33","3"
"2022","3","R","전통시장","2130092","청량리농수산물시장","12","9","3","0","0","1","3","5","3","0","0","0","3","3","3","0","0","1","0","2","0"
"2022","3","A","골목상권","2110422","노원역 9번","277","221","56","0","27","70","94","54","32","0","24","59","79","37","22","0","3","11","15","17","10"
"2022","3","A","골목상권","2110424","상계초등학교","388","157","231","2","42","50","96","106","92","2","18","32","32","42","31","0","24","18","64","64","61"
"2022","3","D","발달상권","2120219","은마아파트","17161","5791","11370","202","3396","3816","3174","4058","2515","83","1254","1870","1373","817","394","119","2142","1946","1801","3241","2121"
"2022","3","A","골목상권","2110976","언북초등학교","578","332","246","1","111","188","126","86","66","0","41","115","83","49","44","1","70","73","43","37","22"
"2022","3","A","골목상권","2110019","창덕궁","325","215","110","0","47","91","82","71","34","0","21","65","53","49","27","0","26","26","29","22","7"
"2022","3","R","전통시장","2130033","대림상가(청계상가)","169","121","48","0","7","29","54","39","40","0","3","19","35","30","34","0","4","10","19","9","6"
"2022","3","R","전통시장","2130018","동대문문구완구거리(동대문문구완구시장)","215","124","91","0","27","45","50","52","41","0","12","24","33","31","24","0","15","21","17","21","17"
"2022","3","D","발달상권","2120005","삼청동","3053","2795","258","1","399","712","898","817","226","0","340","633","848","776","198","1","59","79","50","41","28"
"2022","3","A","골목상권","2110031","창신역 1번","44","31","13","0","7","14","5","11","7","0","4","8","4","8","7","0","3","6","1","3","0"
"2022","3","R","전통시장","2130099","전농로터리시장","7","3","4","0","1","0","2","3","1","0","0","0","1","1","1","0","1","0","1","2","0"
"2022","3","D","발달상권","2120085","은행사거리","317","121","196","4","51","48","80","78","56","3","11","14","21","40","32","1","40","34","59","38","24"
"2022","3","R","전통시장","2130002","세종마을음식문화거리(금천교시장)","564","392","172","4","56","109","120","121","154","0","26","74","75","90","127","4","30","35","45","31","27"
"2022","3","A","골목상권","2110420","광운대역 1번","814","483","331","7","235","312","188","43","29","0","114","236","92","23","18","7","121","76","96","20","11"
"2022","3","A","골목상권","2110026","종로5가역 4번","190","120","70","0","22","41","73","27","27","0","9","28","47","14","22","0","13","13","26","13","5"
"2022","3","R","전통시장","2130085","용두시장","4","2","2","0","0","0","1","2","1","0","0","0","0","1","1","0","0","0","1","1","0"
"2022","3","D","발달상권","2120099","월드컵경기장역(월드컵경기장)","84","57","27","0","11","20","26","14","13","0","6","16","21","7","7","0","5","4","5","7","6"
"2022","3","A","골목상권","2110108","성동구립금호도서관","6","1","5","0","0","1","4","1","0","0","0","0","0","1","0","0","0","1","4","0","0"
"2022","3","A","골목상권","2111081","둔촌푸르지오아파트","78","50","28","0","8","17","18","18","17","0","4","12","13","6","15","0","4","5","5","12","2"
"2022","3","D","발달상권","2120140","문래동주민센터","6162","3296","2866","22","1447","1840","1635","916","302","11","558","993","992","517","225","11","889","847","643","399","77"
"2022","3","R","전통시장","2130014","동문시장","3","1","2","0","0","2","0","0","1","0","0","0","0","0","1","0","0","2","0","0","0"
"2022","3","A","골목상권","2110659","화곡역 4번","867","512","355","11","102","182","240","188","144","9","52","115","144","110","82","2","50","67","96","78","62"
"2022","3","A","골목상권","2110985","청담근린공원","1338","948","390","0","193","447","374","226","98","0","98","346","275","157","72","0","95","101","99","69","26"
"2022","3","A","골목상권","2110972","강남세브란스병원미래의학연구센터","2628","1440","1188","17","539","669","692","581","130","4","240","428","438","258","72","13","299","241","254","323","58"
"2022","3","A","골목상권","2110935","한전아트센터","379","264","115","2","53","108","105","72","39","2","33","82","75","46","26","0","20","26","30","26","13"
"2022","3","D","발달상권","2120213","삼성중앙역","8472","5131","3341","50","1855","2469","1898","1065","1135","12","828","1511","1297","712","771","38","1027","958","601","353","364"
"2022","3","A","골목상권","2110939","양재역 8번(양재동우체국)","5945","4103","1842","23","971","1415","1465","1168","903","15","500","989","1056","798","745","8","471","426","409","370","158"
"2022","3","A","골목상권","2111021","방이역 4번","7674","5867","1807","22","792","1328","1977","2139","1416","15","392","911","1551","1769","1229","7","400","417","426","370","187"
"2022","3","A","골목상권","2111074","명일역 1번","148","77","71","2","31","38","40","16","21","1","9","23","23","10","11","1","22","15","17","6","10"
"2022","3","D","발달상권","2120032","충무로역","11403","5304","6099","36","1756","2560","3266","2711","1074","15","589","1271","1554","1201","674","21","1167","1289","1712","1510","400"
"2022","3","A","골목상권","2110468","응암역 3번","1129","494","635","2","141","256","316","256","158","0","44","114","140","109","87","2","97","142","176","147","71"
"2022","3","R","전통시장","2130160","수일시장","7","2","5","0","0","2","1","2","2","0","0","0","0","1","1","0","0","2","1","1","1"
"2022","3","A","골목상권","2110454","선정중학교","481","268","213","3","56","71","142","108","101","2","42","35","53","66","70","1","14","36","89","42","31"
"2022","3","R","전통시장","2130164","역촌중앙시장","9","3","6","0","0","1","2","2","4","0","0","0","1","1","1","0","0","1","1","1","3"
"2022","3","D","발달상권","2120088","구산역","799","279","520","2","86","117","175","272","147","2","30","65","68","59","55","0","56","52","107","213","92"
"2022","3","R","전통시장","2130169","대조시장","67","31","36","0","5","11","21","23","7","0","1","3","11","11","5","0","4","8","10","12","2"
"2022","3","A","골목상권","2110476","역촌역 2번","56","26","30","0","2","8","22","17","7","0","1","3","9","7","6","0","1","5","13","10","1"
"2022","3","A","골목상권","2110617","등촌역 4번","274","192","82","0","47","75","77","51","24","0","37","55","51","33","16","0","10","20","26","18","8"
"2022","3","D","발달상권","2120111","목동사거리","1828","710","1118","1","551","601","341","219","115","0","101","248","161","116","84","1","450","353","180","103","31"
"2022","3","A","골목상권","2110463","응암3동주민센터","123","54","69","0","7","23","36","26","31","0","3","6","14","11","20","0","4","17","22","15","11"
"2022","3","R","전통시장","2130199","신월3동 골목시장","18","8","10","0","1","4","4","9","0","0","0","1","3","4","0","0","1","3","1","5","0"
"2022","3","A","골목상권","2110601","신월1동우편취급국","1200","814","386","3","116","180","274","437","190","1","61","115","183","309","145","2","55","65","91","128","45"
"2022","3","A","골목상권","2110955","논현초등학교","3430","2238","1192","19","719","823","793","625","451","13","417","568","554","389","297","6","302","255","239","236","154"
"2022","3","A","골목상권","2110627","신정롯데캐슬아파트","512","310","202","24","127","127","89","83","62","13","69","79","57","49","43","11","58","48","32","34","19"
"2022","3","A","골목상권","2110623","갈산공원","118","94","24","0","27","32","24","27","8","0","23","26","21","19","5","0","4","6","3","8","3"
"2022","3","A","골목상권","2110611","신정역 1번","316","212","104","2","35","61","100","82","36","2","21","44","61","52","32","0","14","17","39","30","4"
"2022","3","A","골목상권","2110640","방화역 1번","1019","638","381","3","139","292","240","195","150","3","62","119","167","158","129","0","77","173","73","37","21"
"2022","3","A","골목상권","2110677","등촌역 1번","410","321","89","1","50","80","83","91","105","1","24","51","70","76","99","0","26","29","13","15","6"
"2022","3","R","전통시장","2130213","방신전통시장","112","77","35","0","13","20","25","29","25","0","10","18","14","14","21","0","3","2","11","15","4"
"2022","3","D","발달상권","2120116","송정역","117","64","53","0","17","27","28","20","25","0","9","11","15","10","19","0","8","16","13","10","6"
"2022","3","A","골목상권","2110655","발산역 5번","587","355","232","0","97","156","147","112","75","0","29","94","98","76","58","0","68","62","49","36","17"
"2022","3","U","관광특구","1001492","명동 남대문 북창동 다동 무교동 관광특구","104830","53674","51156","423","27134","34007","23384","15726","4156","137","8860","16080","15133","10824","2640","286","18274","17927","8251","4902","1516"
"2022","3","D","발달상권","2120205","매봉역","13950","9370","4580","95","2838","4203","3126","1781","1907","44","1450","2959","2521","1302","1094","51","1388","1244","605","479","813"
"2022","3","D","발달상권","2120189","강남역","72613","38819","33794","234","17636","24305","18411","9151","2876","59","6629","13226","10962","5914","2029","175","11007","11079","7449","3237","847"
"2022","3","A","골목상권","2110711","구로초등학교","818","332","486","4","62","122","166","288","176","2","26","70","82","75","77","2","36","52","84","213","99"
"2022","3","A","골목상권","2110716","구로나눔길","666","398","268","1","132","256","164","77","36","0","39","154","115","60","30","1","93","102","49","17","6"
"2022","3","A","골목상권","2110694","세곡초등학교","445","249","196","2","55","149","90","98","51","0","24","76","51","60","38","2","31","73","39","38","13"
"2022","3","A","골목상권","2110740","금천해태공원","650","283","367","1","135","136","138","170","70","1","47","55","58","71","51","0","88","81","80","99","19"
"2022","3","A","골목상권","2110753","시흥동 은행나무사거리","617","387","230","0","69","100","149","166","133","0","28","68","90","96","105","0","41","32","59","70","28"
"2022","3","A","골목상권","2110729","가산동우체국","151","112","39","0","19","30","40","39","23","0","14","19","30","30","19","0","5","11","10","9","4"
"2022","3","A","골목상권","2110821","보라매역 2번","595","353","242","0","73","109","140","135","138","0","34","65","79","87","88","0","39","44","61","48","50"
"2022","3","R","전통시장","2130234","푸른터시장(기능상실)","3","2","1","0","0","1","0","2","0","0","0","1","0","1","0","0","0","0","0","1","0"
"2022","3","D","발달상권","2120170","삼호가든사거리","2026","1161","865","8","279","587","623","346","183","7","113","333","412","168","128","1","166","254","211","178","55"
"2022","3","A","골목상권","2110746","금천금빛공원(은행나무사거리서측)","70","48","22","0","5","11","22","21","11","0","3","9","13","15","8","0","2","2","9","6","3"
"2022","3","R","전통시장","2130274","사당1동먹자골목상점가(사당1동먹자골목)","389","218","171","4","91","100","81","63","50","3","45","64","37","35","34","1","46","36","44","28","16"
"2022","3","D","발달상권","2120182","양재시민의숲역(양재동꽃시장, aT센터)","6144","4255","1889","33","1041","1652","1482","1259","677","14","539","1144","1089","924","545","19","502","508","393","335","132"
"2022","3","D","발달상권","2120183","양재천카페거리","3558","2626","932","12","586","972","848","551","589","10","364","717","638","413","484","2","222","255","210","138","105"
"2022","3","R","전통시장","2130262","상도도깨비 골목형상점가","18","8","10","0","1","0","12","2","3","0","0","0","6","0","2","0","1","0","6","2","1"
"2022","3","A","골목상권","2110838","상도1동주민센터앞","131","122","9","0","3","32","30","35","31","0","3","27","27","35","30","0","0","5","3","0","1"
"2022","3","R","전통시장","2130314","풍납시장","202","99","103","1","24","42","50","60","25","1","15","27","22","18","16","0","9","15","28","42","9"
"2022","3","A","골목상권","2110851","경문고등학교(동작동성당)","485","233","252","0","79","136","140","102","28","0","32","53","66","66","16","0","47","83","74","36","12"
"2022","3","D","발달상권","2120178","신사역","10933","5953","4980","34","2539","2847","2355","1810","1348","13","871","1570","1480","999","1020","21","1668","1277","875","811","328"
"2022","3","A","골목상권","2110908","구반포역","1525","377","1148","0","66","111","397","806","145","0","42","54","71","141","69","0","24","57","326","665","76"
"2022","3","D","발달상권","2120207","선정릉역","12151","7422","4729","32","2685","4209","2741","1595","889","16","1111","2464","1939","1147","745","16","1574","1745","802","448","144"
"2022","3","D","발달상권","2120180","양재화물트럭터미널앞","2562","2146","416","13","637","812","554","409","137","10","466","711","481","363","115","3","171","101","73","46","22"
"2022","3","D","발달상권","2120216","경기고교사거리(경기고교앞사거리)","4934","3621","1313","8","712","1628","1666","772","148","5","291","1070","1431","703","121","3","421","558","235","69","27"
"2022","3","A","골목상권","2110995","봉은사역 4번","5085","3711","1374","9","978","2002","1271","637","188","2","575","1477","990","523","144","7","403","525","281","114","44"
"2022","3","D","발달상권","2120215","포스코사거리","61656","40699","20957","170","9756","22505","18176","8404","2645","29","4305","14324","13853","6406","1782","141","5451","8181","4323","1998","863"
"2022","3","A","골목상권","2110916","내방역 4번","1152","592","560","9","216","272","301","208","146","6","58","167","187","91","83","3","158","105","114","117","63"
"2022","3","A","골목상권","2110230","장안현대홈타운1차아파트","161","101","60","0","15","32","52","45","17","0","6","22","33","28","12","0","9","10","19","17","5"
"2022","3","A","골목상권","2110951","신사은행나무공원","273","75","198","0","35","83","96","51","8","0","6","24","27","15","3","0","29","59","69","36","5"
"2022","3","A","골목상권","2110037","신설동역 12번","208","124","84","0","16","46","51","61","34","0","6","20","32","41","25","0","10","26","19","20","9"
"2022","3","A","골목상권","2110944","서울나래학교(염곡어린이공원)","1053","735","318","10","133","246","201","217","246","8","98","194","153","139","143","2","35","52","48","78","103"
"2022","3","D","발달상권","2120208","청담사거리(청담동명품거리)","10577","4635","5942","38","3354","3776","2024","878","507","13","1031","1619","1113","501","358","25","2323","2157","911","377","149"
"2022","3","A","골목상권","2110961","언주역 3번","962","673","289","5","172","286","248","140","111","3","97","184","187","112","90","2","75","102","61","28","21"
"2022","3","D","발달상권","2120149","여의도역(여의도)","69255","45888","23367","184","11383","22550","19240","12096","3802","34","5884","14085","14147","9350","2388","150","5499","8465","5093","2746","1414"
"2022","3","A","골목상권","2111005","삼전역 3번","1865","1358","507","0","320","617","459","302","167","0","215","449","339","222","133","0","105","168","120","80","34"
"2022","3","R","전통시장","2130313","방이시장","3469","1526","1943","5","449","529","612","1126","748","4","159","335","346","371","311","1","290","194","266","755","437"
"2022","3","D","발달상권","2120084","공릉역","712","546","166","3","33","59","110","240","267","1","11","22","63","205","244","2","22","37","47","35","23"
"2022","3","D","발달상권","2120228","석촌역(석촌호수)","4494","2725","1769","7","707","1306","1038","695","741","1","288","851","680","410","495","6","419","455","358","285","246"
"2022","3","A","골목상권","2110231","장안교","11","8","3","0","0","1","4","5","1","0","0","1","3","4","0","0","0","0","1","1","1"
"2022","3","A","골목상권","2111030","방이역 2번","665","419","246","1","57","107","147","217","136","0","28","68","94","128","101","1","29","39","53","89","35"
"2022","3","A","골목상권","2110225","촬영소사거리","330","204","126","0","22","36","68","83","121","0","9","25","42","55","73","0","13","11","26","28","48"
"2022","3","D","발달상권","2120012","대학로(혜화역)","2061","929","1132","10","357","603","507","318","266","5","105","208","252","171","188","5","252","395","255","147","78"
"2022","3","A","골목상권","2110079","후암동주민센터","1084","584","500","4","223","262","267","196","132","3","73","156","156","105","91","1","150","106","111","91","41"
"2022","3","A","골목상권","2110394","방학중학교","193","116","77","0","15","32","46","48","52","0","8","18","23","29","38","0","7","14","23","19","14"
"2022","3","R","전통시장","2130056","용산용문시장","65","34","31","0","7","15","18","10","15","0","4","6","7","6","11","0","3","9","11","4","4"
"2022","3","A","골목상권","2111034","오동나무공원(송파레미니스1단지)","1443","1020","423","3","244","367","352","318","159","3","155","253","264","223","122","0","89","114","88","95","37"
"2022","3","A","골목상권","2110263","면목역 1번","128","69","59","0","12","27","34","24","31","0","6","12","11","14","26","0","6","15","23","10","5"
"2022","3","A","골목상권","2110550","합정역 8번","1578","740","838","1","240","411","414","333","179","0","84","165","221","171","99","1","156","246","193","162","80"
"2022","3","R","전통시장","2130152","오!도봉거리 상점가","61","34","27","0","5","14","19","13","10","0","1","5","10","10","8","0","4","9","9","3","2"
"2022","3","D","발달상권","2120083","등나무근린공원","1184","787","397","0","166","325","271","283","139","0","114","228","171","179","95","0","52","97","100","104","44"
"2022","3","D","발달상권","2120065","회기역","326","207","119","3","48","55","89","76","55","1","27","39","49","49","42","2","21","16","40","27","13"
"2022","3","A","골목상권","2111044","남천초등학교","557","264","293","1","95","146","167","113","35","0","35","71","76","56","26","1","60","75","91","57","9"
"2022","3","A","골목상권","2110022","경신고등학교","537","396","141","11","142","162","128","59","35","10","100","123","94","43","26","1","42","39","34","16","9"
"2022","3","A","골목상권","2110218","답십리사거리","158","83","75","0","14","25","45","60","14","0","5","12","22","33","11","0","9","13","23","27","3"
"2022","3","A","골목상권","2111007","석촌고분역 4번","936","480","456","0","107","215","255","242","117","0","43","116","142","109","70","0","64","99","113","133","47"
"2022","3","A","골목상권","2110399","창2동주민센터","852","519","333","8","114","210","262","189","69","8","71","159","139","94","48","0","43","51","123","95","21"
"2022","3","A","골목상권","2111073","둔촌동역 1번(한산중학교)","973","578","395","1","134","224","250","206","158","1","58","122","160","124","113","0","76","102","90","82","45"
"2022","3","A","골목상권","2111033","문정동성당","70","30","40","0","5","4","16","16","29","0","2","3","8","9","8","0","3","1","8","7","21"
"2022","3","A","골목상권","2110383","덕성여대시반거리","33","21","12","0","0","3","13","10","7","0","0","2","9","5","5","0","0","1","4","5","2"
"2022","3","D","발달상권","2120224","수서역","12418","6339","6079","23","1900","3177","3167","2346","1805","12","860","1669","1497","1232","1069","11","1040","1508","1670","1114","736"
"2022","3","A","골목상권","2111038","보인중학교","416","270","146","0","26","66","113","123","88","0","11","38","85","88","48","0","15","28","28","35","40"
"2022","3","A","골목상권","2111079","둔촌고등학교(둔촌중학교)","395","202","193","1","52","59","66","79","138","1","32","35","35","28","71","0","20","24","31","51","67"
"2022","3","D","발달상권","2120245","둔촌역","1884","1135","749","7","312","460","446","371","288","6","169","309","271","195","185","1","143","151","175","176","103"
"2022","3","A","골목상권","2111069","천호1동주민센터","79","54","25","0","8","17","17","26","11","0","4","12","14","14","10","0","4","5","3","12","1"
"2022","3","A","골목상권","2111065","천일초등학교","75","34","41","2","6","20","18","22","7","2","5","10","7","5","5","0","1","10","11","17","2"
"2022","3","R","전통시장","2130323","둔촌역전통시장","171","86","85","0","3","14","23","36","95","0","2","6","8","14","56","0","1","8","15","22","39"
"2022","3","A","골목상권","2111082","중앙보훈병원","64","44","20","0","3","9","11","23","18","0","1","3","5","18","17","0","2","6","6","5","1"
"2022","3","A","골목상권","2111083","GS강동자이아파트","411","245","166","0","67","62","70","100","112","0","47","43","41","44","70","0","20","19","29","56","42"
"2022","3","A","골목상권","2110088","오산고등학교","1696","1140","556","16","439","504","454","203","80","7","263","350","312","150","58","9","176","154","142","53","22"
"2022","3","R","전통시장","2130053","백학시장","160","69","91","0","22","24","46","37","31","0","8","8","20","15","18","0","14","16","26","22","13"
"2022","3","A","골목상권","2110058","성심여자고등학교","947","659","288","10","141","228","254","194","120","3","71","162","181","141","101","7","70","66","73","53","19"
"2022","3","D","발달상권","2120046","이태원(이태원역)","2276","1295","981","24","817","682","338","220","195","15","389","421","205","134","131","9","428","261","133","86","64"
"2022","3","R","전통시장","2130062","보광시장","31","12","19","0","0","6","10","13","2","0","0","3","4","4","1","0","0","3","6","9","1"
"2022","3","A","골목상권","2110069","숙대입구","829","295","534","3","200","295","168","86","77","3","34","90","82","40","46","0","166","205","86","46","31"
"2022","3","A","골목상권","2110110","상왕십리역 6번","93","55","38","1","12","22","24","18","16","1","7","12","13","10","12","0","5","10","11","8","4"
"2022","3","A","골목상권","2110257","상봉역 7번","397","330","67","0","17","18","50","133","179","0","6","11","34","118","161","0","11","7","16","15","18"
"2022","3","A","골목상권","2110172","광진초등학교","351","227","124","0","42","73","97","92","47","0","17","48","61","65","36","0","25","25","36","27","11"
"2022","3","A","골목상권","2110093","우사단길","2482","1548","934","2","325","1015","734","327","79","1","101","529","548","305","64","1","224","486","186","22","15"
"2022","3","D","발달상권","2120021","시청역_8번","24117","15220","8897","74","4137","8250","7186","3526","944","13","1738","4529","5241","3020","679","61","2399","3721","1945","506","265"
"2022","3","A","골목상권","2110334","석관중앙교회","170","105","65","0","21","43","31","41","34","0","8","19","19","29","30","0","13","24","12","12","4"
"2022","3","A","골목상권","2110338","인수초등학교","190","135","55","0","34","59","43","46","8","0","18","42","33","35","7","0","16","17","10","11","1"
"2022","3","A","골목상권","2110555","홍익지구대","335","161","174","1","58","69","68","50","89","0","16","32","34","21","58","1","42","37","34","29","31"
"2022","3","R","전통시장","2130179","이화여대 3,5,7길 상점가","147","65","82","3","34","15","41","31","23","1","12","3","14","17","18","2","22","12","27","14","5"
"2022","3","D","발달상권","2120014","종로5가역","4887","2839","2048","375","1123","1351","1205","597","236","112","456","860","851","397","163","263","667","491","354","200","73"
"2022","3","A","골목상권","2110883","은천초등학교(은천교앞)","212","126","86","2","21","44","71","49","25","1","12","25","43","29","16","1","9","19","28","20","9"
"2022","3","A","골목상권","2110882","신성초등학교","733","444","289","1","95","131","215","168","123","0","52","67","122","109","94","1","43","64","93","59","29"
"2022","3","A","골목상권","2110869","신림역 5번(신림동주민센터, 신림동별빛거리)","1026","681","345","1","79","136","248","233","329","1","36","73","143","155","273","0","43","63","105","78","56"
"2022","3","R","전통시장","2130290","영림시장","417","183","234","0","74","101","107","92","43","0","14","49","43","44","33","0","60","52","64","48","10"
"2022","3","A","골목상권","2110095","한강진역 3번","1186","801","385","16","160","326","321","298","65","8","61","235","227","226","44","8","99","91","94","72","21"
"2022","3","A","골목상권","2110221","의릉","95","69","26","0","10","12","36","29","8","0","6","10","24","22","7","0","4","2","12","7","1"
"2022","3","R","전통시장","2130052","서울중앙시장(신중앙시장)","479","342","137","0","106","156","101","61","55","0","80","110","57","45","50","0","26","46","44","16","5"
"2022","3","R","전통시장","2130065","무학봉상점가","144","67","77","0","22","29","34","37","22","0","4","10","14","22","17","0","18","19","20","15","5"
"2022","3","A","골목상권","2110116","청계천박물관","4884","3674","1210","30","342","780","1090","1772","870","26","217","571","881","1319","660","4","125","209","209","453","210"
"2022","3","R","전통시장","2130010","종로신진시장","200","113","87","0","20","29","55","48","48","0","14","17","24","26","32","0","6","12","31","22","16"
"2022","3","A","골목상권","2110396","쌍문역1번(쌍리단길)","259","94","165","2","41","49","52","76","39","0","13","15","22","29","15","2","28","34","30","47","24"
"2022","3","A","골목상권","2110121","한양대역 4번","45","30","15","0","3","10","8","11","13","0","2","5","5","7","11","0","1","5","3","4","2"
"2022","3","A","골목상권","2110266","면목동우체국","225","182","43","0","10","31","38","79","67","0","1","19","30","69","63","0","9","12","8","10","4"
"2022","3","D","발달상권","2120009","종로3가역","8495","4786","3709","19","1355","2296","2026","1582","1217","8","563","1230","1198","953","834","11","792","1066","828","629","383"
"2022","3","D","발달상권","2120006","종각역","33181","16028","17153","59","5900","11133","9928","5489","672","14","2254","4920","4677","3672","491","45","3646","6213","5251","1817","181"
"2022","3","A","골목상권","2110128","성원중학교","1237","712","525","1","127","206","296","338","269","1","66","118","185","203","139","0","61","88","111","135","130"
"2022","3","A","골목상권","2110211","전곡마을마당공원","626","445","181","1","66","101","170","194","94","0","45","73","129","143","55","1","21","28","41","51","39"
"2022","3","R","전통시장","2130042","약수시장","158","67","91","2","36","30","40","21","29","2","9","9","19","8","20","0","27","21","21","13","9"
"2022","3","A","골목상권","2110208","시조사삼거리","75","56","19","0","2","14","7","17","35","0","1","7","2","11","35","0","1","7","5","6","0"
"2022","3","R","전통시장","2130075","노룬산시장(노룬산골목시장)","23","13","10","0","4","5","10","2","2","0","3","3","6","0","1","0","1","2","4","2","1"
"2022","3","D","발달상권","2120043","서울역","22578","15322","7256","58","4087","7782","5513","3664","1474","27","2087","4897","4201","3033","1077","31","2000","2885","1312","631","397"
"2022","3","A","골목상권","2110071","한강미주맨션아파트","281","182","99","0","36","68","68","55","54","0","20","44","40","41","37","0","16","24","28","14","17"
"2022","3","R","전통시장","2130050","청평화시장","120","50","70","1","18","26","31","29","15","1","9","13","5","15","7","0","9","13","26","14","8"
"2022","3","R","전통시장","2130045","광희패션몰","49","29","20","0","1","5","11","17","15","0","0","2","7","11","9","0","1","3","4","6","6"
"2022","3","A","골목상권","2110051","한양공고앞 교차로","111","82","29","0","17","23","33","26","12","0","12","16","24","20","10","0","5","7","9","6","2"
"2022","3","A","골목상권","2110120","서울숲카페거리","79","49","30","0","8","12","35","18","6","0","3","8","23","10","5","0","5","4","12","8","1"
"2022","3","A","골목상권","2110081","해방촌 남동측","291","170","121","0","46","68","58","64","55","0","14","37","30","41","48","0","32","31","28","23","7"
"2022","3","R","전통시장","2130060","신흥시장","4","1","3","0","0","2","0","2","0","0","0","1","0","0","0","0","0","1","0","2","0"
"2022","3","A","골목상권","2110078","이촌동점보아파트","69","29","40","0","12","15","17","13","12","0","3","8","7","5","6","0","9","7","10","8","6"
"2022","3","A","골목상권","2110082","용산구청","1571","779","792","2","165","447","417","439","101","2","45","147","200","302","83","0","120","300","217","137","18"
"2022","3","A","골목상권","2110142","화양사거리","213","107","106","1","37","47","44","52","32","1","20","25","24","16","21","0","17","22","20","36","11"
"2022","3","A","골목상권","2110115","상왕십리역 3번","945","362","583","10","392","218","156","113","56","0","76","84","93","75","34","10","316","134","63","38","22"
"2022","3","A","골목상권","2110132","성수2가3동주민센터","786","521","265","0","97","182","220","197","90","0","67","133","145","108","68","0","30","49","75","89","22"
"2022","3","A","골목상권","2110176","해오름공원","758","432","326","1","70","206","221","168","92","1","30","116","125","90","70","0","40","90","96","78","22"
"2022","3","A","골목상권","2110100","옥수동우편취급국","46","31","15","0","5","18","13","6","4","0","0","15","7","5","4","0","5","3","6","1","0"
"2022","3","A","골목상권","2110149","세종대학교","122","72","50","0","15","21","31","23","32","0","8","13","19","7","25","0","7","8","12","16","7"
"2022","3","A","골목상권","2110262","상봉역 3번","1532","879","653","2","221","447","543","268","51","0","119","337","282","107","34","2","102","110","261","161","17"
"2022","3","A","골목상권","2110247","먹골역 1번","377","175","202","0","53","79","123","78","44","0","21","30","55","38","31","0","32","49","68","40","13"
"2022","3","A","골목상권","2110175","푸른동산공원","370","235","135","0","41","74","109","86","60","0","24","48","70","53","40","0","17","26","39","33","20"
"2022","3","R","전통시장","2130076","능동로골목시장","88","67","21","0","2","11","14","16","45","0","1","4","13","10","39","0","1","7","1","6","6"
"2022","3","R","전통시장","2130080","자양종합시장(기능상실)","14","10","4","0","0","1","6","6","1","0","0","1","4","4","1","0","0","0","2","2","0"
"2022","3","R","전통시장","2130074","영동교골목시장","21","15","6","0","6","9","2","3","1","0","3","9","0","2","1","0","3","0","2","1","0"
"2022","3","D","발달상권","2120068","사가정역","145","45","100","3","38","31","25","22","26","0","1","5","12","12","15","3","37","26","13","10","11"
"2022","3","A","골목상권","2110267","망우역 2번","139","49","90","1","15","28","50","28","17","1","2","10","19","13","4","0","13","18","31","15","13"
"2022","3","A","골목상권","2110326","장위동성당","84","40","44","0","2","9","16","13","44","0","1","2","6","5","26","0","1","7","10","8","18"
"2022","3","R","전통시장","2130121","길음시장","91","19","72","0","36","24","10","8","13","0","2","5","3","2","7","0","34","19","7","6","6"
"2022","3","A","골목상권","2110241","먹골역 5번","415","213","202","0","61","87","97","117","53","0","17","49","46","63","38","0","44","38","51","54","15"
"2022","3","A","골목상권","2110276","신내IC북측","39","25","14","0","1","6","11","12","9","0","0","5","6","9","5","0","1","1","5","3","4"
"2022","3","R","전통시장","2130113","신아타운","148","27","121","1","31","31","28","39","18","1","4","9","3","4","6","0","27","22","25","35","12"
"2022","3","A","골목상권","2110290","북한산보국문역 1번","96","78","18","0","2","9","29","37","19","0","1","8","23","30","16","0","1","1","6","7","3"
"2022","3","A","골목상권","2110322","장위1동주민센터","237","158","79","0","14","15","42","74","92","0","9","11","30","52","56","0","5","4","12","22","36"
"2022","3","A","골목상권","2110327","상월곡역 2번","104","55","49","0","8","15","39","26","16","0","3","6","23","14","9","0","5","9","16","12","7"
"2022","3","R","전통시장","2130172","모래내시장(서중시장)","41","13","28","0","5","12","8","10","6","0","0","2","3","5","3","0","5","10","5","5","3"
"2022","3","R","전통시장","2130136","수유재래시장","29","11","18","0","6","5","7","5","6","0","2","1","0","2","6","0","4","4","7","3","0"
"2022","3","A","골목상권","2110361","삼양사거리역 1번","101","29","72","0","9","12","19","28","33","0","2","4","3","7","13","0","7","8","16","21","20"
"2022","3","A","골목상권","2110294","서경대학교","391","262","129","0","35","30","93","120","113","0","18","14","46","87","97","0","17","16","47","33","16"
"2022","3","A","골목상권","2110319","종암동주민센터","277","111","166","1","45","49","65","62","55","0","8","19","24","32","28","1","37","30","41","30","27"
"2022","3","A","골목상권","2110287","정릉3동주민센터","70","50","20","0","9","12","18","19","12","0","5","8","15","12","10","0","4","4","3","7","2"
"2022","3","R","전통시장","2130119","정릉아리랑시장","15","4","11","0","0","4","5","5","1","0","0","0","0","3","1","0","0","4","5","2","0"
"2022","3","A","골목상권","2110282","국민대학교앞","1403","1162","241","15","213","430","341","239","165","14","151","387","296","212","102","1","62","43","45","27","63"
"2022","3","R","전통시장","2130118","정릉골 골목형상점가","67","30","37","0","11","13","11","19","13","0","0","2","6","12","10","0","11","11","5","7","3"
"2022","3","A","골목상권","2110310","길음역 10번","45","14","31","0","12","8","5","15","5","0","4","1","2","4","3","0","8","7","3","11","2"
"2022","3","A","골목상권","2110296","성신여대입구역 4번","77","39","38","1","7","12","30","11","16","1","3","7","15","8","5","0","4","5","15","3","11"
"2022","3","A","골목상권","2110311","종암아이파크2차후문","49","21","28","0","3","5","24","7","10","0","2","2","6","4","7","0","1","3","18","3","3"
"2022","3","A","골목상권","2110342","국립재활원","59","44","15","0","5","11","20","15","8","0","3","8","14","13","6","0","2","3","6","2","2"
"2022","3","R","전통시장","2130182","영천시장","78","35","43","0","13","8","24","22","11","0","3","4","10","12","6","0","10","4","14","10","5"
"2022","3","R","전통시장","2130177","인왕시장(홍제골목형상점가)","44","7","37","0","1","1","8","7","27","0","0","0","1","3","3","0","1","1","7","4","24"
"2022","3","A","골목상권","2110377","미아사거리역 3번","21","14","7","0","2","2","2","9","6","0","2","2","1","4","5","0","0","0","1","5","1"
"2022","3","A","골목상권","2110539","미근동","2792","1821","971","13","225","688","889","822","155","9","167","550","547","424","124","4","58","138","342","398","31"
"2022","3","R","전통시장","2130143","방천골목시장","65","36","29","0","11","7","19","24","4","0","6","5","9","13","3","0","5","2","10","11","1"
"2022","3","A","골목상권","2110568","광흥창역 1번","67","32","35","0","12","21","14","15","5","0","4","10","6","9","3","0","8","11","8","6","2"
"2022","3","A","골목상권","2110542","마포구청역 7번","4013","2450","1563","16","528","715","782","1306","666","9","298","578","607","588","370","7","230","137","175","718","296"
"2022","3","A","골목상권","2110494","증산3교남측","31","24","7","0","1","8","7","9","6","0","0","7","5","7","5","0","1","1","2","2","1"
"2022","3","A","골목상권","2110509","연희대우아파트앞","691","333","358","0","73","177","151","193","97","0","29","73","77","101","53","0","44","104","74","92","44"
"2022","3","A","골목상권","2110533","충정로역 7번","22","11","11","0","5","5","3","5","4","0","0","2","2","4","3","0","5","3","1","1","1"
"2022","3","R","전통시장","2130181","아현가구거리상점가","59","30","29","0","8","11","13","10","17","0","0","7","9","4","10","0","8","4","4","6","7"
"2022","3","D","발달상권","2120093","연희동","661","351","310","2","60","125","170","195","109","0","27","62","91","103","68","2","33","63","79","92","41"
"2022","3","A","골목상권","2110511","연희초등학교","3766","3317","449","2","465","768","660","1520","351","1","363","658","539","1427","329","1","102","110","121","93","22"
"2022","3","A","골목상권","2110808","신길역 1번","67","48","19","0","3","22","21","13","8","0","3","15","14","9","7","0","0","7","7","4","1"
"2022","3","A","골목상권","2110554","망원역 1번","1499","727","772","2","210","352","484","333","118","2","105","174","225","147","74","0","105","178","259","186","44"
"2022","3","A","골목상권","2110559","성산중학교","757","474","283","4","102","187","203","167","94","3","54","102","127","118","70","1","48","85","76","49","24"
"2022","3","A","골목상권","2110573","신촌역 6번","33","14","19","0","7","4","6","8","8","0","2","0","3","3","6","0","5","4","3","5","2"
"2022","3","A","골목상권","2110540","망원나들목체육관","288","154","134","0","45","74","85","62","22","0","24","38","42","36","14","0","21","36","43","26","8"
"2022","3","A","골목상권","2110567","광흥창역 6번","91","61","30","0","16","26","27","12","10","0","8","20","13","11","9","0","8","6","14","1","1"
"2022","3","A","골목상권","2110885","영락고등학교","340","214","126","0","37","58","94","89","62","0","18","33","61","57","45","0","19","25","33","32","17"
"2022","3","A","골목상권","2110901","인헌고등학교(인헌중학교)","262","154","108","3","44","64","75","55","21","3","23","40","40","32","16","0","21","24","35","23","5"
"2022","3","A","골목상권","2110780","신길대성유니드아파트","223","171","52","0","22","42","71","56","32","0","18","34","51","41","27","0","4","8","20","15","5"
"2022","3","A","골목상권","2110761","문래동남성맨션","180","106","74","0","13","43","45","41","38","0","8","17","26","25","30","0","5","26","19","16","8"
"2022","3","A","골목상권","2110799","영등포본동주민센터","119","86","33","5","21","16","11","22","44","3","12","10","6","15","40","2","9","6","5","7","4"
"2022","3","R","전통시장","2130257","영등포시장기계공구상가","158","116","42","0","11","26","33","47","41","0","7","16","22","37","34","0","4","10","11","10","7"
"2022","3","A","골목상권","2110898","청림동주민센터(상도중학교)","66","27","39","0","16","14","14","16","6","0","5","3","8","7","4","0","11","11","6","9","2"
"2022","3","A","골목상권","2110896","관악우성아파트","202","49","153","0","41","37","44","47","33","0","5","7","11","13","13","0","36","30","33","34","20"
"2022","3","A","골목상권","2110891","구암초등학교","47","22","25","0","5","1","22","16","3","0","1","0","11","8","2","0","4","1","11","8","1"
"2022","3","R","전통시장","2130277","조원동 펭귄시장(신림중앙시장)","98","56","42","1","15","26","31","19","6","1","8","18","16","9","4","0","7","8","15","10","2"
"2022","3","R","전통시장","2130281","우림시장","1","0","1","0","0","0","1","0","0","0","0","0","0","0","0","0","0","0","1","0","0"
"2022","3","A","골목상권","2110023","서울대병원","186","55","131","0","18","37","42","47","42","0","5","12","14","10","14","0","13","25","28","37","28"
"2022","3","R","전통시장","2130095","청량리전통시장","95","38","57","0","6","16","18","33","22","0","4","6","9","10","9","0","2","10","9","23","13"
"2022","3","A","골목상권","2110956","언주역 8번","1199","758","441","4","361","471","199","87","77","2","158","307","163","70","58","2","203","164","36","17","19"
"2022","3","A","골목상권","2110967","역삼역 8번","377","228","149","0","63","92","89","92","41","0","31","51","60","56","30","0","32","41","29","36","11"
"2022","3","U","관광특구","1001496","강남 마이스 관광특구","15904","8904","7000","59","3513","6185","4248","1596","303","25","1160","3361","2887","1246","225","34","2353","2824","1361","350","78"
"2022","3","A","골목상권","2110440","상계3동4동주민센터","49","16","33","0","8","6","15","10","10","0","1","1","4","2","8","0","7","5","11","8","2"
"2022","3","R","전통시장","2130009","마전교지하쇼핑센터(구 한일상가)","24","16","8","0","0","2","3","7","12","0","0","2","2","4","8","0","0","0","1","3","4"
"2022","3","A","골목상권","2110030","동대문역 3번","10","5","5","0","2","2","2","3","1","0","0","2","1","1","1","0","2","0","1","2","0"
"2022","3","A","골목상권","2110419","수락산디자인거리","789","536","253","5","96","138","186","200","164","5","51","79","130","146","125","0","45","59","56","54","39"
"2022","3","A","골목상권","2110209","답십리 장령당공원","81","51","30","0","3","11","28","19","20","0","1","5","16","15","14","0","2","6","12","4","6"
"2022","3","R","전통시장","2130021","신설종합시장","50","37","13","1","1","10","12","13","13","0","0","9","10","10","8","1","1","1","2","3","5"
"2022","3","A","골목상권","2110213","청량초등학교","124","81","43","0","19","57","17","15","16","0","7","41","13","7","13","0","12","16","4","8","3"
"2022","3","A","골목상권","2110207","시립대앞사거리","50","26","24","0","4","12","12","10","12","0","2","8","6","3","7","0","2","4","6","7","5"
"2022","3","D","발달상권","2120080","마들역","180","46","134","0","30","45","46","36","23","0","2","7","9","13","15","0","28","38","37","23","8"
"2022","3","A","골목상권","2110492","하나고등학교","247","43","204","1","6","15","13","98","114","0","1","8","7","10","17","1","5","7","6","88","97"
"2022","3","A","골목상권","2110648","양천향교역 7번","13","5","8","0","1","7","1","3","1","0","0","3","1","1","0","0","1","4","0","2","1"
"2022","3","R","전통시장","2130226","고척프라자","2","2","0","0","1","1","0","0","0","0","1","1","0","0","0","0","0","0","0","0","0"
"2022","3","A","골목상권","2110751","난곡중학교","730","397","333","2","48","217","240","177","46","2","21","117","127","91","39","0","27","100","113","86","7"
"2022","3","A","골목상권","2110957","언북중학교","1251","831","420","1","262","379","317","147","145","1","146","241","215","109","119","0","116","138","102","38","26"
"2022","3","D","발달상권","2120148","국회의사당역(국회의사당)","31135","19451","11684","82","6815","10231","7641","4493","1873","27","3082","6187","5424","3397","1334","55","3733","4044","2217","1096","539"
"2022","3","A","골목상권","2110162","군자역 4번","613","365","248","0","127","162","131","110","83","0","98","118","75","42","32","0","29","44","56","68","51"
"2022","3","D","발달상권","2120193","도산공원교차로","6384","3798","2586","15","1278","1918","1493","983","697","6","466","1071","1021","696","538","9","812","847","472","287","159"
"2022","3","A","골목상권","2110620","목동보건지소","451","235","216","4","51","81","102","125","88","4","20","45","47","65","54","0","31","36","55","60","34"
"2022","3","A","골목상권","2111012","석촌역 6번","732","332","400","2","91","127","180","183","149","2","23","56","83","93","75","0","68","71","97","90","74"
"2022","3","A","골목상권","2110792","영등포역 2번","3400","1767","1633","28","563","880","843","862","224","11","229","398","466","530","133","17","334","482","377","332","91"
"2022","3","R","전통시장","2130031","청계천공구상가","921","698","223","2","101","281","234","159","144","1","64","230","181","104","118","1","37","51","53","55","26"
"2022","3","A","골목상권","2110449","증산역 3번","717","414","303","0","105","161","186","149","116","0","47","98","99","85","85","0","58","63","87","64","31"
"2022","3","A","골목상권","2110472","연신내역 4번","336","156","180","2","52","77","80","68","57","1","16","43","30","37","29","1","36","34","50","31","28"
"2022","3","A","골목상권","2110958","역삼역 4번","994","759","235","1","96","197","300","295","105","1","46","133","254","240","85","0","50","64","46","55","20"
"2022","3","A","골목상권","2110599","신월1파출소","378","268","110","3","50","89","94","93","49","2","34","68","63","65","36","1","16","21","31","28","13"
"2022","3","A","골목상권","2110460","구산역 4번","969","582","387","0","57","184","248","234","246","0","18","124","133","121","186","0","39","60","115","113","60"
"2022","3","A","골목상권","2110481","불광역 7번","193","86","107","0","13","43","41","57","39","0","2","22","11","24","27","0","11","21","30","33","12"
"2022","3","A","골목상권","2110488","우리은행응암동지점","171","103","68","1","14","24","41","36","55","0","8","16","19","15","45","1","6","8","22","21","10"
"2022","3","R","전통시장","2130165","대림골목시장(대림시장, 양지시장)","214","34","180","0","20","45","56","62","31","0","1","7","5","11","10","0","19","38","51","51","21"
"2022","3","D","발달상권","2120175","남부터미널역","8239","5313","2926","32","1702","2478","1995","1290","742","6","856","1691","1361","852","547","26","846","787","634","438","195"
"2022","3","R","전통시장","2130162","증산골목시장","7","3","4","0","0","2","2","1","2","0","0","0","0","1","2","0","0","2","2","0","0"
"2022","3","R","전통시장","2130104","전곡시장","93","54","39","0","8","17","28","26","14","0","5","8","16","13","12","0","3","9","12","13","2"
"2022","3","A","골목상권","2110485","연신내우체국","1259","678","581","0","7","24","35","160","1033","0","4","5","15","70","584","0","3","19","20","90","449"
"2022","3","A","골목상권","2110594","신월중학교","453","225","228","0","54","166","104","96","33","0","14","66","56","59","30","0","40","100","48","37","3"
"2022","3","A","골목상권","2110461","새절역 2번","39","21","18","0","2","8","11","10","8","0","2","2","6","6","5","0","0","6","5","4","3"
"2022","3","R","전통시장","2130163","응암오거리상점가","182","49","133","0","24","28","44","50","36","0","4","8","11","12","14","0","20","20","33","38","22"
"2022","3","A","골목상권","2110202","전농1동주민센터(전농시장)","111","68","43","0","14","35","31","20","11","0","9","19","21","14","5","0","5","16","10","6","6"
"2022","3","A","골목상권","2110597","신월1동주민센터","517","302","215","0","30","68","111","150","158","0","14","36","54","84","114","0","16","32","57","66","44"
"2022","3","A","골목상권","2110596","서서울호수공원","417","272","145","2","48","90","107","113","57","0","28","56","74","71","43","2","20","34","33","42","14"
"2022","3","A","골목상권","2110592","서울금융고등학교","449","344","105","0","19","35","74","156","165","0","9","13","45","128","149","0","10","22","29","28","16"
"2022","3","A","골목상권","2110647","화곡역 5번","890","459","431","2","116","227","219","230","96","1","44","137","110","116","51","1","72","90","109","114","45"
"2022","3","A","골목상권","2110670","신곡초등학교","527","322","205","6","79","119","122","101","100","3","45","78","71","59","66","3","34","41","51","42","34"
"2022","3","A","골목상권","2110649","우장산역 1번","366","197","169","0","41","92","83","98","52","0","12","49","39","63","34","0","29","43","44","35","18"
"2022","3","A","골목상권","2110689","오류동역 3번","259","188","71","3","41","45","52","66","52","3","25","32","40","48","40","0","16","13","12","18","12"
"2022","3","A","골목상권","2110837","숭실대입구역 1번","373","195","178","1","39","76","84","80","93","0","19","32","43","32","69","1","20","44","41","48","24"
"2022","3","R","전통시장","2130217","화곡본동시장","36","16","20","0","3","5","10","13","5","0","1","3","5","6","1","0","2","2","5","7","4"
"2022","3","R","전통시장","2130221","남부골목시장(남부화곡시장, 남부시장)","188","69","119","0","22","32","50","57","27","0","5","5","15","22","22","0","17","27","35","35","5"
"2022","3","A","골목상권","2110664","강서구청옆","111","48","63","0","14","10","31","43","13","0","11","7","10","9","11","0","3","3","21","34","2"
"2022","3","A","골목상권","2110661","강서새말어린이공원","126","48","78","0","3","13","30","38","42","0","2","8","10","9","19","0","1","5","20","29","23"
"2022","3","A","골목상권","2110669","화곡보람2차아파트","80","49","31","0","11","20","24","17","8","0","3","12","18","14","2","0","8","8","6","3","6"
"2022","3","A","골목상권","2110651","화원중학교","377","214","163","2","29","50","102","105","89","1","19","31","68","52","43","1","10","19","34","53","46"
"2022","3","R","전통시장","2130214","송화벽화시장(송화골목시장)","119","44","75","2","23","18","25","33","18","0","6","7","9","13","9","2","17","11","16","20","9"
"2022","3","A","골목상권","2110719","영서중학교","52","44","8","0","6","9","9","14","14","0","6","7","8","13","10","0","0","2","1","1","4"
"2022","3","A","골목상권","2110708","화원어린이공원","64","27","37","0","8","12","12","23","9","0","1","4","5","9","8","0","7","8","7","14","1"
"2022","3","A","골목상권","2110730","서울축산농협 독산역지점(독산파출소)","660","376","284","1","80","105","117","201","156","1","30","58","54","113","120","0","50","47","63","88","36"
"2022","3","A","골목상권","2110690","오류2동버들시장","625","318","307","1","105","200","143","105","71","0","42","115","72","46","43","1","63","85","71","59","28"
"2022","3","A","골목상권","2110680","온수역 5번(온수산업단지)","1184","1003","181","18","161","205","235","343","222","18","129","175","191","286","204","0","32","30","44","57","18"
"2022","3","R","전통시장","2130232","독산동 맛나는거리상점가(독산동 맛나는거리)","33","24","9","0","3","12","5","10","3","0","2","9","4","6","3","0","1","3","1","4","0"
"2022","3","A","골목상권","2110755","동일여자고등학교","199","53","146","0","10","24","47","74","44","0","4","9","16","12","12","0","6","15","31","62","32"
"2022","3","A","골목상권","2110825","신대방삼거리역 1번","316","205","111","0","33","63","94","71","55","0","23","41","57","46","38","0","10","22","37","25","17"
"2022","3","A","골목상권","2110743","시흥초등학교(시흥1동우체국)","191","130","61","0","18","31","48","50","44","0","10","20","32","37","31","0","8","11","16","13","13"
"2022","3","D","발달상권","2120177","신논현역 1번","694","436","258","1","84","187","202","143","77","0","34","111","130","106","55","1","50","76","72","37","22"
"2022","3","A","골목상권","2110830","상도초등학교","281","152","129","0","22","61","73","85","40","0","7","29","36","54","26","0","15","32","37","31","14"
"2022","3","A","골목상권","2110934","우면주공아파트","998","677","321","6","198","291","253","164","86","5","83","217","195","113","64","1","115","74","58","51","22"
"2022","3","A","골목상권","2110411","도봉역 3번","413","368","45","1","13","35","58","137","169","0","10","22","45","130","161","1","3","13","13","7","8"
"2022","3","A","골목상권","2110835","상도역 1번","285","161","124","0","81","92","57","35","20","0","32","59","36","16","18","0","49","33","21","19","2"
"2022","3","A","골목상권","2110846","남성역 1번","535","290","245","1","66","120","146","135","67","0","25","59","78","74","54","1","41","61","68","61","13"
"2022","3","A","골목상권","2110843","사당5동주민센터","181","135","46","1","22","25","55","52","26","0","16","17","34","44","24","1","6","8","21","8","2"
"2022","3","A","골목상권","2110822","신대방삼거리역 4번(대림초등학교)","311","130","181","0","57","71","68","74","41","0","13","28","34","34","21","0","44","43","34","40","20"
"2022","3","A","골목상권","2110930","서초동성당","2178","1774","404","8","284","588","694","433","171","2","190","448","591","393","150","6","94","140","103","40","21"
"2022","3","A","골목상권","2110933","한국상담대학원대학교","679","60","619","0","344","156","86","63","30","0","10","15","15","5","15","0","334","141","71","58","15"
"2022","3","A","골목상권","2110938","바우뫼공원","1784","1137","647","1","294","551","489","326","123","0","172","392","303","169","101","1","122","159","186","157","22"
"2022","3","A","골목상권","2110936","더케이호텔(양재리본타워2단지아파트)","832","552","280","3","109","260","215","175","70","0","53","154","159","131","55","3","56","106","56","44","15"
"2022","3","D","발달상권","2120209","강남구청(청담역_8번, 강남세무서)","8984","2608","6376","34","2050","2683","2467","1170","580","9","538","752","537","393","379","25","1512","1931","1930","777","201"
"2022","3","A","골목상권","2110973","강남구청역 4번","1451","786","665","4","275","333","289","271","279","1","146","203","162","130","144","3","129","130","127","141","135"
"2022","3","A","골목상권","2110904","이수역 5번","835","468","367","4","167","217","239","139","69","1","90","125","135","59","58","3","77","92","104","80","11"
"2022","3","A","골목상권","2110911","방배배수지체육공원","29","22","7","0","6","3","7","5","8","0","6","2","4","4","6","0","0","1","3","1","2"
"2022","3","A","골목상권","2110968","강남구청역 2번","1023","596","427","7","327","204","133","121","231","4","177","117","81","68","149","3","150","87","52","53","82"
"2022","3","A","골목상권","2111017","송파나루역 3번","688","480","208","5","317","167","84","70","45","4","217","116","53","50","40","1","100","51","31","20","5"
"2022","3","A","골목상권","2111014","송파나루역 2번","525","275","250","1","43","76","121","190","94","0","21","42","69","83","60","1","22","34","52","107","34"
"2022","3","A","골목상권","2110979","청담초등학교","2996","1912","1084","4","522","922","768","567","213","4","228","628","535","343","174","0","294","294","233","224","39"
"2022","3","U","관광특구","1001495","잠실 관광특구","24375","14199","10176","120","4722","6565","5617","4514","2837","51","2484","4186","3496","2297","1685","69","2238","2379","2121","2217","1152"
"2022","3","A","골목상권","2110021","성균관대학교","387","297","90","2","15","39","109","145","77","2","7","26","88","125","49","0","8","13","21","20","28"
"2022","3","A","골목상권","2110007","사직공원(한국사회과학도서관)","283","185","98","2","58","88","63","41","31","2","30","62","44","27","20","0","28","26","19","14","11"
"2022","3","D","발달상권","2120102","서교동(홍대)","7276","3402","3874","18","1521","2551","1814","899","473","11","496","1065","913","566","351","7","1025","1486","901","333","122"
"2022","3","A","골목상권","2110877","신림역 8번","319","154","165","2","23","63","86","80","65","0","10","30","36","39","39","2","13","33","50","41","26"
"2022","3","A","골목상권","2110416","노원초등학교","468","244","224","4","61","110","118","126","49","2","24","73","58","58","29","2","37","37","60","68","20"
"2022","3","A","골목상권","2110200","동대문경찰서","74","50","24","0","1","6","21","13","33","0","0","1","11","6","32","0","1","5","10","7","1"
"2022","3","U","관광특구","1001494","종로?청계 관광특구","32935","17150","15785","68","5357","9965","9483","6401","1661","15","2285","4911","4591","4158","1190","53","3072","5054","4892","2243","471"
"2022","3","A","골목상권","2111042","거여역 1번(거여공원)","867","597","270","3","147","186","247","200","84","3","121","134","159","130","50","0","26","52","88","70","34"
"2022","3","A","골목상권","2111028","문현중학교(장지역 1번)","424","194","230","0","54","66","132","116","56","0","29","36","49","50","30","0","25","30","83","66","26"
"2022","3","A","골목상권","2111080","굽은다리역 3번","434","235","199","0","44","77","100","110","103","0","12","52","63","58","50","0","32","25","37","52","53"
"2022","3","A","골목상권","2111072","굽은다리역 1번(십자성마을)","739","467","272","1","56","119","199","185","179","0","18","70","114","126","139","1","38","49","85","59","40"
"2022","3","R","전통시장","2130319","성내전통시장","34","21","13","0","3","5","9","10","7","0","3","2","5","7","4","0","0","3","4","3","3"
"2022","3","A","골목상권","2110089","서빙고동주민센터","752","503","249","1","94","230","220","107","100","0","33","136","159","88","87","1","61","94","61","19","13"
"2022","3","A","골목상권","2110016","평창동동측","7589","3104","4485","10","716","2233","2858","1504","268","4","279","1021","1416","284","100","6","437","1212","1442","1220","168"
"2022","3","A","골목상권","2110074","서울역 12번","8149","1751","6398","152","5985","1340","330","181","161","9","598","652","233","134","125","143","5387","688","97","47","36"
"2022","3","A","골목상권","2110096","한남힐사이드아파트","4186","2661","1525","5","1055","1176","900","902","148","3","457","705","613","757","126","2","598","471","287","145","22"
"2022","3","R","전통시장","2130096","동부시장","14","9","5","0","0","0","1","1","12","0","0","0","0","0","9","0","0","0","1","1","3"
"2022","3","R","전통시장","2130110","면목골목시장(면목시장)","103","59","44","0","1","8","32","38","24","0","1","5","19","18","16","0","0","3","13","20","8"
"2022","3","A","골목상권","2110293","삼선중학교","1730","860","870","4","248","467","527","319","165","3","116","277","268","111","85","1","132","190","259","208","80"
"2022","3","A","골목상권","2110370","도봉세무서","367","255","112","0","17","61","76","105","108","0","11","31","42","80","91","0","6","30","34","25","17"
"2022","3","A","골목상권","2110351","수유북부시장옆","214","93","121","0","27","45","51","59","32","0","9","17","20","25","22","0","18","28","31","34","10"
"2022","3","A","골목상권","2110062","한강로동땡땡거리(은행나무길)","5667","3458","2209","9","735","1660","1587","1162","514","6","299","844","1074","890","345","3","436","816","513","272","169"
"2022","3","A","골목상권","2110557","홍대부속여중고앞","760","465","295","1","100","188","196","149","126","1","37","110","137","95","85","0","63","78","59","54","41"
"2022","3","A","골목상권","2110774","당산반도유보라팰리스아파트","472","355","117","0","59","119","131","96","67","0","34","81","109","80","51","0","25","38","22","16","16"
"2022","3","A","골목상권","2110810","영신초등학교","395","178","217","0","53","143","63","80","56","0","20","65","31","44","18","0","33","78","32","36","38"
"2022","3","A","골목상권","2110892","관악구 중앙길","709","341","368","0","69","110","159","221","150","0","25","55","76","105","80","0","44","55","83","116","70"
"2022","3","D","발달상권","2120050","서울숲역","212","159","53","0","33","40","60","52","27","0","19","30","47","41","22","0","14","10","13","11","5"
"2022","3","R","전통시장","2130283","신원시장","25","11","14","0","3","3","10","5","4","0","1","1","3","3","3","0","2","2","7","2","1"
"2022","3","A","골목상권","2110868","남부초등학교","232","126","106","0","20","29","45","49","89","0","11","23","22","28","42","0","9","6","23","21","47"
"2022","3","A","골목상권","2110765","문래동사거리","889","619","270","2","80","133","209","175","290","1","38","78","140","126","236","1","42","55","69","49","54"
"2022","3","R","전통시장","2130069","한양대앞상점가(한양시장, 왕십리맛골목)","32","19","13","0","6","6","4","8","8","0","4","4","0","5","6","0","2","2","4","3","2"
"2022","3","A","골목상권","2110107","금호사거리","37","30","7","0","4","8","4","11","10","0","3","5","4","9","9","0","1","3","0","2","1"
"2022","3","A","골목상권","2110018","중앙고등학교","888","439","449","1","97","177","220","178","215","0","30","60","106","90","153","1","67","117","114","88","62"
"2022","3","A","골목상권","2110017","정독도서관","650","322","328","0","133","273","152","58","34","0","26","130","93","43","30","0","107","143","59","15","4"
"2022","3","A","골목상권","2110080","해방촌예술마을","277","160","117","0","44","58","84","54","37","0","16","38","52","30","24","0","28","20","32","24","13"
"2022","3","D","발달상권","2120031","을지로3가역","6147","3450","2697","9","699","1541","1643","1286","969","0","223","730","924","892","681","9","476","811","719","394","288"
"2022","3","R","전통시장","2130024","남대문시장(자유상가)","732","426","306","2","54","129","172","177","198","1","15","75","95","108","132","1","39","54","77","69","66"
"2022","3","A","골목상권","2110040","중구회현체육센터(정화예술대남산캠퍼스)","165","78","87","0","33","30","40","37","25","0","14","15","17","13","19","0","19","15","23","24","6"
"2022","3","R","전통시장","2130028","을지입구지하상가(을지로지하보도쇼핑센터)","2","2","0","0","0","0","1","1","0","0","0","0","1","1","0","0","0","0","0","0","0"
"2022","3","D","발달상권","2120029","을지로2가","7461","4461","3000","27","1938","2808","1698","798","192","7","787","1650","1165","693","159","20","1151","1158","533","105","33"
"2022","3","A","골목상권","2110041","남산케이블카","967","435","532","2","118","152","175","254","266","2","51","69","83","87","143","0","67","83","92","167","123"
"2022","3","A","골목상권","2110160","광진경찰서","832","690","142","0","149","323","182","167","11","0","110","261","152","157","10","0","39","62","30","10","1"
"2022","3","R","전통시장","2130039","청계6가 지하도상가","36","26","10","0","1","1","7","6","21","0","1","1","5","5","14","0","0","0","2","1","7"
"2022","3","A","골목상권","2110047","다산성곽길","160","89","71","0","36","43","36","27","18","0","23","29","21","7","9","0","13","14","15","20","9"
"2022","3","D","발달상권","2120035","퇴계로5가","2257","1368","889","7","650","570","525","321","184","3","282","379","388","200","116","4","368","191","137","121","68"
"2022","3","D","발달상권","2120036","장충동족발거리(남소영길)","2289","1090","1199","14","616","783","556","223","97","0","122","393","365","155","55","14","494","390","191","68","42"
"2022","3","D","발달상권","2120038","약수역","2289","1360","929","7","436","739","579","320","208","1","189","451","383","195","141","6","247","288","196","125","67"
"2022","3","A","골목상권","2110050","약수역 7번","309","230","79","0","34","81","76","76","42","0","21","59","60","57","33","0","13","22","16","19","9"
"2022","3","A","골목상권","2110075","숙대입구역 1번","1630","736","894","9","270","506","417","289","139","5","69","188","182","181","111","4","201","318","235","108","28"
"2022","3","A","골목상권","2110260","면목역 3번","126","74","52","0","24","21","24","29","28","0","14","8","12","20","20","0","10","13","12","9","8"
"2022","3","A","골목상권","2110059","새남터성지","385","307","78","0","38","71","113","138","25","0","21","48","99","124","15","0","17","23","14","14","10"
"2022","3","R","전통시장","2130061","이태원시장","32","20","12","0","18","3","4","6","1","0","12","1","3","3","1","0","6","2","1","3","0"
"2022","3","A","골목상권","2110127","성수1가1동주민센터","290","157","133","0","31","55","56","100","48","0","11","40","31","47","28","0","20","15","25","53","20"
"2022","3","A","골목상권","2110180","광진정보도서관","5946","4025","1921","18","1620","2093","1180","672","363","5","885","1485","859","489","302","13","735","608","321","183","61"
"2022","3","A","골목상권","2110141","건대입구역 1번","213","138","75","1","23","49","67","48","25","1","11","27","51","32","16","0","12","22","16","16","9"
"2022","3","D","발달상권","2120059","구삼강변맛길","3279","1781","1498","6","431","676","555","747","864","4","244","472","367","322","372","2","187","204","188","425","492"
"2022","3","A","골목상권","2110328","상월곡역 3번","250","157","93","1","41","81","66","39","22","1","26","58","33","24","15","0","15","23","33","15","7"
"2022","3","A","골목상권","2110316","숭곡초등학교","439","217","222","2","68","114","129","88","38","2","19","58","73","42","23","0","49","56","56","46","15"
"2022","3","A","골목상권","2110315","종암아이파크2차","124","78","46","0","11","17","41","38","17","0","4","9","27","25","13","0","7","8","14","13","4"
"2022","3","A","골목상권","2110275","하나은행 망우동지점","63","33","30","0","4","9","19","16","15","0","3","6","9","5","10","0","1","3","10","11","5"
"2022","3","R","전통시장","2130115","우림골목시장","307","106","201","2","80","61","68","64","32","0","29","11","30","20","16","2","51","50","38","44","16"
"2022","3","R","전통시장","2130114","유영시장","31","20","11","0","9","5","3","8","6","0","7","2","2","5","4","0","2","3","1","3","2"
"2022","3","A","골목상권","2110268","망우3동주민센터","60","30","30","0","10","13","10","18","9","0","1","5","7","10","7","0","9","8","3","8","2"
"2022","3","A","골목상권","2110279","신내역 2번","9","8","1","0","0","1","4","4","0","0","0","1","3","4","0","0","0","0","1","0","0"
"2022","3","A","골목상권","2110304","보문역 4번","248","146","102","0","40","77","61","48","22","0","10","46","35","37","18","0","30","31","26","11","4"
"2022","3","A","골목상권","2110497","가좌역 3번","299","247","52","0","13","33","86","117","50","0","3","16","74","113","41","0","10","17","12","4","9"
"2022","3","A","골목상권","2110352","수유1동주민센터","305","121","184","0","28","55","103","86","33","0","11","24","37","32","17","0","17","31","66","54","16"
"2022","3","A","골목상권","2110302","보문역 8번","3818","3195","623","1","369","1436","715","829","468","1","257","1276","659","708","294","0","112","160","56","121","174"
"2022","3","A","골목상권","2110346","4.19민주묘지역 2번","96","48","48","0","12","13","19","19","33","0","3","7","8","7","23","0","9","6","11","12","10"
"2022","3","A","골목상권","2110298","솔숲어린이공원","77","28","49","0","18","11","24","12","12","0","3","5","7","5","8","0","15","6","17","7","4"
"2022","3","A","골목상권","2110348","강북문화예술회관","343","174","169","0","27","59","108","96","53","0","4","31","63","43","33","0","23","28","45","53","20"
"2022","3","A","골목상권","2110295","정릉우체국","679","248","431","0","166","178","163","119","53","0","36","67","49","52","44","0","130","111","114","67","9"
"2022","3","R","전통시장","2130241","선유도역 골목형상점가","500","253","247","0","95","93","123","136","53","0","39","49","66","67","32","0","56","44","57","69","21"
"2022","3","D","발달상권","2120073","미아사거리","353","135","218","3","40","67","95","95","53","2","16","29","45","23","20","1","24","38","50","72","33"
"2022","3","R","전통시장","2130123","꿈의숲 장곡 골목형상점가","6","5","1","0","1","0","1","4","0","0","1","0","1","3","0","0","0","0","0","1","0"
"2022","3","A","골목상권","2110529","홍제3동주민센터","136","67","69","0","14","22","30","27","43","0","2","6","11","16","32","0","12","16","19","11","11"
"2022","3","A","골목상권","2110288","동구여중","216","139","77","1","19","49","52","55","40","0","9","22","35","40","33","1","10","27","17","15","7"
"2022","3","A","골목상권","2110301","성신여대입구역 7번","484","209","275","1","73","84","96","134","96","0","31","37","39","62","40","1","42","47","57","72","56"
"2022","3","A","골목상권","2110404","신창초등학교","520","300","220","1","42","96","163","136","82","0","11","57","109","76","47","1","31","39","54","60","35"
"2022","3","A","골목상권","2110336","석관고등학교","94","84","10","0","3","17","16","37","21","0","3","15","13","34","19","0","0","2","3","3","2"
"2022","3","D","발달상권","2120078","미아사거리역","145","90","55","0","27","29","29","31","29","0","12","17","21","18","22","0","15","12","8","13","7"
"2022","3","R","전통시장","2130142","강북북부시장","7","5","2","0","1","1","0","2","3","0","0","1","0","2","2","0","1","0","0","0","1"
"2022","3","A","골목상권","2110339","국립4.19민주묘지","26","10","16","0","2","4","8","7","5","0","0","3","5","0","2","0","2","1","3","7","3"
"2022","3","R","전통시장","2130132","삼양골목시장(삼양시장)","57","19","38","0","10","13","12","14","8","0","0","4","5","5","5","0","10","9","7","9","3"
"2022","3","A","골목상권","2110534","경기대학교","134","67","67","0","9","25","23","33","44","0","6","16","10","11","24","0","3","9","13","22","20"
"2022","3","A","골목상권","2110219","삼육보건대학교","249","145","104","0","18","42","68","82","39","0","11","20","31","53","30","0","7","22","37","29","9"
"2022","3","A","골목상권","2110512","연희지하차도","357","183","174","0","44","70","106","104","33","0","17","46","47","52","21","0","27","24","59","52","12"
"2022","3","A","골목상권","2110510","홍연시장","99","59","40","0","8","14","35","26","16","0","4","6","23","14","12","0","4","8","12","12","4"
"2022","3","D","발달상권","2120101","합정역","1932","1048","884","2","302","520","515","399","194","2","89","236","312","266","143","0","213","284","203","133","51"
"2022","3","D","발달상권","2120105","상수역(홍대)","524","273","251","4","126","153","122","71","48","2","51","74","70","42","34","2","75","79","52","29","14"
"2022","3","A","골목상권","2110523","홍제성원아파트","25","11","14","0","0","6","7","7","5","0","0","1","3","5","2","0","0","5","4","2","3"
"2022","3","A","골목상권","2110527","홍제역 2번","177","83","94","1","35","39","35","38","29","1","11","26","14","19","12","0","24","13","21","19","17"
"2022","3","R","전통시장","2130173","백련시장","5","3","2","0","0","1","0","2","2","0","0","1","0","0","2","0","0","0","0","2","0"
"2022","3","A","골목상권","2110582","이대역 5번","59","19","40","0","6","11","16","16","10","0","0","4","4","6","5","0","6","7","12","10","5"
"2022","3","A","골목상권","2110524","연희세브란스병원","55","23","32","0","10","13","15","10","7","0","5","6","6","3","3","0","5","7","9","7","4"
"2022","3","A","골목상권","2110571","신수동주민센터","635","358","277","5","109","159","187","126","49","5","57","88","98","74","36","0","52","71","89","52","13"
"2022","3","R","전통시장","2130193","신수시장","34","19","15","0","4","7","12","5","6","0","1","5","5","4","4","0","3","2","7","1","2"
"2022","3","A","골목상권","2110581","염리초등학교","16","11","5","0","0","0","2","6","8","0","0","0","2","3","6","0","0","0","0","3","2"
"2022","3","D","발달상권","2120100","망원역","900","436","464","3","192","236","215","153","101","1","49","107","117","103","59","2","143","129","98","50","42"
"2022","3","R","전통시장","2130191","홍대 걷고싶은 거리","367","225","142","6","65","65","81","82","68","4","40","41","54","47","39","2","25","24","27","35","29"
"2022","3","A","골목상권","2110545","마포구청역 1번","880","496","384","1","74","169","241","262","133","1","30","100","116","154","95","0","44","69","125","108","38"
"2022","3","A","골목상권","2110585","마포경찰서","918","790","128","0","192","360","176","181","9","0","150","313","153","166","8","0","42","47","23","15","1"
"2022","3","A","골목상권","2110879","신림현대아파트","17","7","10","0","2","3","5","5","2","0","1","2","2","2","0","0","1","1","3","3","2"
"2022","3","A","골목상권","2110817","대방역 4번","286","227","59","1","38","51","90","59","47","0","19","35","79","53","41","1","19","16","11","6","6"
"2022","3","A","골목상권","2110767","도림동주민센터","34","3","31","0","9","5","12","6","2","0","0","0","2","1","0","0","9","5","10","5","2"
"2022","3","A","골목상권","2110889","봉천역 6번","376","317","59","0","29","36","69","136","106","0","18","20","47","130","102","0","11","16","22","6","4"
"2022","3","A","골목상권","2110807","신길역 3번","102","70","32","0","6","16","23","27","30","0","4","8","18","19","21","0","2","8","5","8","9"
"2022","3","A","골목상권","2110805","신길새마을금고신길4동지점","45","27","18","0","6","12","12","8","7","0","2","7","6","5","7","0","4","5","6","3","0"
"2022","3","A","골목상권","2110791","신풍역 3번","25","17","8","0","1","5","9","9","1","0","0","2","6","8","1","0","1","3","3","1","0"
"2022","3","A","골목상권","2110797","KT대방빌딩","52","10","42","1","7","10","12","11","11","0","0","0","1","3","6","1","7","10","11","8","5"
"2022","3","A","골목상권","2110798","신풍역 2번","53","20","33","0","2","13","14","13","11","0","0","3","3","6","8","0","2","10","11","7","3"
"2022","3","A","골목상권","2110777","구로세무서","282","210","72","0","36","41","47","83","75","0","13","30","32","66","69","0","23","11","15","17","6"
"2022","3","A","골목상권","2110779","대림갑을명가아파트","33","24","9","0","2","5","13","7","6","0","1","4","10","4","5","0","1","1","3","3","1"
"2022","3","A","골목상권","2110769","대림차이나타운(대림역 12번)","18","8","10","0","3","4","6","4","1","0","0","1","4","2","1","0","3","3","2","2","0"
"2022","3","D","발달상권","2120144","영중로","2015","1072","943","1","254","394","507","598","261","1","142","276","288","230","135","0","112","118","219","368","126"
"2022","3","R","전통시장","2130280","신림종합시장","8","7","1","0","0","0","0","2","6","0","0","0","0","1","6","0","0","0","0","1","0"
"2022","3","A","골목상권","2110003","세검정초등학교","485","315","170","6","53","84","150","126","66","6","32","38","100","89","50","0","21","46","50","37","16"
"2022","3","D","발달상권","2120206","개나리아파트","5280","3376","1904","87","1661","1418","1095","666","353","27","868","957","784","463","277","60","793","461","311","203","76"
"2022","3","A","골목상권","2110012","성곡미술관","1061","503","558","0","262","337","262","118","82","0","72","159","150","73","49","0","190","178","112","45","33"
"2022","3","A","골목상권","2110204","간데메공원","411","268","143","3","83","97","82","89","57","3","57","64","46","58","40","0","26","33","36","31","17"
"2022","3","A","골목상권","2110990","청담역 12번","262","109","153","2","61","92","56","36","15","0","12","32","29","23","13","2","49","60","27","13","2"
"2022","3","D","발달상권","2120218","코엑스","290","54","236","0","116","103","58","13","0","0","13","16","16","9","0","0","103","87","42","4","0"
"2022","3","D","발달상권","2120212","한티역","713","378","335","1","115","178","190","137","92","1","36","85","116","78","62","0","79","93","74","59","30"
"2022","3","A","골목상권","2110997","대청초등학교","1724","959","765","4","230","291","391","383","425","2","111","162","200","210","274","2","119","129","191","173","151"
"2022","3","A","골목상권","2110189","제기동역 1번","1545","1089","456","1","233","490","343","170","308","0","98","349","286","137","219","1","135","141","57","33","89"
"2022","3","D","발달상권","2120079","창동역","1326","796","530","0","151","232","320","304","319","0","54","108","172","195","267","0","97","124","148","109","52"
"2022","3","A","골목상권","2110215","회기역 1번","28","18","10","0","3","4","9","7","5","0","3","2","6","3","4","0","0","2","3","4","1"
"2022","3","A","골목상권","2110923","방배역 1번","210","153","57","0","34","56","55","41","24","0","21","38","42","34","18","0","13","18","13","7","6"
"2022","3","A","골목상권","2110217","자동차부품상가","503","388","115","1","33","105","143","123","98","1","24","88","115","83","77","0","9","17","28","40","21"
"2022","3","R","전통시장","2130151","신도봉시장","5","5","0","0","1","0","2","2","0","0","1","0","2","2","0","0","0","0","0","0","0"
"2022","3","R","전통시장","2130147","쌍문역동측상점가","69","32","37","0","7","17","18","9","18","0","2","6","10","5","9","0","5","11","8","4","9"
"2022","3","A","골목상권","2110393","국민은행방학지점","49","13","36","0","2","10","17","15","5","0","0","0","4","6","3","0","2","10","13","9","2"
"2022","3","A","골목상권","2110386","연산군묘","124","114","10","0","4","3","10","44","63","0","1","3","7","40","63","0","3","0","3","4","0"
"2022","3","R","전통시장","2130218","신월중앙시장","118","53","65","0","28","34","26","13","17","0","8","12","11","9","13","0","20","22","15","4","4"
"2022","3","A","골목상권","2110206","텃골근린공원","81","29","52","0","5","14","23","23","16","0","2","7","7","7","6","0","3","7","16","16","10"
"2022","3","R","전통시장","2130150","창동골목시장","84","47","37","0","19","30","14","8","13","0","7","20","9","5","6","0","12","10","5","3","7"
"2022","3","A","골목상권","2110005","세검정","1006","510","496","3","125","296","290","195","97","0","36","137","157","121","59","3","89","159","133","74","38"
"2022","3","R","전통시장","2130098","회기시장","55","17","38","0","9","14","15","12","5","0","2","3","4","6","2","0","7","11","11","6","3"
"2022","3","A","골목상권","2110384","문이교","248","138","110","0","37","20","50","81","60","0","12","8","21","51","46","0","25","12","29","30","14"
"2022","3","A","골목상권","2110442","화랑대철도공원","76","20","56","0","1","4","14","49","8","0","0","2","4","10","4","0","1","2","10","39","4"
"2022","3","R","전통시장","2130157","상계중앙시장","74","40","34","0","14","19","14","17","10","0","8","15","7","7","3","0","6","4","7","10","7"
"2022","3","A","골목상권","2110248","먹골파출소","85","47","38","1","19","23","20","12","10","0","7","14","12","4","10","1","12","9","8","8","0"
"2022","3","D","발달상권","2120117","강서농산물도매시장","430","263","167","0","12","60","121","145","92","0","9","46","75","82","51","0","3","14","46","63","41"
"2022","3","A","골목상권","2110098","서울독일학교","242","91","151","0","57","85","68","23","9","0","15","22","34","15","5","0","42","63","34","8","4"
"2022","3","R","전통시장","2130248","영등포역지하도상점가","12","5","7","0","0","2","4","3","3","0","0","0","2","0","3","0","0","2","2","3","0"
"2022","3","A","골목상권","2110705","고산초등학교","33","19","14","0","3","2","8","7","13","0","3","1","8","2","5","0","0","1","0","5","8"
"2022","3","R","전통시장","2130196","공덕시장","3948","2001","1947","52","1323","1296","891","287","99","28","467","646","599","181","80","24","856","650","292","106","19"
"2022","3","A","골목상권","2111089","상일여고(상일초등학교)","758","508","250","0","51","131","184","236","156","0","32","81","128","155","112","0","19","50","56","81","44"
"2022","3","A","골목상권","2111078","굽은다리역 4번","1728","1017","711","1","135","299","374","480","439","1","75","185","212","270","274","0","60","114","162","210","165"
"2022","3","A","골목상권","2110060","효창공원앞역 6번","291","174","117","0","28","62","84","73","44","0","10","34","52","47","31","0","18","28","32","26","13"
"2022","3","A","골목상권","2110544","망리단길","1203","718","485","1","179","248","331","253","191","1","107","153","171","147","139","0","72","95","160","106","52"
"2022","3","A","골목상권","2110999","윗방죽마을공원","268","130","138","2","19","43","44","83","77","1","12","27","27","39","24","1","7","16","17","44","53"
"2022","3","A","골목상권","2110598","신월문화체육센터","428","195","233","0","21","58","112","150","87","0","5","28","45","66","51","0","16","30","67","84","36"
"2022","3","A","골목상권","2110695","개봉1동주민센터","546","314","232","1","57","150","143","123","72","1","31","97","72","64","49","0","26","53","71","59","23"
"2022","3","D","발달상권","2120146","한강성심병원","5045","2866","2179","18","1237","1249","1097","821","623","8","395","663","729","584","487","10","842","586","368","237","136"
"2022","3","A","골목상권","2110457","예일여고","484","284","200","1","60","89","88","132","114","0","27","47","47","71","92","1","33","42","41","61","22"
"2022","3","A","골목상권","2110443","수색역 1번","14","7","7","0","1","1","7","4","1","0","0","1","2","3","1","0","1","0","5","1","0"
"2022","3","A","골목상권","2110466","구산역 2번","87","46","41","0","12","17","26","24","8","0","4","5","16","15","6","0","8","12","10","9","2"
"2022","3","R","전통시장","2130223","고척근린시장","42","12","30","0","2","10","12","14","4","0","0","1","1","7","3","0","2","9","11","7","1"
"2022","3","A","골목상권","2110480","연신내역 3번","117","34","83","0","7","27","37","29","17","0","0","7","12","9","6","0","7","20","25","20","11"
"2022","3","D","발달상권","2120130","구로디지털단지역","1136","620","516","1","169","376","236","212","142","0","59","208","125","125","103","1","110","168","111","87","39"
"2022","3","A","골목상권","2110603","지향초등학교","205","119","86","0","13","56","60","44","32","0","5","30","37","25","22","0","8","26","23","19","10"
"2022","3","D","발달상권","2120108","신정네거리역","992","580","412","2","93","215","220","242","220","1","28","110","112","160","169","1","65","105","108","82","51"
"2022","3","D","발달상권","2120110","목동역 8번출구","1858","1400","458","2","142","216","286","247","965","1","42","102","166","181","908","1","100","114","120","66","57"
"2022","3","A","골목상권","2110446","내를건너서숲으로도서관","375","294","81","0","65","88","84","69","69","0","61","77","55","44","57","0","4","11","29","25","12"
"2022","3","A","골목상권","2110228","장안근린공원","1992","1184","808","40","1381","313","92","101","65","24","788","223","60","54","35","16","593","90","32","47","30"
"2022","3","R","전통시장","2130161","증산종합시장","8","5","3","0","0","1","2","2","3","0","0","0","1","2","2","0","0","1","1","0","1"
"2022","3","A","골목상권","2110618","강서고등학교","193","135","58","0","19","38","52","52","32","0","10","29","36","34","26","0","9","9","16","18","6"
"2022","3","A","골목상권","2110696","오류동역 1번","2453","1671","782","32","831","951","335","223","81","16","483","739","238","133","62","16","348","212","97","90","19"
"2022","3","A","골목상권","2110616","양목초등학교","161","103","58","0","3","23","19","40","76","0","2","18","14","32","37","0","1","5","5","8","39"
"2022","3","A","골목상권","2110643","강서구다솔마을","653","413","240","1","97","165","199","139","52","0","47","101","136","93","36","1","50","64","63","46","16"
"2022","3","A","골목상권","2110621","목동역 5번","111","57","54","0","9","22","22","38","20","0","0","12","13","19","13","0","9","10","9","19","7"
"2022","3","A","골목상권","2110675","화곡4동주민센터","289","186","103","0","28","62","73","65","61","0","11","36","40","50","49","0","17","26","33","15","12"
"2022","3","A","골목상권","2110632","방화역 3번","1075","887","188","2","42","127","400","334","170","1","21","90","353","281","141","1","21","37","47","53","29"
"2022","3","D","발달상권","2120030","중부경찰서(영화인의거리)","11889","6798","5091","53","2154","3638","3423","1960","661","16","721","2139","2092","1366","464","37","1433","1499","1331","594","197"
"2022","3","A","골목상권","2110676","등촌역 7번","237","141","96","0","31","35","66","57","48","0","13","21","37","37","33","0","18","14","29","20","15"
"2022","3","D","발달상권","2120119","발산역(마곡)","1427","686","741","2","184","339","416","350","136","1","54","148","211","174","98","1","130","191","205","176","38"
"2022","3","A","골목상권","2110706","그라운드 고척","410","100","310","0","122","101","101","68","18","0","22","20","28","20","10","0","100","81","73","48","8"
"2022","3","D","발달상권","2120128","신도림역","1253","656","597","7","191","318","382","243","112","1","75","153","191","149","87","6","116","165","191","94","25"
"2022","3","R","전통시장","2130216","화곡중앙시장","75","32","43","0","4","11","21","22","17","0","2","2","9","8","11","0","2","9","12","14","6"
"2022","3","D","발달상권","2120132","독산동","4203","2884","1319","13","512","908","1016","1074","680","12","350","650","695","701","476","1","162","258","321","373","204"
"2022","3","A","골목상권","2110709","구로119안전센터","162","94","68","0","16","19","44","46","37","0","13","12","28","25","16","0","3","7","16","21","21"
"2022","3","A","골목상권","2110683","오류고등학교","185","125","60","0","24","46","55","41","19","0","18","33","33","23","18","0","6","13","22","18","1"
"2022","3","D","발달상권","2120194","언주역(차병원)","12628","8724","3904","37","2790","4202","2802","1923","874","14","1366","2863","2239","1588","654","23","1424","1339","563","335","220"
"2022","3","D","발달상권","2120185","논현역","12764","7403","5361","29","2731","4125","3228","1879","772","10","1040","2435","2232","1195","491","19","1691","1690","996","684","281"
"2022","3","A","골목상권","2110932","서울시인재개발원","532","384","148","2","128","170","127","64","41","2","76","116","100","54","36","0","52","54","27","10","5"
"2022","3","R","전통시장","2130228","구로시장","10","5","5","0","0","4","6","0","0","0","0","1","4","0","0","0","0","3","2","0","0"
"2022","3","A","골목상권","2110682","온수역 8번","137","128","9","0","3","5","14","43","72","0","2","3","11","42","70","0","1","2","3","1","2"
"2022","3","A","골목상권","2110692","큰굴다리","233","148","85","0","12","52","54","66","49","0","7","19","35","49","38","0","5","33","19","17","11"
"2022","3","A","골목상권","2110006","부암동주민센터","27","16","11","0","2","7","7","5","6","0","2","5","2","3","4","0","0","2","5","2","2"
"2022","3","A","골목상권","2110752","한울중학교","269","117","152","2","25","46","81","79","36","2","13","16","34","33","19","0","12","30","47","46","17"
"2022","3","A","골목상권","2110738","문성초등학교","249","125","124","0","17","27","65","90","50","0","12","14","34","40","25","0","5","13","31","50","25"
"2022","3","R","전통시장","2130233","남문시장","76","47","29","0","5","8","18","22","23","0","2","3","9","12","21","0","3","5","9","10","2"
"2022","3","R","전통시장","2130235","대명여울빛거리시장(대명시장)","298","80","218","0","39","52","77","82","48","0","11","14","25","19","11","0","28","38","52","63","37"
"2022","3","D","발달상권","2120152","신대방삼거리역","594","291","303","1","66","127","155","154","91","1","22","63","84","74","47","0","44","64","71","80","44"
"2022","3","A","골목상권","2110943","법제교육센터(버들어린이공원)","1122","578","544","1","67","165","357","323","209","1","36","99","151","140","151","0","31","66","206","183","58"
"2022","3","A","골목상권","2110201","전농119안전센터","27","11","16","0","2","1","9","10","5","0","1","0","3","4","3","0","1","1","6","6","2"
"2022","3","R","전통시장","2130298","강남터미널지하도상점가2구역","2","1","1","0","1","0","0","0","1","0","1","0","0","0","0","0","0","0","0","0","1"
"2022","3","R","전통시장","2130273","남성사계시장(남성시장)","141","63","78","0","21","36","45","22","17","0","3","19","20","8","13","0","18","17","25","14","4"
"2022","3","A","골목상권","2110925","서초중학교","873","496","377","0","104","137","244","222","166","0","38","65","146","132","115","0","66","72","98","90","51"
"2022","3","A","골목상권","2110924","반포4동주민센터(몽마르뜨공원)","1330","886","444","5","203","305","407","298","112","1","85","181","300","236","83","4","118","124","107","62","29"
"2022","3","A","골목상권","2110915","서래초등학교","2807","2202","605","14","421","877","1027","379","89","11","280","648","849","336","78","3","141","229","178","43","11"
"2022","3","D","발달상권","2120202","압구정로데오역(압구정로데오)","11735","6075","5660","41","2963","4419","2469","1425","418","11","793","2184","1593","1195","299","30","2170","2235","876","230","119"
"2022","3","A","골목상권","2110986","삼성중앙역 7번","90","59","31","0","9","18","36","19","8","0","3","6","29","15","6","0","6","12","7","4","2"
"2022","3","D","발달상권","2120203","강남구청역","7726","4602","3124","27","1589","2070","1890","1381","769","8","650","1218","1293","882","551","19","939","852","597","499","218"
"2022","3","A","골목상권","2110954","국기원","636","445","191","0","89","142","187","94","124","0","35","97","161","74","78","0","54","45","26","20","46"
"2022","3","A","골목상권","2110918","방배역 3번","682","438","244","3","98","127","164","142","148","2","59","85","108","86","98","1","39","42","56","56","50"
"2022","3","D","발달상권","2120191","학동역","13862","8102","5760","40","2889","3759","2967","1864","2343","17","1120","2144","2011","1130","1680","23","1769","1615","956","734","663"
"2022","3","A","골목상권","2110950","논현역 7번","2981","1929","1052","1","829","1305","518","230","98","0","418","886","383","173","69","1","411","419","135","57","29"
"2022","3","D","발달상권","2120200","학동사거리","9363","3808","5555","26","2868","3075","1848","1005","541","9","654","1122","937","687","399","17","2214","1953","911","318","142"
"2022","3","A","골목상권","2110966","논현2동주민센터","1637","1017","620","18","470","498","300","218","133","7","256","298","200","147","109","11","214","200","100","71","24"
"2022","3","D","발달상권","2120237","경찰병원역","8608","5226","3382","58","1222","1655","1718","1449","2506","24","537","1057","1126","725","1757","34","685","598","592","724","749"
"2022","3","A","골목상권","2110962","도산공원북측","557","487","70","1","66","80","242","144","24","0","45","70","226","130","16","1","21","10","16","14","8"
"2022","3","A","골목상권","2110033","창신역 4번","166","89","77","0","26","42","35","40","23","0","6","22","17","25","19","0","20","20","18","15","4"
"2022","3","A","골목상권","2110433","공릉역 2번","401","137","264","1","30","41","46","46","237","1","17","30","25","18","46","0","13","11","21","28","191"
"2022","3","R","전통시장","2130097","답십리 건축자재시장","315","202","113","1","17","46","46","44","161","0","8","37","25","23","109","1","9","9","21","21","52"
"2022","3","A","골목상권","2110895","샤로수길","1796","1222","574","3","307","721","360","233","172","2","170","534","234","152","130","1","137","187","126","81","42"
"2022","3","A","골목상권","2110856","미성초등학교","538","295","243","3","58","85","170","150","72","1","28","44","99","71","52","2","30","41","71","79","20"
"2022","3","A","골목상권","2111041","거여역 8번","428","350","78","1","102","124","87","64","50","1","84","98","72","51","44","0","18","26","15","13","6"
"2022","3","A","골목상권","2110389","한일병원","209","120","89","0","23","37","57","53","39","0","10","19","35","30","26","0","13","18","22","23","13"
"2022","3","A","골목상권","2110229","장평중학교","1339","865","474","0","145","164","192","320","518","0","81","103","125","212","344","0","64","61","67","108","174"
"2022","3","A","골목상권","2110203","떡전교사거리","99","63","36","1","9","15","32","29","13","1","0","7","26","20","9","0","9","8","6","9","4"
"2022","3","A","골목상권","2110402","도봉구 정병원","471","221","250","1","85","98","98","106","83","0","24","38","54","59","46","1","61","60","44","47","37"
"2022","3","A","골목상권","2110214","경희대후문","86","42","44","0","18","17","24","17","10","0","6","6","13","10","7","0","12","11","11","7","3"
"2022","3","A","골목상권","2111000","대왕초등학교(세곡동사거리서남측)","39","20","19","0","7","10","12","8","2","0","0","4","10","4","2","0","7","6","2","4","0"
"2022","3","A","골목상권","2110388","도봉우체국","35","23","12","0","4","3","10","14","4","0","2","2","7","8","4","0","2","1","3","6","0"
"2022","3","A","골목상권","2110210","서울시립대","341","253","88","1","9","19","24","34","254","1","4","12","10","21","205","0","5","7","14","13","49"
"2022","3","A","골목상권","2111020","방이동고분군(방산고등학교)","304","225","79","1","20","103","84","54","42","0","7","73","64","48","33","1","13","30","20","6","9"
"2022","3","D","발달상권","2120238","방이역","412","251","161","4","47","97","113","76","75","3","22","45","60","57","64","1","25","52","53","19","11"
"2022","3","A","골목상권","2111039","벌말어린이공원","485","353","132","8","85","125","121","94","52","8","51","89","88","72","45","0","34","36","33","22","7"
"2022","3","D","발달상권","2120239","오금역","4700","3006","1694","17","851","1243","1186","911","492","11","456","826","848","495","370","6","395","417","338","416","122"
"2022","3","D","발달상권","2120227","잠실역","45438","24212","21226","163","8139","11821","12755","11278","1282","51","3785","7433","7435","4548","960","112","4354","4388","5320","6730","322"
"2022","3","D","발달상권","2120235","문정역","907","621","286","1","116","196","202","236","156","0","69","151","148","144","109","1","47","45","54","92","47"
"2022","3","R","전통시장","2130325","명일전통시장","89","30","59","0","8","10","13","28","30","0","3","6","5","8","8","0","5","4","8","20","22"
"2022","3","A","골목상권","2110390","방학초등학교","225","105","120","0","18","60","66","58","23","0","7","33","27","27","11","0","11","27","39","31","12"
"2022","3","A","골목상권","2111055","선사초등학교","673","29","644","0","14","28","137","373","121","0","4","7","8","6","4","0","10","21","129","367","117"
"2022","3","R","전통시장","2130320","암사종합시장","173","97","76","1","16","29","50","31","46","1","5","12","31","19","29","0","11","17","19","12","17"
"2022","3","A","골목상권","2111049","천호지구대(천호동자전거거리)","507","277","230","2","75","90","96","118","126","0","36","50","40","68","83","2","39","40","56","50","43"
"2022","3","A","골목상권","2111048","천호역 1번(천호문구완구거리)","189","104","85","3","18","52","45","45","26","2","10","24","26","25","17","1","8","28","19","20","9"
"2022","3","A","골목상권","2111071","천동초등학교","76","52","24","0","4","15","21","25","11","0","4","6","18","16","8","0","0","9","3","9","3"
"2022","3","A","골목상권","2110039","회현역 1번","49","26","23","0","2","8","12","14","13","0","0","4","9","8","5","0","2","4","3","6","8"
"2022","3","R","전통시장","2130055","황학시장(서울중앙시장, 신중앙시장)","203","117","86","0","24","49","47","52","31","0","12","25","24","32","24","0","12","24","23","20","7"
"2022","3","U","관광특구","1001491","이태원 관광특구","5839","3064","2775","28","1377","2065","1290","768","311","18","514","986","777","541","228","10","863","1079","513","227","83"
"2022","3","A","골목상권","2110104","신금호역 4번","275","189","86","0","27","47","51","66","84","0","11","28","34","46","70","0","16","19","17","20","14"
"2022","3","A","골목상권","2110092","NH농협은행 보광동지점","514","208","306","0","94","123","111","107","79","0","14","58","40","45","51","0","80","65","71","62","28"
"2022","3","A","골목상권","2110067","배문고등학교","1574","907","667","1","219","377","391","329","257","0","85","177","202","230","213","1","134","200","189","99","44"
"2022","3","D","발달상권","2120074","안암역","59","28","31","1","12","16","12","8","10","0","5","9","7","2","5","1","7","7","5","6","5"
"2022","3","A","골목상권","2110271","신내역 1번","97","74","23","0","8","17","25","29","18","0","5","14","18","23","14","0","3","3","7","6","4"
"2022","3","A","골목상권","2110418","광운대학교 남단","100","45","55","0","11","17","23","26","23","0","5","5","13","16","6","0","6","12","10","10","17"
"2022","3","D","발달상권","2120042","숙대입구역(남영역, 남영동)","4057","2797","1260","20","750","1490","1024","558","215","8","370","894","831","510","184","12","380","596","193","48","31"
"2022","3","A","골목상권","2110503","명지대학교교회","230","123","107","0","27","52","59","64","28","0","9","30","26","36","22","0","18","22","33","28","6"
"2022","3","A","골목상권","2110519","서대문구보건소별관","470","175","295","0","58","96","113","139","64","0","15","37","46","42","35","0","43","59","67","97","29"
"2022","3","A","골목상권","2110515","홍은중학교","399","312","87","1","46","119","119","68","46","1","33","93","94","52","39","0","13","26","25","16","7"
"2022","3","A","골목상권","2110576","대흥역 3번","1605","1112","493","71","503","480","308","163","80","27","310","365","253","111","46","44","193","115","55","52","34"
"2022","3","A","골목상권","2110758","문래소공원","296","221","75","1","44","77","70","67","37","0","32","60","46","52","31","1","12","17","24","15","6"
"2022","3","A","골목상권","2110546","양화대교북단","684","408","276","3","185","240","142","68","46","3","79","121","109","55","41","0","106","119","33","13","5"
"2022","3","A","골목상권","2110787","신길3동주민센터","171","122","49","0","19","35","47","42","28","0","8","25","36","31","22","0","11","10","11","11","6"
"2022","3","A","골목상권","2110091","리움미술관","1106","810","296","0","216","345","343","155","47","0","117","236","293","128","36","0","99","109","50","27","11"
"2022","3","D","발달상권","2120049","왕십리역(왕십리)","1459","1004","455","1","183","301","377","468","129","1","92","187","272","371","81","0","91","114","105","97","48"
"2022","3","D","발달상권","2120221","봉은사역","19513","12605","6908","22","4375","5782","3654","2813","2867","8","2402","4217","2849","1721","1408","14","1973","1565","805","1092","1459"
"2022","3","A","골목상권","2110028","이화달팽이길","704","279","425","1","177","179","137","123","87","0","56","60","56","65","42","1","121","119","81","58","45"
"2022","3","A","골목상권","2110360","수유초등학교","321","222","99","0","34","61","63","67","96","0","7","43","42","44","86","0","27","18","21","23","10"
"2022","3","D","발달상권","2120053","건대입구역(건대)","859","491","368","5","147","141","172","187","207","2","40","61","95","130","163","3","107","80","77","57","44"
"2022","3","D","발달상권","2120004","종로구청","12937","7078","5859","9","1442","4392","4485","2080","529","4","432","2050","2756","1493","343","5","1010","2342","1729","587","186"
"2022","3","D","발달상권","2120027","명동역(명동재미로)","18097","8477","9620","67","2695","5851","6070","3074","340","9","859","2588","2522","2321","178","58","1836","3263","3548","753","162"
"2022","3","A","골목상권","2110043","충무초등학교","1202","670","532","12","212","307","331","223","117","7","97","155","169","152","90","5","115","152","162","71","27"
"2022","3","D","발달상권","2120037","동대문역사문화공원역","35320","17057","18263","421","11234","9194","6981","5237","2253","180","5605","5543","3901","1328","500","241","5629","3651","3080","3909","1753"
"2022","3","R","전통시장","2130047","테크노상가(엘리시움)","160","112","48","0","10","26","34","61","29","0","5","20","21","42","24","0","5","6","13","19","5"
"2022","3","R","전통시장","2130044","에리어식스(벨포스트)","10","2","8","1","0","2","3","3","1","1","0","1","0","0","0","0","0","1","3","3","1"
"2022","3","R","전통시장","2130032","인현시장","167","123","44","0","3","25","47","54","38","0","3","16","35","40","29","0","0","9","12","14","9"
"2022","3","A","골목상권","2110077","삼광초등학교","385","317","68","0","37","86","148","98","16","0","21","66","130","88","12","0","16","20","18","10","4"
"2022","3","A","골목상권","2110083","서빙고역 1번","149","109","40","0","26","53","42","14","14","0","13","42","29","12","13","0","13","11","13","2","1"
"2022","3","R","전통시장","2130057","만리시장","12","9","3","0","0","2","1","4","5","0","0","1","1","3","4","0","0","1","0","1","1"
"2022","3","A","골목상권","2110579","마포역 4번","758","561","197","2","62","160","253","214","67","1","37","123","190","160","50","1","25","37","63","54","17"
"2022","3","R","전통시장","2130072","성동용답상가시장","132","71","61","0","21","19","35","39","18","0","9","9","16","26","11","0","12","10","19","13","7"
"2022","3","R","전통시장","2130067","왕십리도선동상점가","1670","335","1335","3","166","202","291","591","417","1","78","98","69","49","40","2","88","104","222","542","377"
"2022","3","R","전통시장","2130112","사가정시장","86","28","58","0","13","17","24","19","13","0","0","3","6","8","11","0","13","14","18","11","2"
"2022","3","A","골목상권","2110148","어린이대공원역 3번","17","12","5","0","3","3","6","5","0","0","0","2","5","5","0","0","3","1","1","0","0"
"2022","3","R","전통시장","2130079","한아름시장","40","29","11","0","5","6","6","10","13","0","4","4","5","6","10","0","1","2","1","4","3"
"2022","3","A","골목상권","2110244","중화역 4번","250","175","75","1","8","26","49","44","122","1","4","11","32","30","97","0","4","15","17","14","25"
"2022","3","A","골목상권","2110273","장스여성병원","610","446","164","7","31","37","75","209","251","0","4","8","37","168","229","7","27","29","38","41","22"
"2022","3","A","골목상권","2110158","중곡3동주민센터","715","518","197","1","113","210","184","138","69","0","73","168","123","104","50","1","40","42","61","34","19"
"2022","3","A","골목상권","2110159","구의역 4번","663","391","272","1","125","115","158","132","132","1","58","62","85","87","98","0","67","53","73","45","34"
"2022","3","R","전통시장","2130081","자양골목전통시장(자양골목시장)","54","36","18","0","7","17","14","9","7","0","5","12","9","6","4","0","2","5","5","3","3"
"2022","3","A","골목상권","2110246","월드순복음교회","431","312","119","0","27","97","158","95","54","0","12","69","122","65","44","0","15","28","36","30","10"
"2022","3","A","골목상권","2110329","우리은행체육관","53","27","26","1","7","9","12","17","7","1","0","5","5","10","6","0","7","4","7","7","1"
"2022","3","A","골목상권","2110365","미아역 5번","341","83","258","0","17","21","44","63","196","0","5","12","15","17","34","0","12","9","29","46","162"
"2022","3","A","골목상권","2110251","장안중학교","147","104","43","0","8","34","46","39","20","0","3","23","34","27","17","0","5","11","12","12","3"
"2022","3","A","골목상권","2110236","신묵초등학교","1015","836","179","0","185","302","228","255","45","0","135","246","194","228","33","0","50","56","34","27","12"
"2022","3","R","전통시장","2130116","동성타워프라자","31","22","9","0","2","9","7","8","5","0","2","4","4","7","5","0","0","5","3","1","0"
"2022","3","A","골목상권","2110312","안암역 2번","175","96","79","0","18","24","52","54","27","0","9","17","27","27","16","0","9","7","25","27","11"
"2022","3","A","골목상권","2110344","화계중학교","12","10","2","0","7","1","1","2","1","0","5","1","1","2","1","0","2","0","0","0","0"
"2022","3","A","골목상권","2110341","북한산우이역 2번","492","408","84","0","15","25","80","255","117","0","4","10","52","235","107","0","11","15","28","20","10"
"2022","3","A","골목상권","2110280","북정마을","78","40","38","0","6","12","25","24","11","0","2","4","11","15","8","0","4","8","14","9","3"
"2022","3","A","골목상권","2110376","수송초등학교","224","142","82","0","26","47","62","60","29","0","12","29","38","41","22","0","14","18","24","19","7"
"2022","3","A","골목상권","2110369","성신여대운정그린캠퍼스","518","214","304","1","49","46","131","131","160","1","10","16","44","53","90","0","39","30","87","78","70"
"2022","3","A","골목상권","2110380","강북문화정보도서관","48","15","33","0","12","10","12","10","4","0","0","3","5","4","3","0","12","7","7","6","1"
"2022","3","A","골목상권","2110378","송중동주민센터","23","13","10","0","1","4","6","9","3","0","1","2","2","6","2","0","0","2","4","3","1"
"2022","3","R","전통시장","2130130","수유북부골목시장","20","14","6","0","1","1","7","5","6","0","0","0","6","3","5","0","1","1","1","2","1"
"2022","3","R","전통시장","2130141","강북북부골목시장","43","20","23","0","16","4","11","6","6","0","3","2","6","6","3","0","13","2","5","0","3"
"2022","3","A","골목상권","2110379","KT&G 북부지사","12","3","9","1","1","1","3","3","3","0","0","0","1","1","1","1","1","1","2","2","2"
"2022","3","A","골목상권","2110354","삼각산119안전센터","22","5","17","0","2","3","10","5","2","0","0","0","2","1","2","0","2","3","8","4","0"
"2022","3","A","골목상권","2110367","강북구청","1943","976","967","5","195","512","483","522","226","4","64","205","237","340","126","1","131","307","246","182","100"
"2022","3","A","골목상권","2110537","충정로현대아파트","1514","848","666","1","362","525","328","177","121","0","150","263","215","134","86","1","212","262","113","43","35"
"2022","3","A","골목상권","2110368","송천초등학교","196","176","20","0","9","16","36","71","64","0","5","11","32","66","62","0","4","5","4","5","2"
"2022","3","R","전통시장","2130194","용강동 상점가","875","502","373","0","103","131","179","170","292","0","39","75","104","114","170","0","64","56","75","56","122"
"2022","3","A","골목상권","2110520","경의중앙 신촌역","78","38","40","0","22","12","27","10","7","0","5","5","13","9","6","0","17","7","14","1","1"
"2022","3","A","골목상권","2110525","홍은종합사회복지관","61","17","44","0","10","12","15","10","14","0","1","3","0","4","9","0","9","9","15","6","5"
"2022","3","A","골목상권","2110548","마포구청역 4번","795","475","320","5","130","185","210","136","129","3","57","95","122","89","109","2","73","90","88","47","20"
"2022","3","A","골목상권","2110575","대흥동주민센터","206","156","50","2","25","47","36","48","48","2","11","35","25","40","43","0","14","12","11","8","5"
"2022","3","A","골목상권","2110505","홍남교남측","14","9","5","0","1","0","3","7","3","0","0","0","2","5","2","0","1","0","1","2","1"
"2022","3","A","골목상권","2110887","서울산업정보학교(서울삼성초등학교)","19","11","8","0","1","4","7","6","1","0","0","0","4","6","1","0","1","4","3","0","0"
"2022","3","A","골목상권","2110584","아현역 4번","49","13","36","0","4","7","14","13","11","0","0","0","2","5","6","0","4","7","12","8","5"
"2022","3","R","전통시장","2130197","마포시장","15","5","10","0","0","1","5","4","5","0","0","1","0","2","2","0","0","0","5","2","3"
"2022","3","A","골목상권","2110897","서울대입구역 8번","219","139","80","0","16","45","69","64","25","0","7","24","40","44","24","0","9","21","29","20","1"
"2022","3","A","골목상권","2110900","낙성대역 1번(관악구민 종합체육센터)","457","257","200","1","95","125","123","89","24","1","49","65","69","54","19","0","46","60","54","35","5"
"2022","3","A","골목상권","2110814","서울지방병무청","673","364","309","1","51","117","155","236","113","1","23","79","97","104","60","0","28","38","58","132","53"
"2022","3","R","전통시장","2130243","도림시장","6","4","2","0","0","1","4","0","1","0","0","1","3","0","0","0","0","0","1","0","1"
"2022","3","A","골목상권","2110875","보라매동주민센터(당곡고등학교)","16","13","3","0","3","2","5","4","2","0","2","2","3","4","2","0","1","0","2","0","0"
"2022","3","A","골목상권","2110894","관악동부센트레빌아파트(은천로35라길)","20","8","12","0","2","4","3","6","5","0","0","2","1","2","3","0","2","2","2","4","2"
"2022","3","R","전통시장","2130276","신림중앙시장(조원동 펭귄시장)","43","27","16","0","1","2","14","12","14","0","0","2","7","9","9","0","1","0","7","3","5"
"2022","3","R","전통시장","2130278","미성동 도깨비시장 골목형상점가","75","16","59","0","0","16","28","24","7","0","0","7","5","2","2","0","0","9","23","22","5"
"2022","3","A","골목상권","2110181","신설동역 9번","1864","1212","652","12","209","232","286","440","685","12","150","162","188","282","418","0","59","70","98","158","267"
"2022","3","A","골목상권","2110963","역삼월드메르디앙아파트","780","547","233","1","126","185","226","154","88","0","79","146","171","97","54","1","47","39","55","57","34"
"2022","3","D","발달상권","2120211","도성초등학교","984","516","468","7","180","282","189","161","165","3","68","120","112","117","96","4","112","162","77","44","69"
"2022","3","A","골목상권","2110490","녹번동근린공원","307","166","141","0","30","64","85","76","52","0","11","30","47","45","33","0","19","34","38","31","19"
"2022","3","A","골목상권","2110407","도봉역 2번","562","338","224","1","32","77","115","203","134","1","8","41","57","126","105","0","24","36","58","77","29"
"2022","3","A","골목상권","2110993","개포지하차도 북측","70","53","17","0","3","9","19","23","16","0","2","7","16","18","10","0","1","2","3","5","6"
"2022","3","A","골목상권","2110196","홍릉근린공원","23","12","11","0","1","6","8","5","3","0","1","4","3","2","2","0","0","2","5","3","1"
"2022","3","A","골목상권","2110408","가인초등학교","359","108","251","0","68","70","101","86","34","0","13","24","33","22","16","0","55","46","68","64","18"
"2022","3","A","골목상권","2110423","석계역 2번","280","104","176","0","27","29","65","73","86","0","9","15","31","29","20","0","18","14","34","44","66"
"2022","3","A","골목상권","2110427","노원 을지대학교병원","363","281","82","0","27","27","62","126","121","0","12","14","31","109","115","0","15","13","31","17","6"
"2022","3","D","발달상권","2120137","문래역(문래로데오거리)","50","21","29","2","11","8","13","12","4","0","4","1","7","7","2","2","7","7","6","5","2"
"2022","3","D","발달상권","2120196","서울세관","9687","5900","3787","15","1708","2897","2579","1614","874","2","604","1527","1719","1323","725","13","1104","1370","860","291","149"
"2022","3","D","발달상권","2120173","교대역(법원.검찰청)","18197","10449","7748","74","3267","5392","4725","3068","1671","29","1418","3003","2843","1896","1260","45","1849","2389","1882","1172","411"
"2022","3","A","골목상권","2111010","석촌역 7번","1428","975","453","3","162","289","351","325","298","1","88","176","244","224","242","2","74","113","107","101","56"
"2022","3","A","골목상권","2110068","남영역 1번","1039","595","444","8","154","224","240","224","189","6","59","124","144","138","124","2","95","100","96","86","65"
"2022","3","A","골목상권","2110114","왕십리파출소","68","21","47","0","3","2","11","24","28","0","1","1","4","10","5","0","2","1","7","14","23"
"2022","3","A","골목상권","2110558","경성고등학교","2338","1579","759","11","302","556","565","513","391","10","149","343","406","384","287","1","153","213","159","129","104"
"2022","3","A","골목상권","2110759","문래예술촌(문래창작촌)","4221","2165","2056","9","520","837","996","1286","573","5","266","550","589","466","289","4","254","287","407","820","284"
"2022","3","A","골목상권","2110187","제기동역 6번","3124","2222","902","15","559","867","746","552","385","7","387","605","531","394","298","8","172","262","215","158","87"
"2022","3","A","골목상권","2111086","한영중고","297","202","95","1","27","45","73","101","50","1","17","22","52","69","41","0","10","23","21","32","9"
"2022","3","A","골목상권","2110736","독산119안전센터","450","196","254","0","45","52","74","114","165","0","21","31","34","41","69","0","24","21","40","73","96"
"2022","3","D","발달상권","2120166","방배역","5467","3282","2185","90","1234","1594","1033","699","817","26","523","920","713","451","649","64","711","674","320","248","168"
"2022","3","A","골목상권","2110516","정원여중","114","85","29","0","24","19","35","22","14","0","17","14","26","19","9","0","7","5","9","3","5"
"2022","3","A","골목상권","2110645","우장산역 4번","794","391","403","0","64","125","239","221","145","0","33","65","87","90","116","0","31","60","152","131","29"
"2022","3","A","골목상권","2110942","염곡동 구룡사(포이동성당)","3242","1952","1290","7","578","932","791","613","321","3","328","587","461","351","222","4","250","345","330","262","99"
"2022","3","D","발달상권","2120055","군자역","4255","2030","2225","33","1138","780","911","991","402","23","548","430","436","330","263","10","590","350","475","661","139"
"2022","3","A","골목상권","2110604","신월4동주민센터","637","528","109","0","13","50","120","234","220","0","6","29","87","193","213","0","7","21","33","41","7"
"2022","3","A","골목상권","2110462","갈현건영아파트","354","220","134","1","41","64","104","81","63","1","23","38","61","50","47","0","18","26","43","31","16"
"2022","3","A","골목상권","2110478","응암1동주민센터","359","221","138","2","26","39","56","58","178","2","16","23","28","33","119","0","10","16","28","25","59"
"2022","3","A","골목상권","2110475","백련산해모로아파트","241","126","115","1","23","42","76","68","31","1","10","24","44","28","19","0","13","18","32","40","12"
"2022","3","A","골목상권","2110593","신월3동주민센터","304","157","147","0","38","65","76","87","38","0","12","32","45","44","24","0","26","33","31","43","14"
"2022","3","A","골목상권","2110605","목동센트럴아이파크앞","155","89","66","0","15","22","26","47","45","0","5","15","11","27","31","0","10","7","15","20","14"
"2022","3","D","발달상권","2120090","연신내역","687","262","425","5","180","133","134","129","106","1","64","55","49","45","48","4","116","78","85","84","58"
"2022","3","A","골목상권","2110467","은평요양병원","487","284","203","3","90","154","110","68","62","2","46","100","61","37","38","1","44","54","49","31","24"
"2022","3","A","골목상권","2110447","구산초등학교","12","7","5","0","2","2","3","1","4","0","1","2","1","1","2","0","1","0","2","0","2"
"2022","3","R","전통시장","2130170","제일시장","58","26","32","1","7","9","13","19","9","1","2","2","5","11","5","0","5","7","8","8","4"
"2022","3","D","발달상권","2120188","압구정역","8579","3750","4829","134","2204","2146","1550","1314","1231","47","698","969","897","556","583","87","1506","1177","653","758","648"
"2022","3","A","골목상권","2110608","신월2동주민센터","873","453","420","1","51","116","229","271","205","1","23","69","118","125","117","0","28","47","111","146","88"
"2022","3","D","발달상권","2120195","성수대교남단","5611","2685","2926","39","1393","2394","1102","426","257","15","487","1194","634","208","147","24","906","1200","468","218","110"
"2022","3","A","골목상권","2110455","역촌노인복지관","678","360","318","2","69","118","187","198","104","0","34","63","89","105","69","2","35","55","98","93","35"
"2022","3","A","골목상권","2110453","신사1동주민센터","515","288","227","0","43","81","121","155","115","0","20","25","65","85","93","0","23","56","56","70","22"
"2022","3","D","발달상권","2120172","교대입구교차로","10241","5712","4529","53","2062","2700","2445","1945","1036","33","854","1635","1489","1004","697","20","1208","1065","956","941","339"
"2022","3","A","골목상권","2110619","목4동주민센터","311","203","108","1","51","87","89","64","19","1","16","52","58","57","19","0","35","35","31","7","0"
"2022","3","R","전통시장","2130204","경창시장","100","50","50","0","5","12","27","27","29","0","2","5","12","16","15","0","3","7","15","11","14"
"2022","3","A","골목상권","2110609","신정네거리역 2번","1377","1358","19","0","14","15","52","171","1125","0","10","11","45","168","1124","0","4","4","7","3","1"
"2022","3","A","골목상권","2110610","계남근린공원","126","85","41","0","5","11","41","44","25","0","3","6","28","35","13","0","2","5","13","9","12"
"2022","3","A","골목상권","2110707","구로창업지원센터","1045","760","285","4","141","266","246","253","135","3","78","195","185","186","113","1","63","71","61","67","22"
"2022","3","D","발달상권","2120129","구로디지털단지","47750","31091","16659","195","10197","16227","12034","5678","3419","126","5117","10736","8454","3920","2738","69","5080","5491","3580","1758","681"
"2022","3","A","골목상권","2110668","화곡2동주민센터","471","278","193","0","55","70","139","127","80","0","22","33","81","77","65","0","33","37","58","50","15"
"2022","3","A","골목상권","2110635","공항시장역 3번","1482","399","1083","4","71","92","165","488","662","1","44","62","64","34","194","3","27","30","101","454","468"
"2022","3","R","전통시장","2130236","비단길현대시장(현대시장)","139","42","97","0","13","23","49","40","14","0","4","3","12","17","6","0","9","20","37","23","8"
"2022","3","A","골목상권","2110633","개화산역 1번","115","89","26","2","29","34","27","15","8","2","28","22","19","10","8","0","1","12","8","5","0"
"2022","3","A","골목상권","2110903","방배아이파크아파트","7222","2653","4569","7","1242","1778","2487","1322","386","1","333","597","951","599","172","6","909","1181","1536","723","214"
"2022","3","A","골목상권","2110720","대림역 2번","158","73","85","0","23","25","43","35","32","0","10","11","15","15","22","0","13","14","28","20","10"
"2022","3","A","골목상권","2110702","개봉초등학교","131","93","38","1","15","18","33","34","30","1","10","13","23","24","22","0","5","5","10","10","8"
"2022","3","R","전통시장","2130225","개봉중앙시장","147","59","88","0","15","21","39","44","28","0","3","4","19","22","11","0","12","17","20","22","17"
"2022","3","A","골목상권","2110681","온수역 1번","152","106","46","0","13","52","39","21","27","0","10","38","25","13","20","0","3","14","14","8","7"
"2022","3","A","골목상권","2110725","가산동주민센터","85","59","26","0","6","20","22","20","17","0","3","15","16","12","13","0","3","5","6","8","4"
"2022","3","D","발달상권","2120134","구로전화국","2014","1668","346","0","107","157","172","223","1355","0","44","75","96","153","1300","0","63","82","76","70","55"
"2022","3","A","골목상권","2110831","상도4동주민센터","72","40","32","0","3","13","14","29","13","0","3","6","6","18","7","0","0","7","8","11","6"
"2022","3","D","발달상권","2120190","강남을지병원","11703","6183","5520","44","3417","3226","2498","1508","1010","14","1228","1648","1560","985","748","30","2189","1578","938","523","262"
"2022","3","A","골목상권","2110750","시흥4동주민센터(서울신흥초등학교)","397","221","176","4","78","83","80","104","48","4","47","62","43","33","32","0","31","21","37","71","16"
"2022","3","A","골목상권","2110833","상도역 2번","266","172","94","2","20","64","76","77","27","0","17","51","48","37","19","2","3","13","28","40","8"
"2022","3","A","골목상권","2110826","장승배기역 4번","366","149","217","2","20","37","57","103","147","1","8","22","28","38","52","1","12","15","29","65","95"
"2022","3","A","골목상권","2110847","예술인마을","460","225","235","3","53","139","142","78","45","3","13","62","76","38","33","0","40","77","66","40","12"
"2022","3","D","발달상권","2120156","총신대입구역(이수, 총신대)","3255","1425","1830","14","615","769","718","629","510","7","201","327","374","254","262","7","414","442","344","375","248"
"2022","3","D","발달상권","2120155","총신대학교","111","57","54","0","13","27","27","26","18","0","7","8","15","15","12","0","6","19","12","11","6"
"2022","3","A","골목상권","2110818","신대방역 3번","20","9","11","0","1","3","7","7","2","0","1","3","2","1","2","0","0","0","5","6","0"
"2022","3","A","골목상권","2110941","언남고등학교","261","158","103","0","33","46","89","58","35","0","14","26","51","40","27","0","19","20","38","18","8"
"2022","3","A","골목상권","2110841","중대부중","88","36","52","0","11","17","16","25","19","0","5","7","5","11","8","0","6","10","11","14","11"
"2022","3","R","전통시장","2130265","노량진중앙시장","115","82","33","0","17","48","34","8","8","0","12","42","23","3","2","0","5","6","11","5","6"
"2022","3","A","골목상권","2110842","흑리단길","43","14","29","0","7","8","8","12","8","0","2","2","3","2","5","0","5","6","5","10","3"
"2022","3","A","골목상권","2110844","흑석2치안센터","7","5","2","0","2","1","1","0","3","0","1","1","1","0","2","0","1","0","0","0","1"
"2022","3","A","골목상권","2110927","잠원역","745","553","192","2","93","342","198","98","12","2","82","218","159","81","11","0","11","124","39","17","1"
"2022","3","D","발달상권","2120162","방배동카페골목","1253","717","536","61","207","200","219","215","351","57","126","142","110","93","189","4","81","58","109","122","162"
"2022","3","D","발달상권","2120181","교육개발원입구사거리","7278","4440","2838","316","2978","1563","1247","730","444","145","1506","983","939","536","331","171","1472","580","308","194","113"
"2022","3","A","골목상권","2110937","방아다리근린공원(횃불트리니티신학대학원대학교)","2465","1270","1195","7","634","861","542","318","103","6","246","507","335","113","63","1","388","354","207","205","40"
"2022","3","A","골목상권","2110913","방현초등학교(방배119안전센터)","3305","2117","1188","7","572","1265","879","376","206","4","272","824","627","237","153","3","300","441","252","139","53"
"2022","3","A","골목상권","2110905","방배노인종합복지관(이수중학교)","287","176","111","1","36","71","71","63","45","0","18","38","45","41","34","1","18","33","26","22","11"
"2022","3","D","발달상권","2120164","내방역","8574","5973","2601","56","1923","2821","1862","1128","784","48","1160","1998","1383","799","585","8","763","823","479","329","199"
"2022","3","A","골목상권","2110922","내방역 1번","224","114","110","1","42","48","47","43","43","0","13","23","27","23","28","1","29","25","20","20","15"
"2022","3","D","발달상권","2120163","사당역 11번(사당역먹자골목)","491","290","201","0","55","119","99","86","132","0","28","73","57","50","82","0","27","46","42","36","50"
"2022","3","A","골목상권","2110428","상계5동주민센터","491","217","274","1","43","52","106","158","131","0","14","25","45","70","63","1","29","27","61","88","68"
"2022","3","A","골목상권","2110987","영동대교남단","473","237","236","2","91","86","93","107","94","1","46","51","44","40","55","1","45","35","49","67","39"
"2022","3","A","골목상권","2110002","독립문역 1번","475","121","354","1","146","140","118","44","26","1","25","25","41","14","15","0","121","115","77","30","11"
"2022","3","D","발달상권","2120199","경복아파트교차로","3830","2283","1547","10","796","1196","781","572","475","4","317","721","498","390","353","6","479","475","283","182","122"
"2022","3","D","발달상권","2120198","구역삼세무서","11531","7246","4285","23","2691","3529","2889","1562","837","12","1141","2216","2115","1139","623","11","1550","1313","774","423","214"
"2022","3","D","발달상권","2120007","북촌(안국역)","10172","8081","2091","7","1112","3577","3084","1913","479","5","623","2851","2568","1659","375","2","489","726","516","254","104"
"2022","3","A","골목상권","2110131","성수동카페거리","4798","3110","1688","15","902","1536","1123","699","523","9","460","993","777","497","374","6","442","543","346","202","149"
"2022","3","R","전통시장","2130066","행당시장상점가","397","182","215","0","49","86","115","100","47","0","17","38","54","45","28","0","32","48","61","55","19"
"2022","3","R","전통시장","2130019","동대문상가D동","28","21","7","0","6","5","5","4","8","0","4","2","4","4","7","0","2","3","1","0","1"
"2022","3","D","발달상권","2120064","경희대학교(경희대)","97","44","53","0","14","27","21","13","22","0","9","13","10","4","8","0","5","14","11","9","14"
"2022","3","A","골목상권","2110403","방학1동주민센터","316","167","149","1","44","56","63","78","74","1","30","37","36","36","27","0","14","19","27","42","47"
"2022","3","A","골목상권","2110395","신한은행 방학동지점","163","42","121","0","17","20","44","42","40","0","0","2","11","9","20","0","17","18","33","33","20"
"2022","3","D","발달상권","2120234","가락시장역","10268","6224","4044","11","1350","2490","2149","1678","2590","3","586","1468","1439","927","1801","8","764","1022","710","751","789"
"2022","3","A","골목상권","2111067","강동구립성내도서관","746","414","332","2","73","149","192","177","153","1","36","98","107","84","88","1","37","51","85","93","65"
"2022","3","D","발달상권","2120246","길동역","3399","1536","1863","14","384","560","835","905","701","8","169","317","417","296","329","6","215","243","418","609","372"
"2022","3","R","전통시장","2130311","새마을시장","377","246","131","1","60","78","104","75","59","0","28","48","80","55","35","1","32","30","24","20","24"
"2022","3","A","골목상권","2111006","석촌고분역 1번","1112","721","391","0","127","292","337","203","153","0","56","169","242","135","119","0","71","123","95","68","34"
"2022","3","A","골목상권","2111045","개미어린이공원","36","18","18","0","2","7","12","12","3","0","1","1","7","7","2","0","1","6","5","5","1"
"2022","3","A","골목상권","2111061","암사역 1번","831","551","280","0","149","186","182","170","144","0","82","128","126","125","90","0","67","58","56","45","54"
"2022","3","A","골목상권","2111040","거여초등학교","346","137","209","0","26","86","124","77","33","0","9","27","48","30","23","0","17","59","76","47","10"
"2022","3","A","골목상권","2111037","Sh수협은행 오금동금융센터(아랫말어린이공원)","373","243","130","0","37","103","90","93","50","0","25","84","60","43","31","0","12","19","30","50","19"
"2022","3","D","발달상권","2120230","송파사거리(송파역)","876","470","406","4","96","176","202","193","205","1","38","99","115","92","125","3","58","77","87","101","80"
"2022","3","A","골목상권","2111060","암사역 2번(서울강동초등학교)","871","457","414","1","101","210","241","202","116","1","41","96","131","107","81","0","60","114","110","95","35"
"2022","3","R","전통시장","2130326","고덕 골목형상점가","935","850","85","0","8","37","165","395","330","0","4","31","147","360","308","0","4","6","18","35","22"
"2022","3","A","골목상권","2111054","암사역 4번(삼성광나루아파트)","104","42","62","0","14","18","19","12","41","0","4","12","7","5","14","0","10","6","12","7","27"
"2022","3","A","골목상권","2111076","둔촌2동주민센터","297","174","123","0","25","49","61","86","76","0","14","24","34","39","63","0","11","25","27","47","13"
"2022","3","R","전통시장","2130324","길동복조리시장","154","85","69","3","27","32","47","40","5","2","13","18","31","19","2","1","14","14","16","21","3"
"2022","3","A","골목상권","2111077","길동주민센터(강동도서관)","1272","737","535","4","121","258","294","321","274","1","49","138","167","188","194","3","72","120","127","133","80"
"2022","3","A","골목상권","2110086","이태원역 북측","9251","3612","5639","12","3187","3893","1655","431","73","3","733","1559","905","357","55","9","2454","2334","750","74","18"
"2022","3","R","전통시장","2130017","동대문상가C동","12","9","3","0","1","4","4","2","1","0","1","4","3","0","1","0","0","0","1","2","0"
"2022","3","D","발달상권","2120033","을지로4가역","874","443","431","7","128","213","194","204","128","1","45","108","99","91","99","6","83","105","95","113","29"
"2022","3","A","골목상권","2110123","마장역 3번","511","382","129","0","42","56","91","185","137","0","21","36","63","141","121","0","21","20","28","44","16"
"2022","3","A","골목상권","2110238","배꽃어린이공원","66","48","18","0","6","7","15","23","15","0","4","5","9","15","15","0","2","2","6","8","0"
"2022","3","A","골목상권","2110094","오산중학교","26","12","14","0","0","1","4","13","8","0","0","0","2","6","4","0","0","1","2","7","4"
"2022","3","A","골목상권","2110259","사가정역 1번","543","425","118","2","48","108","172","159","54","2","29","73","131","140","50","0","19","35","41","19","4"
"2022","3","A","골목상권","2110258","면동초등학교","260","99","161","0","32","49","79","66","34","0","1","20","28","34","16","0","31","29","51","32","18"
"2022","3","A","골목상권","2110317","종암중학교","412","207","205","0","33","120","153","86","20","0","14","47","78","59","9","0","19","73","75","27","11"
"2022","3","D","발달상권","2120077","미아역","218","97","121","0","32","37","52","64","33","0","11","8","18","38","22","0","21","29","34","26","11"
"2022","3","A","골목상권","2110350","가오리역 2번","148","77","71","0","11","27","37","49","24","0","5","11","18","26","17","0","6","16","19","23","7"
"2022","3","D","발달상권","2120143","당산역","2723","2018","705","9","329","524","575","532","754","2","194","398","412","396","616","7","135","126","163","136","138"
"2022","3","D","발달상권","2120015","종로6가","302","153","149","0","49","64","69","65","55","0","17","23","27","42","44","0","32","41","42","23","11"
"2022","3","D","발달상권","2120139","대림3동사거리","3619","2404","1215","14","423","867","992","727","596","5","220","632","783","462","302","9","203","235","209","265","294"
"2022","3","A","골목상권","2110861","관악구신사동주민센터","1182","608","574","1","215","377","263","209","117","1","71","194","161","105","76","0","144","183","102","104","41"
"2022","3","A","골목상권","2110965","언주역 6번","1139","788","351","1","174","379","378","142","65","1","104","276","284","74","49","0","70","103","94","68","16"
"2022","3","A","골목상권","2110099","유엔빌리지길","12646","10311","2335","33","1746","2596","3298","4558","415","25","904","1899","2859","4264","360","8","842","697","439","294","55"
"2022","3","D","발달상권","2120013","이화사거리","7552","5465","2087","8","1309","2510","2065","1290","370","1","628","1731","1677","1167","261","7","681","779","388","123","109"
"2022","3","A","골목상권","2110014","경복고등학교","194","82","112","0","28","54","40","44","28","0","4","14","21","24","19","0","24","40","19","20","9"
"2022","3","A","골목상권","2110182","용두희망어린이공원","370","249","121","0","38","71","108","87","66","0","20","47","67","64","51","0","18","24","41","23","15"
"2022","3","R","전통시장","2130246","영등포청과시장(조광시장)","237","126","111","0","24","33","47","77","56","0","9","11","28","39","39","0","15","22","19","38","17"
"2022","3","A","골목상권","2110165","국립정신건강센터","287","204","83","0","19","46","81","77","64","0","9","33","51","61","50","0","10","13","30","16","14"
"2022","3","A","골목상권","2110782","영등포시장역 4번","127","87","40","1","13","24","48","27","14","1","5","16","36","17","12","0","8","8","12","10","2"
"2022","3","U","관광특구","1001493","동대문패션타운 관광특구","6054","2958","3096","36","1434","1695","1160","1061","668","13","543","737","662","600","403","23","891","958","498","461","265"
"2022","3","A","골목상권","2110161","중곡역 3번","236","135","101","3","11","33","58","65","66","0","2","16","37","40","40","3","9","17","21","25","26"
"2022","3","A","골목상권","2110124","뚝섬역교차로","1253","1006","247","7","170","155","222","312","387","6","94","111","169","268","358","1","76","44","53","44","29"
"2022","3","A","골목상권","2110057","황학코아루아파트","57","39","18","0","8","11","16","9","13","0","4","5","14","7","9","0","4","6","2","2","4"
"2022","3","A","골목상권","2110061","효창동주민센터","473","301","172","1","61","90","150","113","58","1","38","52","96","67","47","0","23","38","54","46","11"
"2022","3","A","골목상권","2110129","성원어린이공원","664","421","243","1","65","126","138","185","149","0","35","74","91","111","110","1","30","52","47","74","39"
"2022","3","A","골목상권","2110010","평창동서측","6687","3622","3065","12","676","1736","2550","1464","249","0","276","655","1387","1128","176","12","400","1081","1163","336","73"
"2022","3","A","골목상권","2110130","답십리역 6번","105","89","16","0","20","24","38","15","8","0","17","20","35","10","7","0","3","4","3","5","1"
"2022","3","R","전통시장","2130064","금남시장","36","13","23","0","6","7","8","4","11","0","1","0","5","2","5","0","5","7","3","2","6"
"2022","3","A","골목상권","2110256","면목2동체육관","477","321","156","2","56","66","82","140","131","1","21","35","45","109","110","1","35","31","37","31","21"
"2022","3","R","전통시장","2130084","신성시장(신성골목시장)","21","6","15","0","3","5","8","4","1","0","0","1","2","2","1","0","3","4","6","2","0"
"2022","3","R","전통시장","2130077","조양시장","31","19","12","0","11","7","8","5","0","0","6","5","4","4","0","0","5","2","4","1","0"
"2022","3","R","전통시장","2130106","중랑동부시장","166","56","110","1","20","40","34","39","32","0","1","8","7","21","19","1","19","32","27","18","13"
"2022","3","A","골목상권","2110331","돌곶이역 8번","436","292","144","3","54","146","112","76","45","0","17","105","82","53","35","3","37","41","30","23","10"
"2022","3","R","전통시장","2130135","수유중앙골목시장(수유중앙시장)","24","12","12","0","0","3","4","5","12","0","0","2","2","0","8","0","0","1","2","5","4"
"2022","3","R","전통시장","2130105","장미제일시장(중화동제일시장)","63","27","36","0","8","14","22","11","8","0","3","6","14","3","1","0","5","8","8","8","7"
"2022","3","A","골목상권","2110270","혜원여고","168","148","20","0","4","5","7","70","82","0","4","3","6","59","76","0","0","2","1","11","6"
"2022","3","A","골목상권","2110235","세화어린이공원","17","12","5","0","6","3","1","5","2","0","5","1","1","3","2","0","1","2","0","2","0"
"2022","3","A","골목상권","2110240","태릉시장 특화거리","97","39","58","2","20","13","28","16","18","1","3","8","7","8","12","1","17","5","21","8","6"
"2022","3","A","골목상권","2110325","장곡초등학교","62","22","40","0","0","14","22","20","6","0","0","3","8","7","4","0","0","11","14","13","2"
"2022","3","R","전통시장","2130125","장위전통시장","40","20","20","0","5","6","7","8","14","0","0","2","5","5","8","0","5","4","2","3","6"
"2022","3","A","골목상권","2110313","안암역 3번","2079","1351","728","2","209","555","672","477","164","0","96","312","446","356","141","2","113","243","226","121","23"
"2022","3","A","골목상권","2110521","홍제역 4번","63","36","27","0","4","7","19","17","16","0","0","4","10","9","13","0","4","3","9","8","3"
"2022","3","R","전통시장","2130122","밤나무골시장","17","5","12","0","2","4","6","4","1","0","1","1","2","1","0","0","1","3","4","3","1"
"2022","3","A","골목상권","2110321","동덕여대","43","29","14","0","2","6","17","12","6","0","2","6","9","7","5","0","0","0","8","5","1"
"2022","3","D","발달상권","2120011","종로4가","2980","1663","1317","5","420","1022","880","514","139","0","165","497","518","378","105","5","255","525","362","136","34"
"2022","3","A","골목상권","2110333","돌곶이역 5번","988","746","242","0","15","23","38","74","838","0","2","13","20","42","669","0","13","10","18","32","169"
"2022","3","R","전통시장","2130126","새석관시장","3","1","2","0","0","0","1","2","0","0","0","0","0","1","0","0","0","0","1","1","0"
"2022","3","A","골목상권","2110364","미아역 8번","146","75","71","0","9","26","51","39","21","0","3","9","25","23","15","0","6","17","26","16","6"
"2022","3","A","골목상권","2110358","인수동 우편취급국","558","300","258","0","18","35","68","214","223","0","2","18","24","94","162","0","16","17","44","120","61"
"2022","3","D","발달상권","2120096","이화여대(이대역, 이대)","470","195","275","1","79","135","125","79","51","0","27","51","46","38","33","1","52","84","79","41","18"
"2022","3","A","골목상권","2110347","구세군강북종합사회복지관","38","17","21","0","10","7","5","9","7","0","1","5","1","5","5","0","9","2","4","4","2"
"2022","3","R","전통시장","2130131","동북프라자","121","49","72","0","9","23","37","29","23","0","4","8","17","9","11","0","5","15","20","20","12"
"2022","3","R","전통시장","2130140","숭인시장","62","27","35","0","9","13","10","15","15","0","0","4","1","9","13","0","9","9","9","6","2"
"2022","3","A","골목상권","2110337","아카데미하우스","512","368","144","6","70","69","94","159","114","6","43","58","60","98","103","0","27","11","34","61","11"
"2022","3","A","골목상권","2110518","서대문구청","117","70","47","0","19","39","29","18","12","0","6","19","22","12","11","0","13","20","7","6","1"
"2022","3","R","전통시장","2130190","홍대소상공인상점가","150","77","73","1","55","35","30","18","11","0","18","22","18","10","9","1","37","13","12","8","2"
"2022","3","A","골목상권","2110561","상수역 4번","395","247","148","4","59","102","94","89","47","2","21","56","64","68","36","2","38","46","30","21","11"
"2022","3","A","골목상권","2110547","KB국민은행 망원동지점","284","168","116","0","13","47","93","76","55","0","4","25","55","45","39","0","9","22","38","31","16"
"2022","3","A","골목상권","2110531","홍지문","141","61","80","0","16","26","24","56","19","0","13","19","13","9","7","0","3","7","11","47","12"
"2022","3","A","골목상권","2110803","신길2동우편취급국","304","220","84","0","17","27","56","62","142","0","6","14","33","39","128","0","11","13","23","23","14"
"2022","3","A","골목상권","2110580","양원초등학교","78","20","58","0","3","6","16","25","28","0","0","1","3","11","5","0","3","5","13","14","23"
"2022","3","A","골목상권","2110570","KB국민은행 서강지점","61","39","22","0","4","22","18","12","5","0","4","13","10","7","5","0","0","9","8","5","0"
"2022","3","A","골목상권","2110549","새터산","283","137","146","1","48","61","76","46","51","1","18","31","43","16","28","0","30","30","33","30","23"
"2022","3","A","골목상권","2110776","도신초등학교","168","106","62","0","12","20","48","63","25","0","11","10","35","34","16","0","1","10","13","29","9"
"2022","3","R","전통시장","2130195","도화동 상점가","1055","510","545","2","201","269","228","163","192","1","86","133","121","95","74","1","115","136","107","68","118"
"2022","3","A","골목상권","2110770","영등포구청역 6번","263","191","72","1","45","49","77","45","46","1","24","41","54","28","43","0","21","8","23","17","3"
"2022","3","R","전통시장","2130149","창동신창시장","104","40","64","0","2","21","32","29","20","0","0","7","14","8","11","0","2","14","18","21","9"
"2022","3","R","전통시장","2130306","강남언주로","235","151","84","2","48","48","63","45","29","2","27","34","47","23","18","0","21","14","16","22","11"
"2022","3","D","발달상권","2120231","가락시장","5698","4083","1615","0","368","1051","1564","1654","1061","0","264","836","1185","1098","700","0","104","215","379","556","361"
"2022","3","A","골목상권","2110421","석계역 1번","249","109","140","0","22","37","78","65","47","0","8","16","31","26","28","0","14","21","47","39","19"
"2022","3","R","전통시장","2130310","강남개포시장","298","173","125","0","29","56","71","82","60","0","8","23","42","56","44","0","21","33","29","26","16"
"2022","3","D","발달상권","2120003","광화문역","44202","27021","17181","79","6413","12958","13138","8070","3544","12","2655","7612","8988","5645","2109","67","3758","5346","4150","2425","1435"
"2022","3","A","골목상권","2110397","도봉산입구","469","257","212","0","31","56","101","131","150","0","6","34","39","73","105","0","25","22","62","58","45"
"2022","3","A","골목상권","2110436","상계제일중학교","93","60","33","0","15","21","33","20","4","0","5","13","23","15","4","0","10","8","10","5","0"
"2022","3","R","전통시장","2130091","청량종합도매시장","36","27","9","0","1","3","11","14","7","0","0","3","8","10","6","0","1","0","3","4","1"
"2022","3","A","골목상권","2110034","창신1동주민센터","41","35","6","0","2","1","14","13","11","0","2","1","10","11","11","0","0","0","4","2","0"
"2022","3","A","골목상권","2110415","수락산역 4번","635","386","249","5","82","110","155","174","109","5","46","71","85","110","69","0","36","39","70","64","40"
"2022","3","D","발달상권","2120168","서울고교교차로","569","378","191","1","58","166","147","103","94","0","28","98","107","78","67","1","30","68","40","25","27"
"2022","3","A","골목상권","2110412","창동중학교","25","23","2","0","4","7","3","4","7","0","3","7","3","3","7","0","1","0","0","1","0"
"2022","3","A","골목상권","2110960","은광여고","1522","692","830","5","207","255","373","502","180","4","55","110","190","212","121","1","152","145","183","290","59"
"2022","3","A","골목상권","2110191","고려대역 6번","48","41","7","0","1","12","14","9","12","0","1","10","11","8","11","0","0","2","3","1","1"
"2022","3","A","골목상권","2110589","애오개역 3번","58","14","44","0","4","8","19","13","14","0","0","1","5","6","2","0","4","7","14","7","12"
"2022","3","A","골목상권","2110859","난향초등학교","182","113","69","0","11","32","42","52","45","0","0","21","27","30","35","0","11","11","15","22","10"
"2022","3","R","전통시장","2130240","영등포유통상가","1183","753","430","0","95","232","273","252","331","0","52","127","178","168","228","0","43","105","95","84","103"
"2022","3","A","골목상권","2110786","당산역 8번","271","179","92","2","20","41","60","51","97","2","8","21","42","38","68","0","12","20","18","13","29"
"2022","3","A","골목상권","2110816","대방역 6번","521","404","117","1","73","138","153","68","88","1","50","109","114","50","80","0","23","29","39","18","8"
"2022","3","R","전통시장","2130245","영일시장","675","567","108","1","61","189","238","136","50","0","41","148","217","115","46","1","20","41","21","21","4"
"2022","3","A","골목상권","2110775","대동초등학교","61","30","31","0","5","13","20","15","8","0","2","6","6","10","6","0","3","7","14","5","2"
"2022","3","A","골목상권","2110800","영등포동성당","227","153","74","0","26","34","61","66","40","0","13","22","37","46","35","0","13","12","24","20","5"
"2022","3","A","골목상권","2110806","서울시립영등포장애인복지관","76","42","34","0","18","30","13","13","2","0","5","16","9","11","1","0","13","14","4","2","1"
"2022","3","R","전통시장","2130250","삼구시장(로타리상가)","1","0","1","0","0","0","0","1","0","0","0","0","0","0","0","0","0","0","0","1","0"
"2022","3","R","전통시장","2130275","강남골목시장","168","124","44","0","17","40","46","35","30","0","15","33","30","24","22","0","2","7","16","11","8"
"2022","3","R","전통시장","2130279","관악신사시장","120","63","57","0","17","20","27","37","19","0","5","10","16","20","12","0","12","10","11","17","7"
"2022","3","A","골목상권","2110863","난우초등학교","319","179","140","6","40","61","63","79","70","5","23","30","38","36","47","1","17","31","25","43","23"
"2022","3","A","골목상권","2110188","용두동신동아아파트","807","607","200","8","104","178","229","191","97","2","68","150","181","132","74","6","36","28","48","59","23"
"2022","3","R","전통시장","2130144","백운시장","38","17","21","0","0","3","13","14","8","0","0","0","5","5","7","0","0","3","8","9","1"
"2022","3","A","골목상권","2111090","강일동주민센터","91","35","56","0","15","30","23","17","6","0","1","10","10","10","4","0","14","20","13","7","2"
"2022","2","R","전통시장","2130301","양재시장","35","22","13","0","2","10","9","7","7","0","1","7","6","3","5","0","1","3","3","4","2"
"2022","2","A","골목상권","2110477","은평세무서","434","205","229","0","43","62","106","141","82","0","15","23","49","71","47","0","28","39","57","70","35"
"2022","2","A","골목상권","2111090","강일동주민센터","91","35","56","0","15","30","23","17","6","0","1","10","10","10","4","0","14","20","13","7","2"
"2022","2","D","발달상권","2120062","신설동역","12641","5433","7208","13","1215","2605","3449","3480","1879","2","445","1435","1625","1123","803","11","770","1170","1824","2357","1076"
"2022","2","R","전통시장","2130203","서서울 골목형상점가","34","7","27","0","2","7","10","12","3","0","0","0","2","4","1","0","2","7","8","8","2"
"2022","2","A","골목상권","2110103","옥수터널","13","11","2","1","0","2","2","6","2","0","0","2","2","5","2","1","0","0","0","1","0"
"2022","2","A","골목상권","2111061","암사역 1번","831","551","280","0","149","186","182","170","144","0","82","128","126","125","90","0","67","58","56","45","54"
"2022","2","A","골목상권","2110464","연신내역 5번","301","170","131","4","32","53","93","85","34","4","18","28","44","49","27","0","14","25","49","36","7"
"2022","2","R","전통시장","2130077","조양시장","31","19","12","0","11","7","8","5","0","0","6","5","4","4","0","0","5","2","4","1","0"
"2022","2","D","발달상권","2120186","가로수길","6518","3580","2938","19","1316","2133","1570","895","585","5","447","1174","950","573","431","14","869","959","620","322","154"
"2022","2","R","전통시장","2130121","길음시장","91","19","72","0","36","24","10","8","13","0","2","5","3","2","7","0","34","19","7","6","6"
"2022","2","R","전통시장","2130103","이경시장","16","8","8","0","0","1","2","2","11","0","0","1","1","1","5","0","0","0","1","1","6"
"2022","2","R","전통시장","2130259","대신시장","12","9","3","0","1","0","5","2","4","0","1","0","3","2","3","0","0","0","2","0","1"
"2022","2","A","골목상권","2110456","구산보건지소","966","543","423","3","284","226","177","146","130","1","123","112","94","96","117","2","161","114","83","50","13"
"2022","2","A","골목상권","2110850","사당역 10번","969","487","482","4","217","207","185","162","194","1","54","88","92","95","157","3","163","119","93","67","37"
"2022","2","A","골목상권","2110860","호림박물관(성보고등학교)","410","314","96","1","57","102","66","110","74","1","44","84","47","78","60","0","13","18","19","32","14"
"2022","2","A","골목상권","2110278","망우본동주민센터","279","168","111","1","32","46","78","83","39","0","10","25","44","57","32","1","22","21","34","26","7"
"2022","2","D","발달상권","2120197","역삼역","58694","38567","20127","93","10088","18053","15887","10835","3738","43","5227","11916","11864","7079","2438","50","4861","6137","4023","3756","1300"
"2022","2","A","골목상권","2110902","사당역 4번","1201","739","462","1","193","270","296","250","191","0","84","171","204","158","122","1","109","99","92","92","69"
"2022","2","A","골목상권","2110465","연신내역 7번","229","110","119","3","36","48","55","52","35","2","11","25","24","23","25","1","25","23","31","29","10"
"2022","2","D","발달상권","2120092","불광역","274","147","127","0","33","51","83","52","55","0","12","29","44","21","41","0","21","22","39","31","14"
"2022","2","A","골목상권","2110471","응암동우체국","258","110","148","0","33","58","70","72","25","0","10","17","25","36","22","0","23","41","45","36","3"
"2022","2","A","골목상권","2110448","상신초등학교입구","120","76","44","1","20","27","26","26","20","1","17","17","12","14","15","0","3","10","14","12","5"
"2022","2","A","골목상권","2110482","연신초등학교","45","19","26","0","2","5","16","19","3","0","0","0","6","11","2","0","2","5","10","8","1"
"2022","2","D","발달상권","2120113","오목교역","628","372","256","2","96","144","162","136","88","1","45","79","94","92","61","1","51","65","68","44","27"
"2022","2","A","골목상권","2110703","개봉역","569","449","120","4","28","60","119","170","188","3","16","35","79","141","175","1","12","25","40","29","13"
"2022","2","A","골목상권","2110606","신한은행 신월동지점","521","288","233","1","49","80","143","144","104","1","26","42","76","66","77","0","23","38","67","78","27"
"2022","2","A","골목상권","2110615","신서초등학교","87","63","24","0","20","21","27","13","6","0","14","18","18","8","5","0","6","3","9","5","1"
"2022","2","A","골목상권","2110600","신월7동주민센터","350","263","87","0","32","30","66","101","121","0","17","14","38","79","115","0","15","16","28","22","6"
"2022","2","A","골목상권","2110658","화곡초등학교","253","153","100","0","21","55","62","69","46","0","10","35","36","44","28","0","11","20","26","25","18"
"2022","2","A","골목상권","2110646","푸른들청소년도서관","782","401","381","1","93","124","208","189","167","1","27","53","103","100","117","0","66","71","105","89","50"
"2022","2","A","골목상권","2110679","염창역 2번","578","407","171","3","90","207","152","80","46","2","50","149","111","58","37","1","40","58","41","22","9"
"2022","2","A","골목상권","2110657","양천향교역 5번","3180","2118","1062","12","334","603","741","695","795","8","191","396","493","385","645","4","143","207","248","310","150"
"2022","2","R","전통시장","2130215","대원종합시장","9","7","2","0","0","1","0","3","5","0","0","1","0","2","4","0","0","0","0","1","1"
"2022","2","A","골목상권","2110672","백석중학교","155","99","56","1","21","37","40","43","13","1","18","26","18","25","11","0","3","11","22","18","2"
"2022","2","A","골목상권","2110660","등촌3동주민센터","4614","2039","2575","10","469","707","766","1291","1371","5","197","427","424","447","539","5","272","280","342","844","832"
"2022","2","D","발달상권","2120120","화곡역","927","405","522","1","177","218","193","196","142","0","46","109","84","81","85","1","131","109","109","115","57"
"2022","2","A","골목상권","2110663","우장산롯데캐슬아파트앞","316","232","84","0","7","25","59","116","109","0","3","18","30","84","97","0","4","7","29","32","12"
"2022","2","A","골목상권","2110656","까치산역 3번","838","498","340","13","89","209","253","192","82","12","52","128","154","93","59","1","37","81","99","99","23"
"2022","2","R","전통시장","2130227","고척골목시장상점가(그라운드 고척)","97","68","29","0","8","22","36","23","8","0","4","13","26","19","6","0","4","9","10","4","2"
"2022","2","A","골목상권","2110629","송정역 4번","190","107","83","0","26","52","54","35","23","0","9","34","28","24","12","0","17","18","26","11","11"
"2022","2","D","발달상권","2120020","시청역_1번","10375","7489","2886","40","2120","3185","2952","1721","357","21","1118","2220","2480","1370","280","19","1002","965","472","351","77"
"2022","2","A","골목상권","2110653","화곡역 2번","910","490","420","1","191","271","239","169","39","0","79","136","119","134","22","1","112","135","120","35","17"
"2022","2","D","발달상권","2120125","구로역","9291","6324","2967","24","1029","2136","2412","2271","1419","12","581","1466","1596","1572","1097","12","448","670","816","699","322"
"2022","2","D","발달상권","2120187","신논현역","13076","7778","5298","64","3624","3962","2984","1673","769","27","1516","2302","2121","1247","565","37","2108","1660","863","426","204"
"2022","2","D","발달상권","2120131","가산디지털단지","81100","53404","27696","289","16340","25683","20119","11582","7087","184","8639","17229","14518","7692","5142","105","7701","8454","5601","3890","1945"
"2022","2","A","골목상권","2110718","한국SGI본부","1614","1061","553","3","308","462","397","336","108","3","167","313","292","220","66","0","141","149","105","116","42"
"2022","2","A","골목상권","2110698","개웅초등학교(개웅중학교)","279","178","101","3","50","50","54","65","57","3","25","32","32","40","46","0","25","18","22","25","11"
"2022","2","A","골목상권","2110721","가리봉파출소","215","104","111","1","6","36","42","42","88","0","2","19","17","22","44","1","4","17","25","20","44"
"2022","2","A","골목상권","2110686","수궁동주민센터","490","245","245","2","50","83","135","127","93","2","25","37","72","61","48","0","25","46","63","66","45"
"2022","2","A","골목상권","2110688","오류지구대","171","60","111","1","18","20","40","59","33","0","7","11","15","19","8","1","11","9","25","40","25"
"2022","2","R","전통시장","2130222","오류시장","132","21","111","0","10","26","46","43","7","0","5","1","4","5","6","0","5","25","42","38","1"
"2022","2","R","전통시장","2130238","은행나무시장","113","71","42","0","22","24","31","22","14","0","13","16","22","14","6","0","9","8","9","8","8"
"2022","2","A","골목상권","2110978","도곡2동주민센터(대치중학교)","331","186","145","0","46","70","72","114","29","0","20","41","47","62","16","0","26","29","25","52","13"
"2022","2","A","골목상권","2110737","금천세무서","506","324","182","8","78","85","96","117","122","0","28","49","51","91","105","8","50","36","45","26","17"
"2022","2","A","골목상권","2110849","이수역 10번","220","130","90","1","37","52","58","40","32","0","12","33","34","25","26","1","25","19","24","15","6"
"2022","2","R","전통시장","2130271","남성역골목시장","467","268","199","1","36","33","39","47","311","1","12","20","22","16","197","0","24","13","17","31","114"
"2022","2","D","발달상권","2120176","논현역 4번","893","566","327","1","130","216","195","168","183","1","67","126","129","106","137","0","63","90","66","62","46"
"2022","2","A","골목상권","2110749","금산초등학교(금천고등학교)","448","273","175","0","61","105","110","121","51","0","33","67","55","82","36","0","28","38","55","39","15"
"2022","2","A","골목상권","2110731","금천구청역 1번 출입구","1041","563","478","7","306","383","206","96","43","2","149","229","102","55","26","5","157","154","104","41","17"
"2022","2","R","전통시장","2130237","박미시장(기능상실)","39","26","13","0","1","6","11","9","12","0","0","2","7","8","9","0","1","4","4","1","3"
"2022","2","D","발달상권","2120174","논현역 5번","682","380","302","6","108","196","155","95","122","4","39","108","90","59","80","2","69","88","65","36","42"
"2022","2","A","골목상권","2110836","상도역 5번","3057","1846","1211","9","550","798","701","647","352","2","238","486","453","447","220","7","312","312","248","200","132"
"2022","2","A","골목상권","2110827","NH농협은행 상도동지점","262","93","169","0","39","51","73","65","34","0","11","18","20","28","16","0","28","33","53","37","18"
"2022","2","A","골목상권","2110848","양지어린이공원","486","307","179","0","36","68","152","132","98","0","6","39","85","93","84","0","30","29","67","39","14"
"2022","2","R","전통시장","2130272","사당시장","45","20","25","0","4","6","10","11","14","0","0","1","4","6","9","0","4","5","6","5","5"
"2022","2","R","전통시장","2130260","신대방1동골목상권","70","31","39","0","8","22","15","15","10","0","0","7","7","10","7","0","8","15","8","5","3"
"2022","2","A","골목상권","2110840","중앙대학교","165","92","73","0","24","22","52","43","24","0","12","12","32","21","15","0","12","10","20","22","9"
"2022","2","A","골목상권","2110928","서초우방유쉘아파트","596","491","105","1","57","109","125","205","99","1","29","76","109","190","86","0","28","33","16","15","13"
"2022","2","A","골목상권","2110907","방배초등학교","878","506","372","8","144","197","239","157","133","5","66","109","122","99","105","3","78","88","117","58","28"
"2022","2","A","골목상권","2110912","방배동사이길","210","128","82","3","33","45","53","42","34","2","16","27","39","21","23","1","17","18","14","21","11"
"2022","2","R","전통시장","2130296","남부종합시장","85","63","22","0","2","8","25","35","15","0","1","8","16","24","14","0","1","0","9","11","1"
"2022","2","A","골목상권","2110974","언주중학교","292","179","113","3","60","72","89","44","24","3","27","43","62","28","16","0","33","29","27","16","8"
"2022","2","A","골목상권","2111018","풍납초등학교(풍납백제문화공원)","26","23","3","0","1","5","10","6","4","0","1","4","8","6","4","0","0","1","2","0","0"
"2022","2","A","골목상권","2110437","당고개역 2번","116","40","76","0","16","23","25","41","11","0","5","11","9","10","5","0","11","12","16","31","6"
"2022","2","A","골목상권","2110914","내방역 6번","146","116","30","0","26","31","37","26","26","0","17","26","26","24","23","0","9","5","11","2","3"
"2022","2","D","발달상권","2120240","개롱역","1609","1102","507","7","212","314","404","431","241","5","125","230","269","295","178","2","87","84","135","136","63"
"2022","2","A","골목상권","2110983","국립국악고등학교","783","534","249","6","126","212","125","145","169","2","44","137","94","111","146","4","82","75","31","34","23"
"2022","2","R","전통시장","2130305","논현종합시장","85","43","42","0","21","14","14","19","17","0","7","7","6","14","9","0","14","7","8","5","8"
"2022","2","A","골목상권","2111031","장지동주민센터(한림연예예술고교)","3127","2317","810","8","263","415","651","857","933","2","170","330","497","648","670","6","93","85","154","209","263"
"2022","2","A","골목상권","2111013","송파나루역 1번(송리단길)","2234","1456","778","8","320","568","650","435","253","3","160","384","445","290","174","5","160","184","205","145","79"
"2022","2","A","골목상권","2111015","석촌역 3번","1352","778","574","1","151","315","350","351","184","1","72","199","216","181","109","0","79","116","134","170","75"
"2022","2","A","골목상권","2110532","아현역 2번","330","205","125","0","52","33","48","78","119","0","17","13","23","57","95","0","35","20","25","21","24"
"2022","2","A","골목상권","2110297","경동고등학교","654","311","343","0","74","123","156","164","137","0","31","65","74","79","62","0","43","58","82","85","75"
"2022","2","D","발달상권","2120081","노원역","1552","508","1044","9","369","295","343","307","229","2","66","87","125","121","107","7","303","208","218","186","122"
"2022","2","D","발달상권","2120017","동묘앞역(동묘)","626","149","477","0","62","124","251","120","69","0","7","33","35","27","47","0","55","91","216","93","22"
"2022","2","A","골목상권","2110223","군자초등학교","94","56","38","0","13","17","26","24","14","0","4","10","17","15","10","0","9","7","9","9","4"
"2022","2","R","전통시장","2130146","쌍문시장(쌍문역골목시장)","263","124","139","0","29","33","54","80","67","0","10","12","28","32","42","0","19","21","26","48","25"
"2022","2","D","발달상권","2120225","잠실새내역(신천)","5750","3738","2012","25","929","1190","1248","1210","1148","3","467","728","831","853","856","22","462","462","417","357","292"
"2022","2","A","골목상권","2110224","외대앞역 2번","95","39","56","0","9","14","16","27","29","0","2","4","9","15","9","0","7","10","7","12","20"
"2022","2","D","발달상권","2120241","거여역","1197","650","547","5","110","221","296","277","288","2","80","152","161","83","172","3","30","69","135","194","116"
"2022","2","A","골목상권","2111066","암사동성당(효정하나플러스아파트)","395","235","160","3","40","95","100","106","51","0","9","46","65","84","31","3","31","49","35","22","20"
"2022","2","R","전통시장","2130316","마천시장","18","9","9","0","3","3","2","10","0","0","2","2","2","3","0","0","1","1","0","7","0"
"2022","2","A","골목상권","2110413","누원고등학교","54","33","21","0","8","11","12","11","12","0","5","8","5","5","10","0","3","3","7","6","2"
"2022","2","R","전통시장","2130312","석촌시장","619","270","349","1","20","40","81","170","307","1","9","23","43","41","153","0","11","17","38","129","154"
"2022","2","A","골목상권","2111029","오금역 4번","427","314","113","3","71","108","91","79","75","1","51","81","67","55","59","2","20","27","24","24","16"
"2022","2","A","골목상권","2110015","청와대사랑채","578","345","233","0","64","147","166","126","75","0","16","63","110","91","65","0","48","84","56","35","10"
"2022","2","A","골목상권","2110192","동의보감타워","70","45","25","0","7","10","25","16","12","0","2","6","17","10","10","0","5","4","8","6","2"
"2022","2","D","발달상권","2120107","공덕역(공덕오거리)","13077","7619","5458","43","2471","3470","3552","3026","515","9","1021","2002","2300","1900","387","34","1450","1468","1252","1126","128"
"2022","2","D","발달상권","2120244","암사역","916","401","515","0","70","85","103","111","547","0","14","44","49","42","252","0","56","41","54","69","295"
"2022","2","A","골목상권","2111075","굽은다리역 2번","192","115","77","0","14","42","52","54","30","0","14","28","24","33","16","0","0","14","28","21","14"
"2022","2","A","골목상권","2111070","천호초등학교","127","73","54","1","7","23","40","28","28","0","3","10","23","17","20","1","4","13","17","11","8"
"2022","2","R","전통시장","2130321","장신구 특화거리 상점가","433","269","164","0","92","114","88","92","47","0","43","72","56","61","37","0","49","42","32","31","10"
"2022","2","A","골목상권","2110084","경리단길북측","315","168","147","0","47","85","84","57","42","0","23","36","39","36","34","0","24","49","45","21","8"
"2022","2","A","골목상권","2110065","남정초등학교","137","92","45","0","17","45","48","17","10","0","9","37","31","10","5","0","8","8","17","7","5"
"2022","2","A","골목상권","2110042","남산골공원옆","994","621","373","3","121","221","287","251","111","0","43","127","198","179","74","3","78","94","89","72","37"
"2022","2","A","골목상권","2110073","삼각지역 3번","7916","2353","5563","56","2498","2872","1896","491","103","25","856","912","415","109","36","31","1642","1960","1481","382","67"
"2022","2","R","전통시장","2130051","동화동 골목형상점가","391","156","235","1","82","94","98","66","50","1","18","25","43","36","33","0","64","69","55","30","17"
"2022","2","A","골목상권","2110064","효창공원앞역 2번","925","527","398","2","126","275","263","160","99","1","49","160","162","88","67","1","77","115","101","72","32"
"2022","2","A","골목상권","2110072","열정도","374","244","130","6","108","96","78","51","35","0","51","71","62","37","23","6","57","25","16","14","12"
"2022","2","A","골목상권","2110170","동대부여고","189","105","84","1","35","39","58","39","17","0","16","16","35","26","12","1","19","23","23","13","5"
"2022","2","R","전통시장","2130082","면곡골목시장","20","11","9","0","4","0","1","9","6","0","4","0","0","3","4","0","0","0","1","6","2"
"2022","2","A","골목상권","2110323","상월곡역 1번","109","30","79","2","25","24","28","18","12","0","4","5","11","5","5","2","21","19","17","13","7"
"2022","2","A","골목상권","2110507","명지대학교","1537","1156","381","29","392","636","318","129","33","26","257","481","282","83","27","3","135","155","36","46","6"
"2022","2","D","발달상권","2120158","녹두거리(대학동)","695","550","145","2","31","73","200","279","110","0","7","41","163","241","98","2","24","32","37","38","12"
"2022","2","A","골목상권","2110583","공덕래미안3차아파트","316","164","152","0","44","98","102","57","15","0","7","54","60","35","8","0","37","44","42","22","7"
"2022","2","A","골목상권","2110811","보라매역 4번","187","94","93","0","22","41","49","52","23","0","8","22","18","27","19","0","14","19","31","25","4"
"2022","2","A","골목상권","2110766","대림역 5번","360","205","155","0","30","82","85","99","64","0","15","54","42","56","38","0","15","28","43","43","26"
"2022","2","R","전통시장","2130255","영등포전통시장","45","29","16","0","1","7","5","10","22","0","1","5","3","4","16","0","0","2","2","6","6"
"2022","2","A","골목상권","2110872","신림초등학교","277","195","82","3","54","68","69","53","30","3","36","54","54","41","7","0","18","14","15","12","23"
"2022","2","A","골목상권","2110971","선정릉역 4번","1542","900","642","11","278","455","380","254","164","6","140","270","245","120","119","5","138","185","135","134","45"
"2022","2","D","발달상권","2120047","한남오거리","2290","1458","832","11","366","751","623","343","196","9","152","461","438","249","149","2","214","290","185","94","47"
"2022","2","A","골목상권","2110112","행당역 2번","205","100","105","0","37","37","36","53","42","0","14","19","15","26","26","0","23","18","21","27","16"
"2022","2","R","전통시장","2130012","동대문종합시장(동대문종합시장 신관, 동대문종합시장D동상가)","1319","965","354","2","156","325","348","339","149","0","116","251","238","247","113","2","40","74","110","92","36"
"2022","2","A","골목상권","2110109","금호삼성래미안아파트","92","39","53","0","7","10","12","42","21","0","2","6","3","15","13","0","5","4","9","27","8"
"2022","2","A","골목상권","2110025","충신시장옆","213","129","84","2","17","46","63","56","29","0","6","23","43","33","24","2","11","23","20","23","5"
"2022","2","A","골목상권","2110011","청운초등학교","263","188","75","0","21","105","79","43","15","0","21","95","44","16","12","0","0","10","35","27","3"
"2022","2","R","전통시장","2130087","경동광성상가(경동시장)","28","20","8","0","5","3","8","7","5","0","3","2","6","5","4","0","2","1","2","2","1"
"2022","2","R","전통시장","2130025","삼익패션타운(남대문시장)","5494","2675","2819","69","1760","1561","1124","794","186","31","674","837","763","292","78","38","1086","724","361","502","108"
"2022","2","D","발달상권","2120019","경찰청앞교차로","5958","3146","2812","26","1051","2221","1625","793","242","8","274","1044","982","619","219","18","777","1177","643","174","23"
"2022","2","D","발달상권","2120025","롯데백화점(시청광장 지하쇼핑센터)","22641","6272","16369","229","12750","7002","1623","944","93","71","3075","2028","779","248","71","158","9675","4974","844","696","22"
"2022","2","R","전통시장","2130034","필동 골목형상점가","14","7","7","0","2","4","5","2","1","0","1","2","2","2","0","0","1","2","3","0","1"
"2022","2","R","전통시장","2130058","이촌종합시장","109","78","31","0","13","19","25","26","26","0","7","12","15","21","23","0","6","7","10","5","3"
"2022","2","A","골목상권","2110147","능동우편취급국","815","464","351","4","120","172","160","137","222","2","56","88","104","77","137","2","64","84","56","60","85"
"2022","2","R","전통시장","2130046","team204(팀204)","20","13","7","0","1","3","4","2","10","0","0","2","3","1","7","0","1","1","1","1","3"
"2022","2","A","골목상권","2110046","버티고개","106","76","30","0","6","23","41","28","8","0","3","17","29","20","7","0","3","6","12","8","1"
"2022","2","D","발달상권","2120008","인사동","22070","13019","9051","1263","7895","5069","3940","2756","1147","589","4005","3077","2666","2006","676","674","3890","1992","1274","750","471"
"2022","2","A","골목상권","2110144","어린이대공원역 4번","47","23","24","0","5","4","13","16","9","0","1","1","7","8","6","0","4","3","6","8","3"
"2022","2","R","전통시장","2130071","성수역 골목형상점가","335","180","155","1","61","89","70","43","71","0","27","43","43","29","38","1","34","46","27","14","33"
"2022","2","A","골목상권","2110143","뚝섬유원지역 1번","63","26","37","1","5","15","12","20","10","1","0","3","7","7","8","0","5","12","5","13","2"
"2022","2","R","전통시장","2130063","신금호역 골목형상점가","30","21","9","0","2","4","5","9","10","0","1","3","4","7","6","0","1","1","1","2","4"
"2022","2","A","골목상권","2110145","장안초등학교","7","4","3","0","0","1","2","3","1","0","0","0","1","3","0","0","0","1","1","0","1"
"2022","2","A","골목상권","2110243","중랑노인종합복지관","317","126","191","1","32","51","76","111","46","0","7","22","39","36","22","1","25","29","37","75","24"
"2022","2","A","골목상권","2110168","대원고등학교","688","531","157","0","66","102","139","225","156","0","38","73","103","173","144","0","28","29","36","52","12"
"2022","2","A","골목상권","2110233","중랑역 1번","142","46","96","1","23","27","50","35","6","1","6","7","16","11","5","0","17","20","34","24","1"
"2022","2","A","골목상권","2110356","덕수교","228","114","114","0","13","34","55","60","66","0","4","17","22","30","41","0","9","17","33","30","25"
"2022","2","A","골목상권","2110264","면목역 2번","358","170","188","1","52","75","93","80","57","0","21","40","40","37","32","1","31","35","53","43","25"
"2022","2","A","골목상권","2110566","경의선책거리","1690","934","756","2","359","547","406","290","86","1","137","328","252","157","59","1","222","219","154","133","27"
"2022","2","A","골목상권","2110330","돌곶이역 1번","220","172","48","0","12","18","33","31","126","0","4","12","20","23","113","0","8","6","13","8","13"
"2022","2","A","골목상권","2110989","대치동아우편취급국","444","270","174","9","90","148","75","68","54","0","43","102","43","44","38","9","47","46","32","24","16"
"2022","2","A","골목상권","2110493","북가좌초등학교","892","830","62","0","2","19","27","80","764","0","0","12","22","68","728","0","2","7","5","12","36"
"2022","2","A","골목상권","2110343","무너미어린이공원","100","74","26","0","7","21","28","32","12","0","4","14","22","25","9","0","3","7","6","7","3"
"2022","2","A","골목상권","2110320","KB국민은행 종암동지점","72","44","28","0","2","11","24","21","14","0","1","5","12","14","12","0","1","6","12","7","2"
"2022","2","D","발달상권","2120075","월곡역","369","213","156","1","40","86","97","67","78","0","17","48","54","44","50","1","23","38","43","23","28"
"2022","2","A","골목상권","2110283","성북초등학교앞","203","78","125","0","16","33","56","80","18","0","8","10","23","27","10","0","8","23","33","53","8"
"2022","2","A","골목상권","2110349","화계역 2번","83","67","16","0","6","4","21","33","19","0","5","3","12","28","19","0","1","1","9","5","0"
"2022","2","A","골목상권","2110359","수유시장옆","117","67","50","0","12","25","33","36","11","0","3","12","16","29","7","0","9","13","17","7","4"
"2022","2","A","골목상권","2110372","강북중학교","188","100","88","0","21","43","50","48","26","0","17","25","18","20","20","0","4","18","32","28","6"
"2022","2","A","골목상권","2110530","아현역 1번","36","20","16","0","5","5","7","15","4","0","2","5","4","6","3","0","3","0","3","9","1"
"2022","2","R","전통시장","2130129","장미원골목시장","911","571","340","0","15","14","38","89","755","0","1","4","12","40","514","0","14","10","26","49","241"
"2022","2","A","골목상권","2110495","북가좌2동주민센터","501","372","129","0","28","67","125","185","96","0","11","45","88","152","76","0","17","22","37","33","20"
"2022","2","A","골목상권","2110514","서대문우체국","86","19","67","0","26","26","17","9","8","0","0","4","7","4","4","0","26","22","10","5","4"
"2022","2","A","골목상권","2110562","연트럴파크(연남동주민센터)","426","237","189","1","73","118","96","94","44","1","29","76","55","44","32","0","44","42","41","50","12"
"2022","2","R","전통시장","2130185","망원월드컵시장","190","123","67","1","26","69","53","25","16","1","14","43","35","16","14","0","12","26","18","9","2"
"2022","2","A","골목상권","2110757","양평역 2번","1501","1114","387","1","111","230","356","424","379","0","51","176","286","314","287","1","60","54","70","110","92"
"2022","2","A","골목상권","2110502","남가좌파출소","290","147","143","0","29","34","73","92","62","0","14","16","35","47","35","0","15","18","38","45","27"
"2022","2","A","골목상권","2110496","모래내우체국","611","333","278","2","88","190","160","89","82","2","20","100","117","42","52","0","68","90","43","47","30"
"2022","2","A","골목상권","2110551","성서초등학교","803","387","416","1","110","164","235","172","121","1","42","90","114","81","59","0","68","74","121","91","62"
"2022","2","A","골목상권","2110565","홍익대","107","64","43","0","16","32","34","19","6","0","8","15","23","13","5","0","8","17","11","6","1"
"2022","2","R","전통시장","2130175","신촌 상인회(신촌상점가)","13","5","8","0","1","3","5","4","0","0","1","0","1","3","0","0","0","3","4","1","0"
"2022","2","A","골목상권","2110578","대흥역 2번","2091","1413","678","2","213","337","391","638","510","1","80","225","309","452","346","1","133","112","82","186","164"
"2022","2","D","발달상권","2120138","당산2동(영등포우체국)","2754","1653","1101","23","745","579","479","488","440","15","395","347","312","309","275","8","350","232","167","179","165"
"2022","2","R","전통시장","2130186","망원시장","178","84","94","0","16","30","47","50","35","0","13","19","20","17","15","0","3","11","27","33","20"
"2022","2","A","골목상권","2110563","상수역 3번","355","274","81","12","83","130","78","23","29","10","63","101","61","16","23","2","20","29","17","7","6"
"2022","2","D","발달상권","2120159","서울대입구역","1430","763","667","12","289","320","321","238","250","6","116","164","174","133","170","6","173","156","147","105","80"
"2022","2","A","골목상권","2110756","문래중학교","275","179","96","0","48","79","78","35","35","0","21","58","52","21","27","0","27","21","26","14","8"
"2022","2","R","전통시장","2130285","서원동상점가","615","316","299","4","28","56","85","160","282","1","17","38","45","60","155","3","11","18","40","100","127"
"2022","2","A","골목상권","2110864","신림우방아파트","236","161","75","0","31","48","53","60","44","0","21","31","37","43","29","0","10","17","16","17","15"
"2022","2","A","골목상권","2110772","신우어린이공원","94","55","39","0","9","15","22","26","22","0","5","8","12","19","11","0","4","7","10","7","11"
"2022","2","R","전통시장","2130289","봉일시장","36","20","16","1","1","2","5","14","13","0","0","1","5","3","11","1","1","1","0","11","2"
"2022","2","R","전통시장","2130282","난곡 골목형상점가","20","8","12","0","4","2","10","4","0","0","2","1","4","1","0","0","2","1","6","3","0"
"2022","2","A","골목상권","2110874","원신초등학교(구세군관악영문교회)","46","15","31","1","4","19","7","12","3","1","1","3","3","6","1","0","3","16","4","6","2"
"2022","2","A","골목상권","2110410","방학역 2번","957","833","124","3","75","187","185","224","283","2","61","162","154","194","260","1","14","25","31","30","23"
"2022","2","D","발달상권","2120201","도곡1동","11559","6387","5172","116","3565","3472","2482","1299","625","31","1365","2021","1730","754","486","85","2200","1451","752","545","139"
"2022","2","R","전통시장","2130308","청담삼익시장","48","30","18","0","5","11","13","7","12","0","3","6","8","4","9","0","2","5","5","3","3"
"2022","2","A","골목상권","2110977","논현로18길","148","102","46","0","22","32","45","29","20","0","14","20","33","20","15","0","8","12","12","9","5"
"2022","2","A","골목상권","2110969","베르사이유1아파트","1546","1230","316","4","231","442","483","285","101","2","165","345","402","239","77","2","66","97","81","46","24"
"2022","2","R","전통시장","2130020","동묘시장(동묘벼룩시장)","407","177","230","5","154","93","73","58","24","5","43","31","45","32","21","0","111","62","28","26","3"
"2022","2","D","발달상권","2120082","상계백병원","426","148","278","0","85","102","118","82","39","0","21","24","39","43","21","0","64","78","79","39","18"
"2022","2","R","전통시장","2130206","신정3동 골목시장","20","6","14","0","0","5","11","2","2","0","0","0","3","1","2","0","0","5","8","1","0"
"2022","2","R","전통시장","2130100","답십리시장","93","40","53","2","19","25","23","11","13","2","4","9","11","6","8","0","15","16","12","5","5"
"2022","2","R","전통시장","2130153","창동역상점가","229","138","91","0","18","48","54","56","53","0","7","31","30","31","39","0","11","17","24","25","14"
"2022","2","R","전통시장","2130088","경동시장","126","57","69","0","18","32","24","17","35","0","3","11","11","10","22","0","15","21","13","7","13"
"2022","2","A","골목상권","2110435","서울과학기술대","73","40","33","0","5","12","18","25","13","0","3","4","8","14","11","0","2","8","10","11","2"
"2022","2","A","골목상권","2110489","불광역 3번","35","25","10","0","3","7","10","10","5","0","3","4","7","6","5","0","0","3","3","4","0"
"2022","2","A","골목상권","2110431","상계역","124","72","52","1","16","24","28","37","18","0","2","13","17","27","13","1","14","11","11","10","5"
"2022","2","D","발달상권","2120089","구파발역","1","0","1","0","0","0","1","0","0","0","0","0","0","0","0","0","0","0","1","0","0"
"2022","2","A","골목상권","2110931","삼성전자서울R&D(서울우면초등학교)","100","51","49","0","37","31","18","7","7","0","12","16","10","7","6","0","25","15","8","0","1"
"2022","2","R","전통시장","2130086","서울약령시장","1184","651","533","4","113","208","305","341","213","0","56","128","165","181","121","4","57","80","140","160","92"
"2022","2","A","골목상권","2110195","동대문구청","221","115","106","0","41","58","47","40","35","0","12","28","23","27","25","0","29","30","24","13","10"
"2022","2","R","전통시장","2130036","중부시장(신중부시장)","3089","921","2168","8","1868","593","250","198","172","3","316","189","171","120","122","5","1552","404","79","78","50"
"2022","2","A","골목상권","2110249","중화역 1번","783","496","287","0","71","131","213","207","161","0","34","62","112","143","145","0","37","69","101","64","16"
"2022","2","A","골목상권","2110790","대림1동주민센터","739","336","403","1","74","163","280","161","60","1","46","71","88","77","53","0","28","92","192","84","7"
"2022","2","A","골목상권","2110036","동묘앞역 3번","65","42","23","0","3","7","20","15","20","0","1","3","10","13","15","0","2","4","10","2","5"
"2022","2","A","골목상권","2110303","성신여대입구역 1번","138","97","41","1","7","35","44","27","24","0","2","22","28","25","20","1","5","13","16","2","4"
"2022","2","A","골목상권","2110855","신대방역 2번","429","275","154","2","53","111","126","90","47","0","22","81","83","55","34","2","31","30","43","35","13"
"2022","2","A","골목상권","2110451","증산역 4번","1296","986","310","2","153","384","374","298","85","2","78","294","312","235","65","0","75","90","62","63","20"
"2022","2","A","골목상권","2110450","시립서북병원","1576","644","932","4","301","361","344","339","227","2","124","172","146","108","92","2","177","189","198","231","135"
"2022","2","A","골목상권","2110483","연천초등학교","147","90","57","0","13","21","45","22","46","0","5","11","31","13","30","0","8","10","14","9","16"
"2022","2","A","골목상권","2110487","불광역 8번","63","35","28","0","11","22","15","8","7","0","6","11","7","8","3","0","5","11","8","0","4"
"2022","2","R","전통시장","2130171","불광먹자골목 골목형상점가","155","54","101","0","18","31","24","37","45","0","4","9","11","16","14","0","14","22","13","21","31"
"2022","2","R","전통시장","2130167","연신내상점가(연빛거리)","636","239","397","1","144","143","157","120","71","1","31","52","57","53","45","0","113","91","100","67","26"
"2022","2","R","전통시장","2130224","개봉프라자(고척근린시장)","5","4","1","0","0","0","1","2","2","0","0","0","1","1","2","0","0","0","0","1","0"
"2022","2","A","골목상권","2110602","신월시영아파트중문","644","574","70","1","7","22","68","238","308","0","4","13","52","214","291","1","3","9","16","24","17"
"2022","2","A","골목상권","2110474","세명컴퓨터고등학교","196","68","128","0","12","41","40","59","44","0","3","19","15","11","20","0","9","22","25","48","24"
"2022","2","R","전통시장","2130168","연서시장","242","157","85","0","19","50","53","65","55","0","5","23","33","49","47","0","14","27","20","16","8"
"2022","2","D","발달상권","2120114","목동신시가지","13614","9392","4222","46","2086","3824","3484","2915","1259","29","1130","2623","2555","2209","846","17","956","1201","929","706","413"
"2022","2","R","전통시장","2130210","목2동시장","432","251","181","1","66","124","122","71","48","1","40","69","70","39","32","0","26","55","52","32","16"
"2022","2","D","발달상권","2120109","서울남부지방법원","608","342","266","2","56","104","110","170","166","1","18","40","50","104","129","1","38","64","60","66","37"
"2022","2","R","전통시장","2130201","월정로시장","27","17","10","0","2","8","10","7","0","0","0","7","6","4","0","0","2","1","4","3","0"
"2022","2","A","골목상권","2110035","동묘앞역 2번","276","161","115","2","18","43","75","88","50","0","5","18","42","65","31","2","13","25","33","23","19"
"2022","2","A","골목상권","2110190","고대앞사거리","195","92","103","0","22","34","34","45","60","0","4","18","22","19","29","0","18","16","12","26","31"
"2022","2","A","골목상권","2110634","송정역 3번","664","434","230","0","64","143","178","145","134","0","33","90","116","101","94","0","31","53","62","44","40"
"2022","2","A","골목상권","2110630","공항시장역 1번","1472","1008","464","0","157","294","298","328","395","0","67","180","202","240","319","0","90","114","96","88","76"
"2022","2","A","골목상권","2110636","방화역 2번","152","76","76","1","25","49","41","21","15","0","9","26","27","4","10","1","16","23","14","17","5"
"2022","2","D","발달상권","2120124","개봉동 현대아파트","461","205","256","0","63","89","119","82","108","0","18","26","49","43","69","0","45","63","70","39","39"
"2022","2","A","골목상권","2110674","강서구청가양동별관","491","327","164","1","69","102","106","109","104","1","54","78","63","51","80","0","15","24","43","58","24"
"2022","2","R","전통시장","2130219","까치산시장","124","37","87","0","16","18","39","32","19","0","4","6","9","9","9","0","12","12","30","23","10"
"2022","2","D","발달상권","2120122","강서구청","2137","1208","929","4","308","444","489","437","455","2","103","218","267","256","362","2","205","226","222","181","93"
"2022","2","A","골목상권","2110666","KC대학교","257","131","126","0","26","51","66","72","42","0","16","23","31","26","35","0","10","28","35","46","7"
"2022","2","A","골목상권","2110667","가양역 10번","177","126","51","0","33","32","56","36","20","0","21","20","38","29","18","0","12","12","18","7","2"
"2022","2","A","골목상권","2110650","우장산힐스테이트","146","118","28","0","24","30","52","21","19","0","15","25","43","18","17","0","9","5","9","3","2"
"2022","2","A","골목상권","2110700","고척초등학교","3249","2648","601","3","209","680","974","1176","207","2","119","533","803","1021","170","1","90","147","171","155","37"
"2022","2","A","골목상권","2110652","양천향교역 2번","643","483","160","0","70","131","146","169","127","0","32","102","104","139","106","0","38","29","42","30","21"
"2022","2","A","골목상권","2110642","정곡초등학교","193","163","30","2","8","14","35","69","65","1","4","10","30","58","60","1","4","4","5","11","5"
"2022","2","D","발달상권","2120127","구로구청","5918","3878","2040","6","614","1229","1440","1444","1185","5","365","976","1050","808","674","1","249","253","390","636","511"
"2022","2","R","전통시장","2130229","남구로시장","249","139","110","1","16","53","61","62","56","0","7","30","31","32","39","1","9","23","30","30","17"
"2022","2","D","발달상권","2120171","서초3동사거리","11750","6206","5544","15","1990","3845","2551","1862","1487","6","827","1746","1496","1064","1067","9","1163","2099","1055","798","420"
"2022","2","A","골목상권","2110704","고척중학교","62","36","26","0","12","23","10","12","5","0","7","12","3","11","3","0","5","11","7","1","2"
"2022","2","A","골목상권","2110715","구로구민회관","93","64","29","0","13","15","30","27","8","0","5","11","20","21","7","0","8","4","10","6","1"
"2022","2","D","발달상권","2120123","오류동역","2120","1645","475","1","313","413","505","594","294","0","276","331","389","425","224","1","37","82","116","169","70"
"2022","2","A","골목상권","2110748","백산초등학교","102","64","38","0","6","19","21","26","30","0","2","9","11","22","20","0","4","10","10","4","10"
"2022","2","A","골목상권","2110726","금천철쭉어린이공원(금하마을)","222","172","50","0","19","25","41","62","75","0","17","16","22","45","72","0","2","9","19","17","3"
"2022","2","A","골목상권","2110723","가산디지털단지역 1번 출입구","286","247","39","0","6","10","37","130","103","0","6","5","26","113","97","0","0","5","11","17","6"
"2022","2","A","골목상권","2110735","말미고개","520","330","190","0","64","115","140","140","61","0","31","79","94","79","47","0","33","36","46","61","14"
"2022","2","D","발달상권","2120179","양재역","21445","16961","4484","59","3105","7307","5206","3969","1799","34","2177","6101","4309","3030","1310","25","928","1206","897","939","489"
"2022","2","A","골목상권","2110739","시흥3동 우편취급국","1558","585","973","1","167","288","537","525","40","0","50","153","224","133","25","1","117","135","313","392","15"
"2022","2","D","발달상권","2120153","노량진역(노량진)","3699","1844","1855","10","521","1209","935","690","334","2","193","496","461","465","227","8","328","713","474","225","107"
"2022","2","R","전통시장","2130263","신노량진시장(기능상실)","11","3","8","0","0","3","3","5","0","0","0","0","1","2","0","0","0","3","2","3","0"
"2022","2","A","골목상권","2110921","서울프랑스학교","522","321","201","7","63","71","118","142","121","2","30","43","82","90","74","5","33","28","36","52","47"
"2022","2","R","전통시장","2130261","성대전통시장(성대시장)","211","104","107","0","15","47","61","61","27","0","4","26","33","23","18","0","11","21","28","38","9"
"2022","2","A","골목상권","2110845","사당종합체육관","119","51","68","0","9","17","39","36","18","0","5","8","19","9","10","0","4","9","20","27","8"
"2022","2","A","골목상권","2110820","성남고등학교","3101","2470","631","1","651","742","555","991","161","0","438","581","448","879","124","1","213","161","107","112","37"
"2022","2","D","발달상권","2120147","보라매역","1981","1262","719","6","292","455","377","378","473","3","99","312","255","270","323","3","193","143","122","108","150"
"2022","2","A","골목상권","2110823","신대방삼거리역 3번","472","242","230","0","30","45","83","121","193","0","17","26","40","42","117","0","13","19","43","79","76"
"2022","2","A","골목상권","2110919","내방역 8번","1539","1126","413","3","142","311","413","419","251","1","60","179","331","354","201","2","82","132","82","65","50"
"2022","2","D","발달상권","2120067","장안동사거리","2587","1169","1418","9","427","578","671","577","325","7","165","280","258","255","204","2","262","298","413","322","121"
"2022","2","R","전통시장","2130267","본동인정시장(기능상실)","59","41","18","0","6","10","12","15","16","0","4","7","9","8","13","0","2","3","3","7","3"
"2022","2","D","발달상권","2120167","고속터미널(고속터미널역)","5078","2994","2084","6","600","1311","1087","924","1150","5","318","915","786","488","482","1","282","396","301","436","668"
"2022","2","A","골목상권","2110917","서초소방서","1505","939","566","6","157","432","402","355","153","2","72","281","295","181","108","4","85","151","107","174","45"
"2022","2","A","골목상권","2110909","남태령역(서울전자고등학교)","132","97","35","1","11","29","23","34","34","1","4","19","16","29","28","0","7","10","7","5","6"
"2022","2","A","골목상권","2110953","학동근린공원","2487","1583","904","15","679","891","571","218","113","0","336","572","409","180","86","15","343","319","162","38","27"
"2022","2","A","골목상권","2110910","내방역 5번","614","240","374","5","72","124","157","176","80","3","30","69","52","49","37","2","42","55","105","127","43"
"2022","2","A","골목상권","2110906","서문여고","683","362","321","2","217","106","119","106","133","0","59","58","72","62","111","2","158","48","47","44","22"
"2022","2","R","전통시장","2130302","강남시장(강남구 강남시장)","58","33","25","0","13","15","14","8","8","0","7","10","9","2","5","0","6","5","5","6","3"
"2022","2","A","골목상권","2110947","청계산입구역 2번(내곡동주민센터)","121","48","73","0","19","18","29","21","34","0","9","9","15","7","8","0","10","9","14","14","26"
"2022","2","A","골목상권","2110952","논현목련공원","117","65","52","0","21","23","27","22","24","0","9","13","13","14","16","0","12","10","14","8","8"
"2022","2","A","골목상권","2110194","홍파초등학교","112","85","27","0","6","32","24","36","14","0","4","20","20","31","10","0","2","12","4","5","4"
"2022","2","A","골목상권","2110964","싸리고개근린공원","217","124","93","0","29","60","59","34","35","0","8","32","36","23","25","0","21","28","23","11","10"
"2022","2","A","골목상권","2111025","경찰병원역 3번","686","412","274","1","84","164","149","157","131","0","45","102","103","88","74","1","39","62","46","69","57"
"2022","2","D","발달상권","2120232","송파나루역","1269","856","413","0","212","350","295","218","194","0","91","220","204","165","176","0","121","130","91","53","18"
"2022","2","D","발달상권","2120220","대치역","5578","3302","2276","26","1841","2261","972","319","159","2","769","1465","717","225","124","24","1072","796","255","94","35"
"2022","2","A","골목상권","2110232","동대부고","579","413","166","0","41","71","119","175","173","0","14","38","80","134","147","0","27","33","39","41","26"
"2022","2","A","골목상권","2110184","용두사거리","423","215","208","0","81","138","75","77","52","0","39","51","34","51","40","0","42","87","41","26","12"
"2022","2","A","골목상권","2110004","대신고등학교","32","14","18","0","3","4","8","14","3","0","1","0","3","8","2","0","2","4","5","6","1"
"2022","2","A","골목상권","2110291","한성대입구역 3번","345","174","171","2","27","49","96","92","79","0","14","24","50","52","34","2","13","25","46","40","45"
"2022","2","A","골목상권","2110434","태릉입구역 4번","121","62","59","0","13","11","24","35","38","0","3","2","12","22","23","0","10","9","12","13","15"
"2022","2","A","골목상권","2110926","신중초등학교","1610","1175","435","6","193","359","463","382","207","3","114","263","355","292","148","3","79","96","108","90","59"
"2022","2","D","발달상권","2120016","동대문역","193","120","73","1","10","27","45","44","66","0","6","14","20","31","49","1","4","13","25","13","17"
"2022","2","A","골목상권","2111003","삼전역 4번","1991","1333","658","6","249","412","547","436","341","1","160","278","331","307","256","5","89","134","216","129","85"
"2022","2","A","골목상권","2110205","경희대삼거리","82","48","34","0","4","13","23","23","19","0","2","10","7","17","12","0","2","3","16","6","7"
"2022","2","A","골목상권","2111087","고덕중학교(고덕2동주민센터)","197","89","108","0","26","46","62","36","27","0","5","21","26","17","20","0","21","25","36","19","7"
"2022","2","A","골목상권","2111004","삼전역 1번","2036","1331","705","13","263","407","504","376","473","0","108","261","337","239","386","13","155","146","167","137","87"
"2022","2","D","발달상권","2120236","장지역(가든파이브)","4622","3221","1401","15","678","1056","1076","989","808","10","373","711","778","710","639","5","305","345","298","279","169"
"2022","2","A","골목상권","2111001","아래방죽마을공원(율현초등학교)","70","44","26","0","2","10","16","22","20","0","1","7","13","13","10","0","1","3","3","9","10"
"2022","2","A","골목상권","2111046","마천역(마천초등학교)","705","400","305","2","76","145","170","193","119","1","47","85","83","94","90","1","29","60","87","99","29"
"2022","2","A","골목상권","2111009","송파책박물관","127","92","35","1","13","38","27","22","26","0","11","32","17","14","18","1","2","6","10","8","8"
"2022","2","A","골목상권","2111016","송파역 2번","3803","1601","2202","15","1126","1104","801","601","156","8","407","533","427","165","61","7","719","571","374","436","95"
"2022","2","R","전통시장","2130315","문정동 로데오거리 상점가(문정동 로데오거리)","1372","808","564","6","313","289","260","251","253","3","118","168","164","145","210","3","195","121","96","106","43"
"2022","2","R","전통시장","2130089","청량리수산시장","42","33","9","0","4","7","16","6","9","0","3","7","12","4","7","0","1","0","4","2","2"
"2022","2","A","골목상권","2110183","한국의류시험연구원","833","441","392","3","237","305","147","75","66","1","87","160","79","58","56","2","150","145","68","17","10"
"2022","2","A","골목상권","2111051","천호역 6번","407","252","155","2","65","80","90","88","82","1","44","56","58","47","46","1","21","24","32","41","36"
"2022","2","R","전통시장","2130322","고분다리전통시장","8","5","3","0","0","1","2","4","1","0","0","1","1","2","1","0","0","0","1","2","0"
"2022","2","A","골목상권","2111063","강동구립 천호도서관","368","182","186","0","25","44","81","85","133","0","5","15","21","30","111","0","20","29","60","55","22"
"2022","2","R","전통시장","2130318","로데오거리상점가","266","132","134","0","31","43","49","55","88","0","9","12","19","26","66","0","22","31","30","29","22"
"2022","2","A","골목상권","2111050","강동구청(강동구청역 2번)","131","96","35","0","21","14","21","32","43","0","12","5","12","27","40","0","9","9","9","5","3"
"2022","2","A","골목상권","2111064","둔촌동역 4번","157","98","59","0","13","34","47","40","23","0","3","21","30","28","16","0","10","13","17","12","7"
"2022","2","A","골목상권","2111068","강동성심병원","1570","605","965","0","532","392","271","203","172","0","126","134","114","101","130","0","406","258","157","102","42"
"2022","2","A","골목상권","2110056","신당역 3번","506","288","218","0","60","129","115","112","90","0","29","63","68","70","58","0","31","66","47","42","32"
"2022","2","D","발달상권","2120052","성수역","11387","7284","4103","23","2113","2900","2661","2238","1452","12","1170","1971","1783","1298","1050","11","943","929","878","940","402"
"2022","2","A","골목상권","2110156","군자역 5번","624","365","259","0","96","182","174","113","59","0","41","115","102","67","40","0","55","67","72","46","19"
"2022","2","A","골목상권","2110265","망우역 1번","198","91","107","1","23","43","54","57","20","0","7","18","21","32","13","1","16","25","33","25","7"
"2022","2","R","전통시장","2130120","돈암시장(돈암제일시장)","99","23","76","1","20","20","25","18","15","0","0","2","7","8","6","1","20","18","18","10","9"
"2022","2","A","골목상권","2110373","수유역 2번","891","705","186","0","129","255","172","236","99","0","90","208","134","205","68","0","39","47","38","31","31"
"2022","2","A","골목상권","2110345","솔밭공원역 2번","117","48","69","1","14","20","26","38","18","0","3","6","8","18","13","1","11","14","18","20","5"
"2022","2","A","골목상권","2110762","선유도역 1번","3139","2286","853","6","392","669","739","809","524","4","217","459","529","629","448","2","175","210","210","180","76"
"2022","2","A","골목상권","2110122","마장역 2번","464","271","193","1","60","88","117","113","85","1","32","59","68","61","50","0","28","29","49","52","35"
"2022","2","A","골목상권","2110237","메가박스 상봉","274","152","122","0","30","67","97","54","26","0","13","37","48","36","18","0","17","30","49","18","8"
"2022","2","D","발달상권","2120057","아차산역","2218","1220","998","52","412","432","503","468","351","19","236","257","289","206","213","33","176","175","214","262","138"
"2022","2","A","골목상권","2110164","아차산역 5번","731","494","237","3","111","126","143","164","184","0","61","77","101","112","143","3","50","49","42","52","41"
"2022","2","D","발달상권","2120223","휘문고교사거리","9166","5574","3592","20","1785","2926","2736","1401","298","4","1102","2061","1597","609","201","16","683","865","1139","792","97"
"2022","2","A","골목상권","2110409","창동역 2번","3957","2958","999","1","352","962","964","701","977","0","256","794","803","441","664","1","96","168","161","260","313"
"2022","2","A","골목상권","2110146","신자초등학교","735","531","204","0","50","79","208","276","122","0","25","44","156","209","97","0","25","35","52","67","25"
"2022","2","A","골목상권","2110140","건대입구역 6번","552","361","191","6","51","90","136","158","111","5","28","47","82","114","85","1","23","43","54","44","26"
"2022","2","R","전통시장","2130073","뚝도시장","45","17","28","1","3","10","9","11","11","0","0","2","4","5","6","1","3","8","5","6","5"
"2022","2","R","전통시장","2130049","신당 미래유산 먹거리 골목형상점가","42","19","23","0","3","5","9","13","12","0","1","3","0","7","8","0","2","2","9","6","4"
"2022","2","A","골목상권","2110139","자양4동주민센터","204","116","88","0","13","28","53","51","59","0","3","14","32","25","42","0","10","14","21","26","17"
"2022","2","R","전통시장","2130022","숭례문수입상가(남대문시장)","1907","850","1057","0","330","855","598","113","11","0","55","378","338","70","9","0","275","477","260","43","2"
"2022","2","A","골목상권","2110044","관성묘","405","300","105","0","50","135","145","51","24","0","24","90","125","44","17","0","26","45","20","7","7"
"2022","2","A","골목상권","2110174","아차산역 1번","432","305","127","1","49","80","115","104","83","1","25","57","76","69","77","0","24","23","39","35","6"
"2022","2","R","전통시장","2130041","신평화패션타운(청계6가 지하도상가)","28","21","7","0","1","5","9","8","5","0","0","4","9","5","3","0","1","1","0","3","2"
"2022","2","R","전통시장","2130043","제일평화시장","43","27","16","0","6","14","13","8","2","0","1","9","9","6","2","0","5","5","4","2","0"
"2022","2","R","전통시장","2130035","방산종합시장(방산시장)","1190","736","454","1","96","200","284","312","297","0","56","117","154","191","218","1","40","83","130","121","79"
"2022","2","A","골목상권","2110052","장충초등학교","484","281","203","0","43","100","132","130","79","0","16","63","75","82","45","0","27","37","57","48","34"
"2022","2","A","골목상권","2110049","장충단 고개","2303","1240","1063","4","566","582","448","431","272","2","174","314","281","257","212","2","392","268","167","174","60"
"2022","2","A","골목상권","2110119","마장지하차도","127","89","38","0","17","26","32","26","26","0","12","22","19","18","18","0","5","4","13","8","8"
"2022","2","A","골목상권","2110126","서울숲역 1번","27","18","9","0","0","7","2","12","6","0","0","6","0","7","5","0","0","1","2","5","1"
"2022","2","A","골목상권","2110588","한겨레신문사","169","92","77","0","34","44","41","33","17","0","14","22","20","21","15","0","20","22","21","12","2"
"2022","2","A","골목상권","2110179","광나루역 1번","911","620","291","0","142","209","188","233","139","0","82","160","157","154","67","0","60","49","31","79","72"
"2022","2","A","골목상권","2110138","송정체육공원","160","79","81","0","15","27","53","41","24","0","4","12","21","23","19","0","11","15","32","18","5"
"2022","2","A","골목상권","2110135","성동세무서","355","182","173","0","41","69","96","66","83","0","7","34","41","34","66","0","34","35","55","32","17"
"2022","2","A","골목상권","2110105","금동어린이공원","43","20","23","0","1","9","12","12","9","0","0","3","3","8","6","0","1","6","9","4","3"
"2022","2","D","발달상권","2120069","상봉역","932","597","335","6","147","258","263","151","107","4","102","158","163","99","71","2","45","100","100","52","36"
"2022","2","A","골목상권","2110152","중곡어린이공원","338","300","38","0","17","29","64","119","109","0","10","21","55","109","105","0","7","8","9","10","4"
"2022","2","A","골목상권","2110157","자양동우체국","1097","891","206","10","352","279","244","141","71","7","300","237","180","106","61","3","52","42","64","35","10"
"2022","2","A","골목상권","2110252","장안제일시장","712","505","207","1","64","101","159","195","192","1","42","73","87","131","171","0","22","28","72","64","21"
"2022","2","R","전통시장","2130107","중랑동부시장(중랑교종합상가)","13","3","10","0","0","1","4","5","3","0","0","0","0","1","2","0","0","1","4","4","1"
"2022","2","A","골목상권","2110307","길음역 7번","158","71","87","0","29","32","52","27","18","0","7","17","23","12","12","0","22","15","29","15","6"
"2022","2","A","골목상권","2110305","보문역 5번","883","661","222","3","165","255","173","133","154","1","99","199","129","103","130","2","66","56","44","30","24"
"2022","2","A","골목상권","2110340","인수중학교","176","99","77","0","24","55","50","29","18","0","8","43","31","7","10","0","16","12","19","22","8"
"2022","2","A","골목상권","2110760","선유도역 6번","1792","1091","701","8","273","444","499","376","192","6","170","256","275","219","165","2","103","188","224","157","27"
"2022","2","A","골목상권","2110306","미아초등학교","291","194","97","2","13","46","66","71","93","0","3","25","39","45","82","2","10","21","27","26","11"
"2022","2","A","골목상권","2110286","한성대입구역 5번","978","468","510","17","187","284","317","122","51","8","70","126","143","83","38","9","117","158","174","39","13"
"2022","2","A","골목상권","2110332","돌곶이역 3번","164","63","101","0","28","29","42","47","18","0","6","18","19","14","6","0","22","11","23","33","12"
"2022","2","A","골목상권","2110371","삼양입구사거리","49","23","26","0","2","7","10","19","11","0","0","3","5","10","5","0","2","4","5","9","6"
"2022","2","R","전통시장","2130005","세운상가가동","137","96","41","0","7","34","35","22","39","0","5","23","28","8","32","0","2","11","7","14","7"
"2022","2","A","골목상권","2110366","광산사거리","91","64","27","0","17","20","17","22","15","0","13","13","11","16","11","0","4","7","6","6","4"
"2022","2","A","골목상권","2110526","봉원사","241","122","119","1","21","43","58","58","60","1","8","22","26","28","37","0","13","21","32","30","23"
"2022","2","A","골목상권","2110355","삼양사거리역 2번","306","254","52","0","8","26","44","103","125","0","1","10","31","94","118","0","7","16","13","9","7"
"2022","2","A","골목상권","2110536","돈의문센트레빌아파트입구","141","105","36","0","12","23","61","32","13","0","7","17","50","21","10","0","5","6","11","11","3"
"2022","2","A","골목상권","2110522","홍제역 3번","8","3","5","0","3","0","1","1","3","0","0","0","0","1","2","0","3","0","1","0","1"
"2022","2","A","골목상권","2110778","구로디지털단지역 4번","1615","878","737","0","248","461","489","233","184","0","122","282","196","145","133","0","126","179","293","88","51"
"2022","2","R","전통시장","2130242","대림중앙 골목형상점가","68","21","47","0","4","14","21","24","5","0","1","6","5","5","4","0","3","8","16","19","1"
"2022","2","A","골목상권","2110763","영등포구청역 2번","480","353","127","2","84","147","107","84","56","0","53","100","79","72","49","2","31","47","28","12","7"
"2022","2","A","골목상권","2110500","남가좌동현대아파트","74","54","20","0","12","13","23","22","4","0","8","9","17","17","3","0","4","4","6","5","1"
"2022","2","A","골목상권","2110569","홍대땡땡거리","358","153","205","2","62","108","97","53","36","1","18","48","46","19","21","1","44","60","51","34","15"
"2022","2","D","발달상권","2120150","63빌딩","7632","4749","2883","29","989","1932","2741","1691","250","5","494","1296","1379","1422","153","24","495","636","1362","269","97"
"2022","2","A","골목상권","2110501","연희어린이공원","214","82","132","0","12","33","40","75","54","0","3","20","15","18","26","0","9","13","25","57","28"
"2022","2","D","발달상권","2120151","보라매공원","2417","1455","962","6","401","736","707","383","184","4","194","433","450","237","137","2","207","303","257","146","47"
"2022","2","A","골목상권","2110577","용강동주민센터","145","105","40","0","15","42","47","31","10","0","12","31","38","17","7","0","3","11","9","14","3"
"2022","2","R","전통시장","2130011","충신시장","88","44","44","0","19","19","20","17","13","0","7","11","8","8","10","0","12","8","12","9","3"
"2022","2","A","골목상권","2110556","절두산순교성지","176","112","64","3","17","42","58","39","17","3","8","27","39","24","11","0","9","15","19","15","6"
"2022","2","R","전통시장","2130198","아현시장","203","45","158","1","51","84","52","10","5","0","8","5","26","4","2","1","43","79","26","6","3"
"2022","2","A","골목상권","2110784","신대림초등학교","76","42","34","0","3","11","18","36","8","0","0","7","12","18","5","0","3","4","6","18","3"
"2022","2","R","전통시장","2130295","인헌시장(원당종합시장)","122","48","74","0","20","27","38","23","14","0","3","9","16","12","8","0","17","18","22","11","6"
"2022","2","R","전통시장","2130288","신림현대종합상가","2","0","2","0","1","1","0","0","0","0","0","0","0","0","0","0","1","1","0","0","0"
"2022","2","A","골목상권","2110888","청룡동주민센터","94","53","41","0","5","9","11","22","47","0","3","2","4","6","38","0","2","7","7","16","9"
"2022","2","A","골목상권","2110773","당산역 13번","272","218","54","0","46","65","45","40","76","0","36","53","32","34","63","0","10","12","13","6","13"
"2022","2","A","골목상권","2110802","신길동홍어거리","336","159","177","1","59","113","86","61","16","0","18","45","44","40","12","1","41","68","42","21","4"
"2022","2","A","골목상권","2110812","신길6동주민센터","363","245","118","0","69","115","106","50","23","0","34","78","85","29","19","0","35","37","21","21","4"
"2022","2","A","골목상권","2110804","신풍역 1번","312","187","125","0","15","37","62","63","135","0","4","15","29","35","104","0","11","22","33","28","31"
"2022","2","A","골목상권","2110789","대림성모병원","491","182","309","0","104","137","115","93","42","0","16","44","49","43","30","0","88","93","66","50","12"
"2022","2","R","전통시장","2130244","대림중앙시장","95","39","56","3","14","16","21","15","26","2","9","8","10","4","6","1","5","8","11","11","20"
"2022","2","A","골목상권","2110783","영등포시장역 1번","292","154","138","1","26","37","35","67","126","1","19","27","16","33","58","0","7","10","19","34","68"
"2022","2","R","전통시장","2130253","영신상가(제일상가)","9","7","2","0","2","3","0","2","2","0","2","3","0","1","1","0","0","0","0","1","1"
"2022","2","A","골목상권","2110867","국제신학대학원대학교(남서울중학교)","202","117","85","0","8","34","39","53","68","0","2","15","21","32","47","0","6","19","18","21","21"
"2022","2","A","골목상권","2110197","세종대왕기념관교차로","67","46","21","0","8","19","26","9","5","0","4","15","19","7","1","0","4","4","7","2","4"
"2022","2","A","골목상권","2110981","국악고교사거리","361","216","145","2","57","77","110","81","34","0","27","36","72","56","25","2","30","41","38","25","9"
"2022","2","A","골목상권","2110991","삼성중앙역 5번","1246","794","452","1","111","415","339","275","105","1","28","243","229","216","77","0","83","172","110","59","28"
"2022","2","A","골목상권","2110425","계상초등학교","130","54","76","2","18","10","35","38","27","2","5","5","18","14","10","0","13","5","17","24","17"
"2022","2","A","골목상권","2110484","역촌역 3번","500","203","297","6","62","136","132","103","61","5","34","48","43","35","38","1","28","88","89","68","23"
"2022","2","D","발달상권","2120204","르네상스호텔사거리","41471","20644","20827","102","8167","11056","10671","10081","1394","54","5016","7567","4988","2062","957","48","3151","3489","5683","8019","437"
"2022","2","A","골목상권","2110032","수족관거리","31","16","15","0","3","6","4","13","5","0","2","2","2","7","3","0","1","4","2","6","2"
"2022","2","A","골목상권","2110001","이북5도청사","1066","638","428","4","133","292","240","262","135","0","51","173","162","172","80","4","82","119","78","90","55"
"2022","2","A","골목상권","2110920","방배역 2번(백석예술대학교)","359","205","154","0","23","53","125","118","40","0","5","29","65","75","31","0","18","24","60","43","9"
"2022","2","A","골목상권","2110430","중계초등학교","307","114","193","0","20","36","65","106","80","0","9","11","21","29","44","0","11","25","44","77","36"
"2022","2","A","골목상권","2110216","전농중학교","208","68","140","1","32","48","62","50","15","1","11","14","18","18","6","0","21","34","44","32","9"
"2022","2","A","골목상권","2110186","종암초등학교","94","71","23","0","5","13","15","30","31","0","1","12","9","23","26","0","4","1","6","7","5"
"2022","2","R","전통시장","2130094","청량리청과물시장","54","24","30","0","7","13","17","7","10","0","0","4","10","2","8","0","7","9","7","5","2"
"2022","2","A","골목상권","2110426","상계2동주민센터","337","169","168","0","32","57","83","96","69","0","15","30","39","45","40","0","17","27","44","51","29"
"2022","2","R","전통시장","2130155","시영B상가(중계 그린아파트 B 상가)","12","8","4","0","1","5","3","3","0","0","0","5","2","1","0","0","1","0","1","2","0"
"2022","2","D","발달상권","2120098","DMC(디지털미디어시티)","8846","5391","3455","19","1691","3228","2856","875","177","11","813","1995","1821","616","135","8","878","1233","1035","259","42"
"2022","2","R","전통시장","2130184","마포농수산물시장","77","40","37","0","2","12","24","26","13","0","1","8","12","14","5","0","1","4","12","12","8"
"2022","2","A","골목상권","2111011","잠실나루역","9608","7747","1861","42","1275","3018","2795","2046","432","18","924","2492","2309","1674","330","24","351","526","486","372","102"
"2022","2","A","골목상권","2110687","천왕역 3번(오류2동주민센터, 서울오류남초등학교)","21","16","5","0","2","3","5","6","5","0","1","3","4","4","4","0","1","0","1","2","1"
"2022","2","A","골목상권","2111002","한국교통안전공단 강남자동차검사소","317","115","202","0","22","63","65","96","71","0","7","31","21","26","30","0","15","32","44","70","41"
"2022","2","A","골목상권","2110998","은곡마을(은곡마을공원)","23","15","8","0","2","8","6","5","2","0","0","4","5","5","1","0","2","4","1","0","1"
"2022","2","A","골목상권","2110274","서일대학교","552","385","167","0","49","66","143","153","141","0","10","43","97","121","114","0","39","23","46","32","27"
"2022","2","D","발달상권","2120103","홍대입구역(홍대)","9580","5991","3589","87","2167","2434","2066","1613","1213","61","1145","1486","1404","988","907","26","1022","948","662","625","306"
"2022","2","A","골목상권","2110226","장안1동주민센터","1882","1005","877","2","147","247","333","512","641","2","87","148","213","253","302","0","60","99","120","259","339"
"2022","2","R","전통시장","2130159","공릉동 도깨비시장","101","47","54","0","12","22","24","26","17","0","4","8","9","15","11","0","8","14","15","11","6"
"2022","2","D","발달상권","2120141","영등포청과시장교차로","601","418","183","2","71","137","188","115","88","1","36","85","133","86","77","1","35","52","55","29","11"
"2022","2","D","발달상권","2120045","남영동 먹자골목","4044","1580","2464","7","424","908","1421","1162","122","1","257","576","502","205","39","6","167","332","919","957","83"
"2022","2","D","발달상권","2120087","응암역","441","272","169","0","45","84","114","106","92","0","17","50","78","60","67","0","28","34","36","46","25"
"2022","2","A","골목상권","2110486","은평구청","629","292","337","0","86","110","146","178","109","0","55","72","56","64","45","0","31","38","90","114","64"
"2022","2","A","골목상권","2110227","답십리공원","216","82","134","0","13","28","73","82","20","0","10","14","25","21","12","0","3","14","48","61","8"
"2022","2","A","골목상권","2110491","불광중학교","195","90","105","0","13","35","71","56","20","0","8","20","32","18","12","0","5","15","39","38","8"
"2022","2","A","골목상권","2110458","선일여고","404","211","193","1","34","87","96","122","64","0","19","52","49","54","37","1","15","35","47","68","27"
"2022","2","R","전통시장","2130209","목사랑시장(목4동시장)","111","61","50","0","7","15","23","42","24","0","2","13","10","20","16","0","5","2","13","22","8"
"2022","2","D","발달상권","2120091","본서부병원","516","192","324","1","51","69","119","165","111","0","20","28","51","55","38","1","31","41","68","110","73"
"2022","2","A","골목상권","2110452","새절역 3번","420","347","73","1","17","47","78","132","145","1","11","29","58","113","135","0","6","18","20","19","10"
"2022","2","A","골목상권","2110459","응암역 2번","547","198","349","1","50","105","159","154","78","0","9","38","77","41","33","1","41","67","82","113","45"
"2022","2","A","골목상권","2110638","신방화역 2번","372","202","170","3","53","75","88","87","66","3","22","40","44","43","50","0","31","35","44","44","16"
"2022","2","A","골목상권","2110479","연신내역 2번","304","177","127","1","50","83","64","66","40","0","28","71","33","32","13","1","22","12","31","34","27"
"2022","2","A","골목상권","2110499","연가초등학교","282","123","159","0","44","47","83","67","41","0","8","22","32","35","26","0","36","25","51","32","15"
"2022","2","A","골목상권","2110628","신목동역","496","319","177","0","58","88","124","120","106","0","30","58","82","89","60","0","28","30","42","31","46"
"2022","2","A","골목상권","2110622","달마을공원","458","261","197","0","58","90","102","138","70","0","26","47","63","65","60","0","32","43","39","73","10"
"2022","2","A","골목상권","2110607","금빛새마을금고본점","53","31","22","0","2","10","11","19","11","0","1","4","5","12","9","0","1","6","6","7","2"
"2022","2","R","전통시장","2130205","신곡종합시장(신월6동 골목시장)","141","103","38","1","17","36","39","32","16","0","10","27","33","18","15","1","7","9","6","14","1"
"2022","2","R","전통시장","2130211","신정2동 골목시장(오목교중앙시장)","51","18","33","0","3","10","18","17","3","0","1","3","8","4","2","0","2","7","10","13","1"
"2022","2","R","전통시장","2130212","공항시장","8","6","2","0","1","0","3","2","2","0","1","0","3","0","2","0","0","0","0","2","0"
"2022","2","A","골목상권","2110717","남구로역 2번","570","271","299","0","108","155","142","104","61","0","49","84","75","34","29","0","59","71","67","70","32"
"2022","2","A","골목상권","2110009","자하문터널","950","463","487","0","211","332","229","125","53","0","92","164","106","65","36","0","119","168","123","60","17"
"2022","2","A","골목상권","2110678","염창무학아파트","242","188","54","1","30","57","84","47","23","1","15","49","67","39","17","0","15","8","17","8","6"
"2022","2","A","골목상권","2110665","곰달래도서관","469","285","184","0","36","92","123","138","80","0","25","60","79","74","47","0","11","32","44","64","33"
"2022","2","A","골목상권","2110712","남구로역 5번","233","108","125","1","32","36","66","64","34","0","10","17","24","32","25","1","22","19","42","32","9"
"2022","2","A","골목상권","2110697","개봉3동주민센터","244","152","92","1","55","64","52","43","29","1","27","41","33","30","20","0","28","23","19","13","9"
"2022","2","D","발달상권","2120028","명동(명동거리)","12797","7708","5089","41","2137","3592","3670","2246","1111","16","1028","1982","2334","1641","707","25","1109","1610","1336","605","404"
"2022","2","A","골목상권","2110747","석수역 1번 출입구","823","612","211","0","46","84","169","227","297","0","27","52","102","165","266","0","19","32","67","62","31"
"2022","2","A","골목상권","2110722","G타워","1221","876","345","5","246","423","354","139","54","5","163","311","281","79","37","0","83","112","73","60","17"
"2022","2","A","골목상권","2110714","구로4동주민센터","271","156","115","0","34","44","57","79","57","0","8","19","32","53","44","0","26","25","25","26","13"
"2022","2","A","골목상권","2110713","구로보건소","2668","1817","851","5","474","650","706","533","300","3","323","472","514","332","173","2","151","178","192","201","127"
"2022","2","A","골목상권","2110701","고척동성당","567","379","188","2","126","185","125","92","37","0","81","133","82","54","29","2","45","52","43","38","8"
"2022","2","D","발달상권","2120126","디지털단지오거리","135","86","49","0","11","30","48","26","20","0","2","16","38","15","15","0","9","14","10","11","5"
"2022","2","R","전통시장","2130231","독산동 우시장","611","476","135","2","31","74","126","196","182","0","16","55","97","145","163","2","15","19","29","51","19"
"2022","2","A","골목상권","2110685","금강수목원아파트","181","143","38","0","13","32","53","57","26","0","10","25","38","47","23","0","3","7","15","10","3"
"2022","2","A","골목상권","2110828","노량진역 6번","3010","2066","944","9","471","1047","854","467","162","3","252","711","639","357","104","6","219","336","215","110","58"
"2022","2","A","골목상권","2110691","개봉중학교","395","205","190","0","37","65","119","115","59","0","20","38","49","52","46","0","17","27","70","63","13"
"2022","2","A","골목상권","2110733","금천어울림복지센터","374","293","81","3","34","89","74","90","84","3","22","67","59","66","76","0","12","22","15","24","8"
"2022","2","A","골목상권","2110741","독산2동주민센터","444","159","285","0","69","117","96","108","54","0","43","35","26","33","22","0","26","82","70","75","32"
"2022","2","A","골목상권","2110745","독산동정훈단지","251","191","60","0","11","20","33","86","101","0","3","12","22","64","90","0","8","8","11","22","11"
"2022","2","A","골목상권","2110734","금천파출소","92","47","45","0","7","11","21","29","24","0","3","5","14","13","12","0","4","6","7","16","12"
"2022","2","A","골목상권","2110832","노량진초등학교","377","171","206","0","38","51","93","141","54","0","14","22","57","55","23","0","24","29","36","86","31"
"2022","2","R","전통시장","2130268","상도전통시장","239","104","135","0","33","60","53","58","35","0","12","23","23","24","22","0","21","37","30","34","13"
"2022","2","A","골목상권","2110839","숭실대입구역 4번","187","67","120","0","10","51","57","46","23","0","2","14","22","11","18","0","8","37","35","35","5"
"2022","2","A","골목상권","2110819","신대방역 4번","510","262","248","0","64","99","128","93","126","0","15","37","58","62","90","0","49","62","70","31","36"
"2022","2","A","골목상권","2110982","강남구보훈회관","166","74","92","0","31","34","41","41","19","0","7","13","25","14","15","0","24","21","16","27","4"
"2022","2","D","발달상권","2120222","삼성역","43324","24141","19183","244","8091","13641","10294","6385","4669","119","3186","7703","6883","3711","2539","125","4905","5938","3411","2674","2130"
"2022","2","A","골목상권","2110945","본마을노인복지센터(서초구립내곡도서관)","191","114","77","3","44","57","37","33","17","3","14","31","25","28","13","0","30","26","12","5","4"
"2022","2","A","골목상권","2111036","투구봉어린이공원","209","119","90","1","22","40","55","62","29","1","7","20","26","39","26","0","15","20","29","23","3"
"2022","2","D","발달상권","2120226","석촌고분역","2408","1777","631","8","277","341","447","352","983","7","130","207","264","234","935","1","147","134","183","118","48"
"2022","2","R","전통시장","2130304","신사상가","138","79","59","1","12","22","32","42","29","0","3","8","11","32","25","1","9","14","21","10","4"
"2022","2","D","발달상권","2120214","영동대교남단교차로","3990","2902","1088","7","489","1173","1108","931","282","3","271","811","866","755","196","4","218","362","242","176","86"
"2022","2","A","골목상권","2110992","도곡초등학교","2179","1144","1035","3","269","440","484","524","459","1","108","253","258","260","264","2","161","187","226","264","195"
"2022","2","A","골목상권","2110020","서울국제고등학교","639","315","324","1","145","288","122","57","26","1","44","146","75","32","17","0","101","142","47","25","9"
"2022","2","A","골목상권","2110029","동대문역 1번","235","61","174","0","11","31","57","79","57","0","1","7","19","20","14","0","10","24","38","59","43"
"2022","2","D","발달상권","2120066","장한평역(장한평)","7424","4770","2654","43","1531","1839","1491","1235","1285","10","739","1202","991","818","1010","33","792","637","500","417","275"
"2022","2","D","발달상권","2120086","태릉입구역","382","205","177","0","42","78","82","102","78","0","24","43","35","49","54","0","18","35","47","53","24"
"2022","2","A","골목상권","2110024","혜회동주민센터","928","263","665","0","135","264","294","184","51","0","17","64","90","55","37","0","118","200","204","129","14"
"2022","2","A","골목상권","2110405","방학역 1번","1123","365","758","3","130","176","308","427","79","3","67","109","82","70","34","0","63","67","226","357","45"
"2022","2","R","전통시장","2130015","창신골목시장","22","12","10","0","0","2","8","9","3","0","0","2","6","2","2","0","0","0","2","7","1"
"2022","2","A","골목상권","2110400","도봉구보건소","191","111","80","0","20","35","53","51","32","0","9","22","32","26","22","0","11","13","21","25","10"
"2022","2","D","발달상권","2120249","고덕역","1359","916","443","3","172","305","337","317","225","1","75","198","249","221","172","2","97","107","88","96","53"
"2022","2","A","골목상권","2111085","묘곡초등학교(고덕아이파크아파트)","800","452","348","0","68","111","152","196","273","0","35","72","80","84","181","0","33","39","72","112","92"
"2022","2","A","골목상권","2110391","샘말어린이공원","373","154","219","0","29","54","74","53","163","0","14","28","40","26","46","0","15","26","34","27","117"
"2022","2","A","골목상권","2110385","효문고등학교","37","22","15","0","3","9","12","4","9","0","2","5","3","4","8","0","1","4","9","0","1"
"2022","2","D","발달상권","2120229","방이동먹자골목","7319","4732","2587","12","1062","2182","1915","1302","846","5","588","1347","1338","913","541","7","474","835","577","389","305"
"2022","2","A","골목상권","2111023","문정역 1번","939","576","363","2","133","202","263","204","135","0","86","139","184","100","67","2","47","63","79","104","68"
"2022","2","A","골목상권","2111088","고덕동성당","123","54","69","0","15","32","32","31","13","0","4","15","10","15","10","0","11","17","22","16","3"
"2022","2","A","골목상권","2110398","쌍문2동우체국","474","326","148","0","30","65","96","153","130","0","11","27","50","124","114","0","19","38","46","29","16"
"2022","2","D","발달상권","2120247","굽은다리역","565","307","258","4","91","118","142","102","108","1","37","76","71","55","67","3","54","42","71","47","41"
"2022","2","A","골목상권","2111047","마천1치안센터","111","73","38","0","9","17","34","34","17","0","6","14","19","22","12","0","3","3","15","12","5"
"2022","2","A","골목상권","2110013","체부동홍종문가옥","119","70","49","0","5","26","31","25","32","0","2","11","18","13","26","0","3","15","13","12","6"
"2022","2","A","골목상권","2111022","석촌중학교(방이육교)","567","255","312","1","48","105","141","206","66","0","28","66","72","57","32","1","20","39","69","149","34"
"2022","2","A","골목상권","2111052","암사역 3번(천호동자전거거리)","357","228","129","1","26","71","117","94","48","1","11","47","76","58","35","0","15","24","41","36","13"
"2022","2","D","발달상권","2120002","서촌(경복궁역)","2008","1079","929","37","492","680","426","224","149","0","190","388","263","133","105","37","302","292","163","91","44"
"2022","2","A","골목상권","2111056","천호태영아파트","191","53","138","0","27","35","64","36","29","0","4","5","19","15","10","0","23","30","45","21","19"
"2022","2","A","골목상권","2111062","둔촌동역 3번(성내3동주민센터)","751","501","250","5","134","198","194","144","76","5","81","139","126","91","59","0","53","59","68","53","17"
"2022","2","A","골목상권","2110137","성수초등학교","6605","4295","2310","31","1016","1740","1836","1344","638","22","557","1152","1250","828","486","9","459","588","586","516","152"
"2022","2","A","골목상권","2110054","청구역 3번","1537","849","688","3","259","378","315","336","246","1","90","204","220","211","123","2","169","174","95","125","123"
"2022","2","A","골목상권","2110090","한국폴리텍대학서울정수캠퍼스","3968","2447","1521","1","446","1358","1632","500","31","1","173","548","1231","467","27","0","273","810","401","33","4"
"2022","2","A","골목상권","2110254","오거리공원","257","89","168","1","19","75","79","51","32","0","6","15","35","21","12","1","13","60","44","30","20"
"2022","2","R","전통시장","2130101","답십리현대시장","8","5","3","0","0","1","3","2","2","0","0","1","1","2","1","0","0","0","2","0","1"
"2022","2","A","골목상권","2110066","서울역 15번","748","467","281","6","152","227","156","125","82","3","81","151","104","66","62","3","71","76","52","59","20"
"2022","2","D","발달상권","2120041","신용산역(용산역)","16270","5741","10529","72","4012","5520","4509","1569","588","25","1308","1921","1510","595","382","47","2704","3599","2999","974","206"
"2022","2","D","발달상권","2120040","용산전자상가(용산역)","8014","5960","2054","43","1390","2727","2224","1236","394","30","882","2007","1729","997","315","13","508","720","495","239","79"
"2022","2","D","발달상권","2120044","삼각지역","1611","1164","447","5","313","408","385","330","170","5","185","303","315","234","122","0","128","105","70","96","48"
"2022","2","A","골목상권","2110513","연희파출소","457","241","216","0","51","87","110","130","79","0","17","46","58","69","51","0","34","41","52","61","28"
"2022","2","A","골목상권","2110111","대현산장미원","51","40","11","0","6","7","6","17","15","0","6","4","4","13","13","0","0","3","2","4","2"
"2022","2","A","골목상권","2110220","외대앞역 1번","190","109","81","0","28","36","54","46","26","0","7","17","33","34","18","0","21","19","21","12","8"
"2022","2","D","발달상권","2120104","연남동(홍대)","5955","3176","2779","20","1117","1491","1289","1103","935","12","428","824","772","620","520","8","689","667","517","483","415"
"2022","2","A","골목상권","2110884","봉천역 4번(봉천110안전센터)","372","284","88","1","17","30","61","98","165","0","1","8","49","84","142","1","16","22","12","14","23"
"2022","2","D","발달상권","2120210","선릉역","48780","26797","21983","117","11358","13636","11065","7952","4652","54","5356","8026","6479","4158","2724","63","6002","5610","4586","3794","1928"
"2022","2","D","발달상권","2120106","마포역","11462","7104","4358","12","1804","2735","2677","2306","1928","8","917","1662","1889","1435","1193","4","887","1073","788","871","735"
"2022","2","A","골목상권","2110097","한남초등학교","3116","1920","1196","1","597","1644","757","90","27","0","278","975","575","71","21","1","319","669","182","19","6"
"2022","2","A","골목상권","2110432","대진고등학교","894","734","160","0","55","146","248","343","102","0","27","96","214","311","86","0","28","50","34","32","16"
"2022","2","R","전통시장","2130068","마장축산물시장","975","630","345","1","102","202","250","248","172","1","68","127","155","165","114","0","34","75","95","83","58"
"2022","2","A","골목상권","2110125","사근동살곶이상점가","135","83","52","2","25","39","35","21","13","2","13","21","24","13","10","0","12","18","11","8","3"
"2022","2","A","골목상권","2110118","왕십리역 9번","697","487","210","1","90","182","204","129","91","0","62","110","144","93","78","1","28","72","60","36","13"
"2022","2","A","골목상권","2110134","성수119안전센터","771","587","184","4","65","108","185","252","157","4","38","78","143","200","124","0","27","30","42","52","33"
"2022","2","D","발달상권","2120022","북창동(시청역_6번)","5197","3160","2037","24","1010","1611","1149","767","636","2","391","936","852","543","436","22","619","675","297","224","200"
"2022","2","R","전통시장","2130059","후암시장","64","40","24","0","6","12","16","11","19","0","4","5","10","7","14","0","2","7","6","4","5"
"2022","2","A","골목상권","2110166","구의1동주민센터","552","292","260","1","70","121","177","115","68","1","20","59","99","60","53","0","50","62","78","55","15"
"2022","2","D","발달상권","2120058","구의사거리","688","333","355","2","92","158","174","181","81","1","33","79","80","77","63","1","59","79","94","104","18"
"2022","2","A","골목상권","2110045","동대문역사문화공원역 5번","234","174","60","0","24","54","64","55","37","0","11","38","46","47","32","0","13","16","18","8","5"
"2022","2","D","발달상권","2120034","중구청(퇴계로4가)","1538","1044","494","7","107","227","400","437","360","5","47","128","262","325","277","2","60","99","138","112","83"
"2022","2","R","전통시장","2130070","뚝섬역상점가","1016","697","319","6","178","259","217","222","134","4","105","179","143","157","109","2","73","80","74","65","25"
"2022","2","D","발달상권","2120051","뚝섬역","3944","2582","1362","20","703","946","867","651","757","15","446","646","549","445","481","5","257","300","318","206","276"
"2022","2","D","발달상권","2120018","중림동","2187","1366","821","2","393","736","598","293","165","2","207","425","357","237","138","0","186","311","241","56","27"
"2022","2","A","골목상권","2110591","충정로역 6번","627","422","205","0","99","158","178","126","66","0","55","103","135","92","37","0","44","55","43","34","29"
"2022","2","A","골목상권","2110087","이태원엔틱가구거리","463","213","250","0","185","174","58","31","15","0","54","89","43","17","10","0","131","85","15","14","5"
"2022","2","D","발달상권","2120054","어린이대공원역","1243","826","417","0","90","153","311","440","249","0","25","88","205","321","187","0","65","65","106","119","62"
"2022","2","D","발달상권","2120010","원남동사거리","4107","2297","1810","50","1544","1305","655","383","170","2","585","793","487","297","133","48","959","512","168","86","37"
"2022","2","A","골목상권","2110101","옥정중학교","218","121","97","0","55","51","65","31","16","0","24","34","43","13","7","0","31","17","22","18","9"
"2022","2","D","발달상권","2120056","구의역","2200","1115","1085","7","350","431","596","491","325","6","119","173","290","313","214","1","231","258","306","178","111"
"2022","2","D","발달상권","2120060","강변역(테크노마트)","3189","2348","841","12","402","686","870","703","516","2","209","509","686","549","393","10","193","177","184","154","123"
"2022","2","A","골목상권","2110155","광진구청","8356","7701","655","0","240","853","2408","4046","809","0","172","765","2256","3748","760","0","68","88","152","298","49"
"2022","2","A","골목상권","2110272","신내1동주민센터","471","318","153","0","45","69","93","149","115","0","15","35","60","103","105","0","30","34","33","46","10"
"2022","2","A","골목상권","2110281","길상사","13811","12087","1724","12","1418","3093","4057","4963","268","1","960","2426","3678","4822","200","11","458","667","379","141","68"
"2022","2","R","전통시장","2130109","묵1동도깨비시장","47","33","14","0","2","9","16","9","11","0","1","5","13","5","9","0","1","4","3","4","2"
"2022","2","A","골목상권","2110299","정릉역 1번","372","241","131","1","33","49","83","95","111","0","9","12","40","74","106","1","24","37","43","21","5"
"2022","2","D","발달상권","2120217","대치사거리","2779","1478","1301","11","552","771","700","452","293","10","220","379","381","264","224","1","332","392","319","188","69"
"2022","2","A","골목상권","2110357","가오리역 1번","725","611","114","0","25","36","171","340","153","0","4","18","146","310","133","0","21","18","25","30","20"
"2022","2","A","골목상권","2110289","북한산보국문역 2번","144","105","39","0","9","28","49","32","26","0","6","23","30","24","22","0","3","5","19","8","4"
"2022","2","A","골목상권","2110292","정릉역 2번","43","17","26","0","2","7","21","7","6","0","1","5","6","3","2","0","1","2","15","4","4"
"2022","2","A","골목상권","2110375","서울북부고용노동지청","178","99","79","1","23","32","47","52","23","0","18","26","25","19","11","1","5","6","22","33","12"
"2022","2","A","골목상권","2110318","KT월곡지사","148","78","70","0","21","29","45","36","17","0","10","19","22","14","13","0","11","10","23","22","4"
"2022","2","A","골목상권","2110324","월곡역 4번","99","55","44","0","31","21","19","18","10","0","9","10","13","14","9","0","22","11","6","4","1"
"2022","2","D","발달상권","2120071","성북구청","255","127","128","0","36","55","64","62","38","0","14","22","38","31","22","0","22","33","26","31","16"
"2022","2","D","발달상권","2120076","수유역","1930","865","1065","7","241","303","422","465","492","4","62","102","176","240","281","3","179","201","246","225","211"
"2022","2","A","골목상권","2110335","석계역 7번","249","172","77","1","19","32","66","64","67","0","13","18","34","45","62","1","6","14","32","19","5"
"2022","2","R","전통시장","2130128","돌곶이시장(석관황금시장)","191","157","34","0","30","36","41","72","12","0","28","26","29","62","12","0","2","10","12","10","0"
"2022","2","A","골목상권","2110363","송천동주민센터","19","12","7","0","0","4","3","7","5","0","0","3","1","4","4","0","0","1","2","3","1"
"2022","2","A","골목상권","2110587","공덕동주민센터","238","121","117","1","36","43","69","53","36","1","15","25","41","23","16","0","21","18","28","30","20"
"2022","2","A","골목상권","2110401","도봉구민회관","243","65","178","0","29","32","38","87","57","0","4","14","14","22","11","0","25","18","24","65","46"
"2022","2","A","골목상권","2110528","서울여자간호대학교","309","149","160","0","11","22","32","69","175","0","10","12","16","22","89","0","1","10","16","47","86"
"2022","2","A","골목상권","2110538","충정로역 3번","284","178","106","0","12","42","56","66","108","0","5","27","35","42","69","0","7","15","21","24","39"
"2022","2","D","발달상권","2120097","충정로역","2246","1354","892","0","321","658","631","407","229","0","172","390","397","254","141","0","149","268","234","153","88"
"2022","2","D","발달상권","2120136","영등포구청역","6617","3299","3318","20","1193","1504","1423","1444","1033","12","575","848","775","592","497","8","618","656","648","852","536"
"2022","2","A","골목상권","2110560","마포FM","292","140","152","0","26","64","87","77","38","0","10","26","40","36","28","0","16","38","47","41","10"
"2022","2","A","골목상권","2110572","서강대역 1번","470","254","216","1","63","130","117","116","43","1","32","67","58","66","30","0","31","63","59","50","13"
"2022","2","A","골목상권","2110809","장훈고등학교","112","61","51","0","7","15","30","23","37","0","3","5","11","17","25","0","4","10","19","6","12"
"2022","2","A","골목상권","2110873","당곡중학교","343","166","177","0","68","79","86","74","36","0","29","39","39","36","23","0","39","40","47","38","13"
"2022","2","A","골목상권","2110564","홍대입구역 3번","471","211","260","0","54","125","161","78","53","0","19","47","103","22","20","0","35","78","58","56","33"
"2022","2","R","전통시장","2130189","서교시장","24","10","14","0","2","1","7","6","8","0","0","1","2","3","4","0","2","0","5","3","4"
"2022","2","A","골목상권","2110553","가좌역 2번","257","150","107","0","23","42","73","79","40","0","14","23","39","41","33","0","9","19","34","38","7"
"2022","2","R","전통시장","2130192","동진시장","10","6","4","0","1","1","4","3","1","0","1","1","1","2","1","0","0","0","3","1","0"
"2022","2","A","골목상권","2110764","문래역 3번","541","223","318","0","93","127","159","102","60","0","27","39","54","54","49","0","66","88","105","48","11"
"2022","2","A","골목상권","2110815","공군호텔","2240","785","1455","4","425","514","476","507","314","0","88","195","167","170","165","4","337","319","309","337","149"
"2022","2","R","전통시장","2130247","우리시장","21","16","5","0","3","4","6","3","5","0","1","3","5","3","4","0","2","1","1","0","1"
"2022","2","R","전통시장","2130256","신동시장","2","2","0","0","0","0","0","1","1","0","0","0","0","1","1","0","0","0","0","0","0"
"2022","2","A","골목상권","2110813","보라매역 6번","286","167","119","3","22","37","50","74","100","3","15","21","24","39","65","0","7","16","26","35","35"
"2022","2","A","골목상권","2110771","대림역 11번","955","604","351","0","22","38","128","210","557","0","21","30","73","131","349","0","1","8","55","79","208"
"2022","2","D","발달상권","2120142","대림역","1559","847","712","2","235","282","348","386","306","0","69","145","190","230","213","2","166","137","158","156","93"
"2022","2","A","골목상권","2110796","한림대학교한강성심병원","87","52","35","1","7","19","26","19","15","0","4","11","17","9","11","1","3","8","9","10","4"
"2022","2","A","골목상권","2110788","영등포시장역 3번","28","22","6","0","4","5","7","9","3","0","3","5","6","6","2","0","1","0","1","3","1"
"2022","2","A","골목상권","2110880","신림역 1번","995","275","720","0","379","296","157","128","35","0","78","87","66","33","11","0","301","209","91","95","24"
"2022","2","A","골목상권","2110858","신대방역 1번","66","33","33","0","5","9","17","7","28","0","0","1","6","2","24","0","5","8","11","5","4"
"2022","2","A","골목상권","2110857","미성동주민센터","431","229","202","9","60","64","70","108","120","9","34","48","41","46","51","0","26","16","29","62","69"
"2022","2","A","골목상권","2110984","포이초등학교(개포목련어린이공원)","1556","1046","510","2","236","342","331","306","339","0","140","241","211","199","255","2","96","101","120","107","84"
"2022","2","A","골목상권","2110996","대치2동주민센터","1959","1227","732","2","83","278","351","342","903","0","48","209","277","247","446","2","35","69","74","95","457"
"2022","2","A","골목상권","2110414","장석교회","61","47","14","0","5","13","15","20","8","0","3","11","11","17","5","0","2","2","4","3","3"
"2022","2","R","전통시장","2130207","신정1동 골목시장(신정제일시장)","38","21","17","0","8","9","10","7","4","0","3","5","6","4","3","0","5","4","4","3","1"
"2022","2","A","골목상권","2110198","동대문중앙새마을금고본점","67","26","41","0","1","0","18","37","11","0","0","0","8","10","8","0","1","0","10","27","3"
"2022","2","A","골목상권","2110406","도봉산역 1번","659","595","64","0","13","37","147","294","168","0","6","25","133","278","153","0","7","12","14","16","15"
"2022","2","A","골목상권","2110222","회기역 2번","20","17","3","0","0","3","2","6","9","0","0","2","2","4","9","0","0","1","0","2","0"
"2022","2","A","골목상권","2110441","영신여고","172","78","94","0","19","38","41","45","29","0","7","20","16","23","12","0","12","18","25","22","17"
"2022","2","R","전통시장","2130090","청량리종합시장","19","13","6","0","1","4","3","5","6","0","1","2","3","3","4","0","0","2","0","2","2"
"2022","2","R","전통시장","2130093","동서시장","5","3","2","0","0","0","1","2","2","0","0","0","1","0","2","0","0","0","0","2","0"
"2022","2","A","골목상권","2110193","고려대역 4번","48","37","11","0","5","11","11","10","11","0","3","5","10","10","9","0","2","6","1","0","2"
"2022","2","A","골목상권","2110417","월계역 3번","26","14","12","0","11","9","2","4","0","0","4","6","2","2","0","0","7","3","0","2","0"
"2022","2","R","전통시장","2130307","도곡시장","57","25","32","0","3","7","15","13","19","0","1","4","4","6","10","0","2","3","11","7","9"
"2022","2","R","전통시장","2130166","응암시장(신응암시장)","17","10","7","0","0","3","2","5","7","0","0","0","1","3","6","0","0","3","1","2","1"
"2022","2","A","골목상권","2110439","당고개역 5번","63","21","42","0","3","7","6","19","28","0","0","4","2","7","8","0","3","3","4","12","20"
"2022","2","R","전통시장","2130299","엔터식스 강남점","1850","1551","299","18","189","270","602","601","170","5","97","197","542","558","152","13","92","73","60","43","18"
"2022","2","A","골목상권","2110624","목동문화체육센터","382","234","148","0","93","118","75","65","31","0","40","79","46","50","19","0","53","39","29","15","12"
"2022","2","D","발달상권","2120169","서초역","15771","7185","8586","70","3824","4195","3945","2657","1080","30","1313","1990","1801","1235","816","40","2511","2205","2144","1422","264"
"2022","2","A","골목상권","2111026","문정역 2번","2304","1506","798","7","431","634","546","428","258","3","236","427","385","239","216","4","195","207","161","189","42"
"2022","2","A","골목상권","2110053","청구역 1번","281","166","115","0","52","69","69","54","37","0","23","45","43","27","28","0","29","24","26","27","9"
"2022","2","D","발달상권","2120094","신촌역(신촌역, 신촌로터리)","5355","2430","2925","67","2390","1192","681","594","431","23","999","589","299","279","241","44","1391","603","382","315","190"
"2022","2","A","골목상권","2110881","구립대학경로당(관악산샘말공원)","1601","1304","297","1","317","452","460","271","100","1","225","376","399","232","71","0","92","76","61","39","29"
"2022","2","A","골목상권","2110781","대림한신아파트","182","112","70","0","23","29","51","38","41","0","8","16","34","23","31","0","15","13","17","15","10"
"2022","2","A","골목상권","2110387","쌍문초등학교","335","185","150","0","38","53","98","88","58","0","13","29","51","47","45","0","25","24","47","41","13"
"2022","2","A","골목상권","2110133","서울교통공사","122","93","29","0","19","25","33","21","24","0","12","18","29","17","17","0","7","7","4","4","7"
"2022","2","A","골목상권","2110586","서울서부지방법원","1461","863","598","2","376","402","333","188","160","1","231","267","164","98","102","1","145","135","169","90","58"
"2022","2","A","골목상권","2111035","오금공원(오주중학교)","531","398","133","0","41","90","148","148","104","0","32","66","121","102","77","0","9","24","27","46","27"
"2022","2","A","골목상권","2110469","응암정보도서관","340","184","156","1","38","58","102","103","38","0","11","29","59","56","29","1","27","29","43","47","9"
"2022","2","A","골목상권","2110626","양화초등학교","652","271","381","1","127","138","149","147","90","0","37","57","76","63","38","1","90","81","73","84","52"
"2022","2","A","골목상권","2110473","구산역 1번","436","241","195","0","34","59","113","107","123","0","24","27","53","49","88","0","10","32","60","58","35"
"2022","2","A","골목상권","2110498","증산역 1번","222","102","120","0","15","32","75","68","32","0","7","9","31","32","23","0","8","23","44","36","9"
"2022","2","D","발달상권","2120112","등촌역","1633","1138","495","10","223","388","373","358","281","6","100","270","265","265","232","4","123","118","108","93","49"
"2022","2","A","골목상권","2110445","덕산중학교","61","45","16","0","18","14","15","6","8","0","10","9","12","6","8","0","8","5","3","0","0"
"2022","2","A","골목상권","2110444","수색성당","170","73","97","0","13","53","46","45","13","0","5","27","13","17","11","0","8","26","33","28","2"
"2022","2","R","전통시장","2130208","목동깨비시장(목3동시장)","148","67","81","0","13","20","55","37","23","0","7","6","18","19","17","0","6","14","37","18","6"
"2022","2","A","골목상권","2110595","메디힐병원","731","459","272","0","80","148","163","185","155","0","34","85","86","136","118","0","46","63","77","49","37"
"2022","2","R","전통시장","2130202","신영시장","40","13","27","0","3","4","13","16","4","0","2","0","3","6","2","0","1","4","10","10","2"
"2022","2","A","골목상권","2110613","신정네거리역 4번","80","20","60","0","8","25","24","19","4","0","2","6","7","4","1","0","6","19","17","15","3"
"2022","2","A","골목상권","2110994","개포고등학교","494","382","112","7","65","161","123","110","28","4","47","134","103","73","21","3","18","27","20","37","7"
"2022","2","A","골목상권","2110212","답십리초등학교","204","144","60","0","26","37","42","67","32","0","18","26","27","50","23","0","8","11","15","17","9"
"2022","2","A","골목상권","2110199","홍릉시장","65","41","24","0","11","15","18","14","7","0","8","8","10","9","6","0","3","7","8","5","1"
"2022","2","R","전통시장","2130200","신월7동 골목시장(약수시장, 우성상가)","27","18","9","0","0","3","9","6","9","0","0","0","7","4","7","0","0","3","2","2","2"
"2022","2","A","골목상권","2110625","신정2동주민센터","726","454","272","2","98","196","215","155","60","0","51","124","146","94","39","2","47","72","69","61","21"
"2022","2","A","골목상권","2110612","신정역 5번","644","303","341","1","85","88","143","197","130","0","44","62","74","70","53","1","41","26","69","127","77"
"2022","2","A","골목상권","2110662","까치산역 1번","1480","885","595","4","245","501","396","234","100","4","129","301","207","171","73","0","116","200","189","63","27"
"2022","2","A","골목상권","2110614","목동로데오거리","596","292","304","0","69","85","114","216","112","0","42","44","58","103","45","0","27","41","56","113","67"
"2022","2","A","골목상권","2110671","등촌1동주민센터","5012","3056","1956","13","1252","1442","1027","802","476","5","391","945","826","556","333","8","861","497","201","246","143"
"2022","2","A","골목상권","2110637","송정역 2번","540","357","183","4","62","117","114","147","96","0","34","74","81","100","68","4","28","43","33","47","28"
"2022","2","A","골목상권","2110673","뜸부기어린이공원","253","143","110","0","37","52","62","64","38","0","21","29","31","34","28","0","16","23","31","30","10"
"2022","2","A","골목상권","2110631","방화초등학교","359","177","182","2","35","71","73","103","75","2","21","42","39","38","35","0","14","29","34","65","40"
"2022","2","A","골목상권","2110699","덕의초등학교","150","89","61","0","15","24","32","48","31","0","8","15","15","28","23","0","7","9","17","20","8"
"2022","2","A","골목상권","2110639","신방화역 8번","523","369","154","1","74","61","88","153","146","1","17","22","51","139","139","0","57","39","37","14","7"
"2022","2","A","골목상권","2110654","까치산역 4번","1021","686","335","2","68","147","249","380","175","1","38","81","139","281","146","1","30","66","110","99","29"
"2022","2","D","발달상권","2120121","까치산역","344","135","209","2","49","40","67","101","85","2","12","14","27","41","39","0","37","26","40","60","46"
"2022","2","A","골목상권","2110644","신광명마을","333","288","45","1","24","22","60","107","119","1","7","13","52","100","115","0","17","9","8","7","4"
"2022","2","A","골목상권","2110641","공항고등학교","345","236","109","2","46","95","100","79","23","1","30","72","61","52","20","1","16","23","39","27","3"
"2022","2","A","골목상권","2110684","서울공연예술고등학교","157","72","85","2","28","31","36","36","24","0","7","17","19","19","10","2","21","14","17","17","14"
"2022","2","A","골목상권","2110724","금천구립가산도서관","366","254","112","1","42","76","122","89","36","1","33","60","90","45","25","0","9","16","32","44","11"
"2022","2","A","골목상권","2110744","독산동성당","531","327","204","0","49","107","129","152","94","0","36","71","75","86","59","0","13","36","54","66","35"
"2022","2","A","골목상권","2110940","양재근린공원(양재2동주민센터)","1043","755","288","9","186","346","264","145","93","8","116","256","200","103","72","1","70","90","64","42","21"
"2022","2","R","전통시장","2130303","영동전통시장","242","95","147","0","21","60","67","58","36","0","7","19","22","24","23","0","14","41","45","34","13"
"2022","2","A","골목상권","2110727","독산역 1번 출입구","659","514","145","4","72","152","169","191","71","4","48","118","128","165","51","0","24","34","41","26","20"
"2022","2","A","골목상권","2110728","두산초등학교","4560","2778","1782","8","88","138","245","530","3551","8","64","86","123","279","2218","0","24","52","122","251","1333"
"2022","2","A","골목상권","2110693","오류동역 4번","17","9","8","0","1","3","5","4","4","0","1","3","2","2","1","0","0","0","3","2","3"
"2022","2","A","골목상권","2110710","남구로역 3번","606","370","236","3","83","96","105","121","198","3","46","63","63","68","127","0","37","33","42","53","71"
"2022","2","A","골목상권","2110732","가산초등학교(세일중학교)","338","239","99","1","41","60","98","76","62","0","22","34","71","60","52","1","19","26","27","16","10"
"2022","2","D","발달상권","2120133","서울시흥동우체국(홈플러스시흥점)","142","55","87","1","14","22","27","42","36","1","5","10","12","11","16","0","9","12","15","31","20"
"2022","2","A","골목상권","2110742","KT금천빌딩(금천구시설관리공단)","426","237","189","0","42","83","106","125","70","0","21","57","71","54","34","0","21","26","35","71","36"
"2022","2","A","골목상권","2110754","삼성산자연공원(서울금천초등학교)","199","75","124","1","21","41","47","39","50","0","6","18","28","10","13","1","15","23","19","29","37"
"2022","2","D","발달상권","2120165","서래마을카페거리(서래마을)","3467","2266","1201","11","605","1119","949","516","267","3","277","716","707","369","194","8","328","403","242","147","73"
"2022","2","D","발달상권","2120154","장승배기역","479","199","280","1","61","123","126","106","62","0","16","58","67","35","23","1","45","65","59","71","39"
"2022","2","A","골목상권","2110829","장승배기역 5번","536","417","119","0","195","137","79","53","72","0","177","106","49","40","45","0","18","31","30","13","27"
"2022","2","R","전통시장","2130264","상도약수골목형상점가","65","35","30","1","14","8","15","20","7","0","4","3","9","12","7","1","10","5","6","8","0"
"2022","2","A","골목상권","2110852","이수역 9번","198","121","77","0","26","35","54","38","45","0","12","20","30","23","36","0","14","15","24","15","9"
"2022","2","D","발달상권","2120160","사당역(사당)","9153","4750","4403","14","1560","2594","2716","1534","735","4","617","1307","1324","997","501","10","943","1287","1392","537","234"
"2022","2","A","골목상권","2110824","대방역 3번","296","102","194","1","48","91","92","42","22","0","11","26","29","23","13","1","37","65","63","19","9"
"2022","2","D","발달상권","2120192","뱅뱅사거리","27462","18935","8527","73","5758","8273","6703","4372","2283","38","3280","5616","5106","3189","1706","35","2478","2657","1597","1183","577"
"2022","2","D","발달상권","2120184","포이사거리(삼호물산)","10139","7003","3136","20","1553","3044","2666","1705","1151","10","846","2068","2010","1212","857","10","707","976","656","493","294"
"2022","2","R","전통시장","2130270","흑석시장","4","3","1","0","2","0","0","2","0","0","1","0","0","2","0","0","1","0","0","0","0"
"2022","2","R","전통시장","2130266","만양로상점가","129","75","54","0","6","37","51","21","14","0","1","23","33","14","4","0","5","14","18","7","10"
"2022","2","A","골목상권","2110834","동작구자원봉사센터","38","22","16","0","3","5","6","10","14","0","2","2","6","5","7","0","1","3","0","5","7"
"2022","2","A","골목상권","2110929","남부터미널역 1번","21130","10703","10427","21","4446","4558","3912","7143","1050","4","1209","1890","1718","5123","759","17","3237","2668","2194","2020","291"
"2022","2","D","발달상권","2120161","방배동가구거리(사당동가구거리)","2517","1833","684","3","187","342","315","347","1323","2","78","178","165","202","1208","1","109","164","150","145","115"
"2022","2","A","골목상권","2110988","청담역 3번","1594","1016","578","1","243","425","364","346","215","1","82","247","247","262","177","0","161","178","117","84","38"
"2022","2","A","골목상권","2111027","문정초등학교","1403","775","628","3","148","289","326","247","390","1","67","160","211","126","210","2","81","129","115","121","180"
"2022","2","R","전통시장","2130145","쌍문역둘리상점가","244","202","42","0","39","44","77","62","22","0","28","35","65","56","18","0","11","9","12","6","4"
"2022","2","A","골목상권","2110970","학동초등학교","378","236","142","1","66","98","102","65","46","0","27","49","66","57","37","1","39","49","36","8","9"
"2022","2","A","골목상권","2110946","청계산원터골","48","24","24","0","2","6","8","16","16","0","2","3","6","3","10","0","0","3","2","13","6"
"2022","2","A","골목상권","2110980","개포지구대옆","663","482","181","0","90","198","202","111","62","0","45","142","168","72","55","0","45","56","34","39","7"
"2022","2","A","골목상권","2111019","한성백제역 3번","1524","1000","524","2","207","448","428","254","185","2","103","303","300","164","128","0","104","145","128","90","57"
"2022","2","A","골목상권","2110959","신구중학교","271","140","131","0","14","66","82","79","30","0","7","36","49","29","19","0","7","30","33","50","11"
"2022","2","A","골목상권","2110008","배화여자대학교(박노수미술관)","552","379","173","1","52","82","133","180","104","0","16","46","102","135","80","1","36","36","31","45","24"
"2022","2","D","발달상권","2120039","신당역","2321","1230","1091","31","793","486","404","333","274","11","347","244","225","219","184","20","446","242","179","114","90"
"2022","2","A","골목상권","2110429","공릉동 국수거리","2074","916","1158","3","224","284","511","689","363","1","91","167","248","234","175","2","133","117","263","455","188"
"2022","2","A","골목상권","2111032","방이역 1번","3885","2552","1333","4","235","340","605","719","1982","3","139","237","411","469","1293","1","96","103","194","250","689"
"2022","2","D","발달상권","2120070","한성대입구역","466","180","286","2","83","69","78","113","121","2","21","31","37","38","51","0","62","38","41","75","70"
"2022","2","A","골목상권","2110374","송중초등학교","491","272","219","5","33","60","145","140","108","5","9","29","73","70","86","0","24","31","72","70","22"
"2022","2","A","골목상권","2111024","경찰병원역 4번(건너말공원)","240","150","90","0","27","53","63","68","29","0","16","33","45","35","21","0","11","20","18","33","8"
"2022","2","A","골목상권","2110438","경춘선숲길 우측","230","110","120","0","26","54","83","52","15","0","12","21","38","30","9","0","14","33","45","22","6"
"2022","2","A","골목상권","2110185","용두초등학교","122","77","45","0","13","22","31","32","24","0","5","13","18","22","19","0","8","9","13","10","5"
"2022","2","D","발달상권","2120233","몽촌토성역","10357","5705","4652","28","1787","2711","2252","2152","1427","22","1123","1846","1193","782","739","6","664","865","1059","1370","688"
"2022","2","R","전통시장","2130016","동대문상가B동","2","1","1","0","0","1","1","0","0","0","0","0","1","0","0","0","0","1","0","0","0"
"2022","2","D","발달상권","2120063","청량리역(청량리)","1182","514","668","3","225","221","239","246","248","2","66","86","89","116","155","1","159","135","150","130","93"
"2022","2","A","골목상권","2111059","강동역 4번(강풀만화거리)","819","430","389","3","90","160","193","170","203","1","48","75","93","94","119","2","42","85","100","76","84"
"2022","2","A","골목상권","2110382","솔밭공원역 1번","32","25","7","0","1","9","8","7","7","0","0","5","6","7","7","0","1","4","2","0","0"
"2022","2","D","발달상권","2120242","강동구청역","4528","2937","1591","33","536","1064","1055","893","947","13","287","678","695","560","704","20","249","386","360","333","243"
"2022","2","R","전통시장","2130317","마천중앙시장","107","77","30","0","15","35","24","17","16","0","11","24","12","14","16","0","4","11","12","3","0"
"2022","2","A","골목상권","2111043","마천공원","32","13","19","0","1","3","7","12","9","0","0","0","1","6","6","0","1","3","6","6","3"
"2022","2","A","골목상권","2111008","석촌고분역 3번","1600","1210","390","1","185","292","294","400","428","1","151","243","216","259","340","0","34","49","78","141","88"
"2022","2","D","발달상권","2120248","명일역","860","332","528","4","114","141","223","204","174","2","41","59","84","69","77","2","73","82","139","135","97"
"2022","2","A","골목상권","2111053","성내천어린이공원(하니사랑길)","6288","4564","1724","6","799","940","1025","1564","1954","3","542","693","750","1053","1523","3","257","247","275","511","431"
"2022","2","D","발달상권","2120243","천호역","1353","629","724","6","186","250","315","291","305","2","63","108","142","123","191","4","123","142","173","168","114"
"2022","2","A","골목상권","2111058","성내중학교","451","317","134","0","51","92","129","121","58","0","37","63","90","82","45","0","14","29","39","39","13"
"2022","2","A","골목상권","2111057","천호공원(해공체육문화센터)","255","113","142","2","53","50","64","61","25","2","15","19","30","33","14","0","38","31","34","28","11"
"2022","2","A","골목상권","2111084","길동신동아아파트","169","104","65","2","27","32","37","58","13","2","21","23","24","25","9","0","6","9","13","33","4"
"2022","2","A","골목상권","2110085","경리단길남측","532","260","272","4","98","163","148","67","52","2","40","59","78","41","40","2","58","104","70","26","12"
"2022","2","D","발달상권","2120024","회현역","2167","1364","803","2","341","795","582","250","197","1","146","473","416","192","136","1","195","322","166","58","61"
"2022","2","A","골목상권","2110048","장충동주민센터","5312","2706","2606","21","867","1339","1511","1367","207","5","338","768","756","707","132","16","529","571","755","660","75"
"2022","2","R","전통시장","2130054","황학동주방가구거리상점가","374","266","108","0","25","80","116","106","47","0","18","60","77","74","37","0","7","20","39","32","10"
"2022","2","A","골목상권","2110063","효창공원앞역 5번","530","347","183","8","47","104","139","132","100","6","25","71","93","87","65","2","22","33","46","45","35"
"2022","2","A","골목상권","2110070","용산세무서","184","130","54","0","21","54","55","24","30","0","8","37","41","18","26","0","13","17","14","6","4"
"2022","2","R","전통시장","2130078","화양제일골목시장","65","23","42","0","6","17","20","18","4","0","1","7","8","6","1","0","5","10","12","12","3"
"2022","2","A","골목상권","2110150","중곡1동 마을마당","1179","698","481","1","197","352","252","217","160","1","83","194","161","132","127","0","114","158","91","85","33"
"2022","2","A","골목상권","2110154","광진정말공원","307","161","146","1","43","62","79","78","44","1","19","37","35","37","32","0","24","25","44","41","12"
"2022","2","A","골목상권","2110163","성자초등학교","272","134","138","0","37","44","65","72","54","0","13","26","31","26","38","0","24","18","34","46","16"
"2022","2","A","골목상권","2110255","상봉역 4번","327","208","119","0","39","52","78","92","66","0","20","24","46","62","56","0","19","28","32","30","10"
"2022","2","A","골목상권","2110300","삼선동주민센터","2735","1587","1148","3","248","710","769","844","161","2","97","300","444","629","115","1","151","410","325","215","46"
"2022","2","A","골목상권","2110261","사가정역 4번","167","90","77","1","16","29","49","50","22","1","8","15","25","26","15","0","8","14","24","24","7"
"2022","2","A","골목상권","2110277","러스크서울병원","178","100","78","0","16","32","39","52","39","0","6","15","23","29","27","0","10","17","16","23","12"
"2022","2","R","전통시장","2130117","정릉시장","119","62","57","0","4","15","34","41","25","0","2","8","20","18","14","0","2","7","14","23","11"
"2022","2","A","골목상권","2110308","길음역 8번","174","85","89","0","17","36","56","41","24","0","8","17","26","20","14","0","9","19","30","21","10"
"2022","2","A","골목상권","2110076","삼각지역 14번","537","175","362","0","46","143","158","153","37","0","11","49","61","45","9","0","35","94","97","108","28"
"2022","2","A","골목상권","2110535","영천시장입구","797","440","357","2","77","119","179","281","139","2","36","62","110","152","78","0","41","57","69","129","61"
"2022","2","A","골목상권","2110309","대광초등학교","354","252","102","0","37","57","103","96","61","0","18","39","69","75","51","0","19","18","34","21","10"
"2022","2","A","골목상권","2110541","동교초등학교","377","221","156","0","43","59","101","96","78","0","23","37","63","50","48","0","20","22","38","46","30"
"2022","2","A","골목상권","2110543","중암중학교","38","25","13","0","6","8","14","7","3","0","3","5","8","6","3","0","3","3","6","1","0"
"2022","2","R","전통시장","2130183","상암동상점가","816","607","209","1","89","204","283","187","52","0","49","150","227","143","38","1","40","54","56","44","14"
"2022","2","A","골목상권","2110590","만리재","97","50","47","0","19","23","23","25","7","0","6","12","11","16","5","0","13","11","12","9","2"
"2022","2","D","발달상권","2120145","영등포역(영등포)","3856","1817","2039","22","673","1021","921","702","517","0","202","441","486","388","300","22","471","580","435","314","217"
"2022","2","R","전통시장","2130001","통인시장","59","29","30","0","4","14","11","12","18","0","2","4","6","6","11","0","2","10","5","6","7"
"2022","2","A","골목상권","2110899","낙성대역 5번(관악중학교)","690","448","242","0","167","185","166","123","49","0","107","135","96","71","39","0","60","50","70","52","10"
"2022","2","R","전통시장","2130294","관악중부시장","102","40","62","1","5","10","22","39","25","0","2","3","7","16","12","1","3","7","15","23","13"
"2022","2","A","골목상권","2110854","조원동주민센터","55","39","16","0","4","5","17","21","8","0","3","5","9","15","7","0","1","0","8","6","1"
"2022","2","A","골목상권","2110113","응봉산","77","43","34","0","14","15","14","16","18","0","4","11","7","6","15","0","10","4","7","10","3"
"2022","2","A","골목상권","2110392","발바닥공원","43","17","26","0","2","8","7","10","16","0","0","0","3","3","11","0","2","8","4","7","5"
"2022","2","A","골목상권","2110878","미림여고","368","218","150","3","43","114","101","78","29","0","19","63","68","43","25","3","24","51","33","35","4"
"2022","2","A","골목상권","2110153","중곡1동주민센터","241","83","158","1","42","57","67","57","17","0","14","22","22","17","8","1","28","35","45","40","9"
"2022","2","R","전통시장","2130007","광장시장(광장전통시장)","466","310","156","0","39","77","97","129","124","0","22","41","73","77","97","0","17","36","24","52","27"
"2022","2","A","골목상권","2110169","성동초등학교","221","112","109","1","25","30","68","59","38","0","12","12","32","32","24","1","13","18","36","27","14"
"2022","2","R","전통시장","2130148","방학동도깨비시장","60","33","27","0","6","9","16","18","11","0","4","3","8","14","4","0","2","6","8","4","7"
"2022","2","D","발달상권","2120048","금호역","80","31","49","0","16","10","18","24","12","0","2","2","6","13","8","0","14","8","12","11","4"
"2022","2","D","발달상권","2120001","서대문역","1510","1022","488","1","265","530","359","278","77","1","106","344","272","237","62","0","159","186","87","41","15"
"2022","2","A","골목상권","2110136","경수초등학교","4745","2743","2002","43","1169","1097","978","875","583","32","439","633","615","593","431","11","730","464","363","282","152"
"2022","2","A","골목상권","2110167","용마초등학교","376","220","156","2","22","56","99","109","88","0","9","20","52","62","77","2","13","36","47","47","11"
"2022","2","A","골목상권","2110177","동의초등학교","135","90","45","0","11","31","32","35","26","0","3","15","21","27","24","0","8","16","11","8","2"
"2022","2","A","골목상권","2110975","매봉역 1번","10837","6932","3905","34","2175","2199","3202","3019","208","21","1010","1161","2184","2402","154","13","1165","1038","1018","617","54"
"2022","2","D","발달상권","2120072","성신여대","1048","537","511","18","137","211","213","271","198","11","46","86","103","152","139","7","91","125","110","119","59"
"2022","2","A","골목상권","2110269","용마문화복지센터","169","98","71","0","19","53","52","28","17","0","13","32","30","19","4","0","6","21","22","9","13"
"2022","2","A","골목상권","2110865","남강고등학교(남강중학교)","336","143","193","4","66","72","69","85","40","2","16","34","28","34","29","2","50","38","41","51","11"
"2022","2","D","발달상권","2120026","을지로입구역","30610","18501","12109","14","4275","11589","8473","5661","598","4","1729","5846","5959","4562","401","10","2546","5743","2514","1099","197"
"2022","2","D","발달상권","2120023","서울시청","10242","5534","4708","15","2234","3260","2778","1425","530","4","852","1657","1658","983","380","11","1382","1603","1120","442","150"
"2022","2","A","골목상권","2110038","경향신문사","2636","1651","985","0","377","783","808","593","75","0","119","436","540","491","65","0","258","347","268","102","10"
"2022","2","R","전통시장","2130038","평화시장(통일상가, 동화상가)","930","630","300","3","110","293","273","172","79","0","61","165","211","134","59","3","49","128","62","38","20"
"2022","2","A","골목상권","2110117","성동구보건소","103","73","30","1","14","27","19","33","9","1","10","20","11","25","6","0","4","7","8","8","3"
"2022","2","A","골목상권","2110055","황학동벼룩시장","29","19","10","0","1","4","6","11","7","0","1","3","5","6","4","0","0","1","1","5","3"
"2022","2","R","전통시장","2130111","동원전통종합시장(동원시장, 동원전통시장 상점가)","224","109","115","0","24","37","49","82","32","0","11","17","21","38","22","0","13","20","28","44","10"
"2022","2","A","골목상권","2110102","옥수역 6번","3362","1140","2222","0","968","1050","724","422","198","0","202","328","319","197","94","0","766","722","405","225","104"
"2022","2","A","골목상권","2110178","장로회신학대학교","194","123","71","0","25","44","42","56","27","0","15","34","21","38","15","0","10","10","21","18","12"
"2022","2","R","전통시장","2130083","중곡제일시장(중곡제일골목시장, 광성시장)","111","68","43","0","15","21","29","24","22","0","7","14","20","10","17","0","8","7","9","14","5"
"2022","2","A","골목상권","2110171","중곡4동주민센터","59","36","23","0","4","8","7","22","18","0","1","2","3","15","15","0","3","6","4","7","3"
"2022","2","A","골목상권","2110173","구남초등학교","195","106","89","0","34","50","46","44","21","0","16","28","21","25","16","0","18","22","25","19","5"
"2022","2","D","발달상권","2120061","올림픽대교북단","1094","864","230","1","228","403","324","95","43","0","165","326","290","55","28","1","63","77","34","40","15"
"2022","2","A","골목상권","2110151","자양한강도서관","249","175","74","4","35","52","63","66","29","3","24","37","49","41","21","1","11","15","14","25","8"
"2022","2","A","골목상권","2110242","면목5동주민센터","164","112","52","0","21","28","56","30","29","0","12","23","31","22","24","0","9","5","25","8","5"
"2022","2","A","골목상권","2110253","중곡초등학교","181","106","75","0","31","31","44","49","26","0","10","17","23","35","21","0","21","14","21","14","5"
"2022","2","A","골목상권","2110245","KB국민은행 중화동지점","108","69","39","0","5","18","41","27","17","0","4","10","24","17","14","0","1","8","17","10","3"
"2022","2","R","전통시장","2130133","우이골목시장(우이시장)","69","61","8","0","7","7","19","20","16","0","6","6","17","17","15","0","1","1","2","3","1"
"2022","2","A","골목상권","2110362","우이천 계성교","205","110","95","1","24","34","61","63","22","0","11","19","28","35","17","1","13","15","33","28","5"
"2022","2","A","골목상권","2110353","수유동우체국","187","91","96","0","4","18","48","60","57","0","1","12","33","27","18","0","3","6","15","33","39"
"2022","2","A","골목상권","2110314","종암경찰서","953","701","252","1","127","272","224","287","42","0","72","207","163","231","28","1","55","65","61","56","14"
"2022","2","R","전통시장","2130108","태능엔터피아(태릉시장)","3","1","2","0","0","0","1","2","0","0","0","0","0","1","0","0","0","0","1","1","0"
"2022","2","A","골목상권","2110234","중랑역 4번","96","41","55","0","15","16","23","25","17","0","2","5","10","14","10","0","13","11","13","11","7"
"2022","2","A","골목상권","2110250","화랑대역 7번","111","69","42","0","7","20","32","34","18","0","5","12","15","23","14","0","2","8","17","11","4"
"2022","2","A","골목상권","2110853","KT구로지사","213","127","86","0","21","47","65","50","30","0","9","26","44","27","21","0","12","21","21","23","9"
"2022","2","R","전통시장","2130137","수유전통시장(수유시장, 수유골목시장)","89","31","58","0","5","10","19","26","29","0","0","3","8","8","12","0","5","7","11","18","17"
"2022","2","R","전통시장","2130138","수유프라자","142","24","118","1","31","24","16","42","28","0","1","4","5","4","10","1","30","20","11","38","18"
"2022","2","R","전통시장","2130134","솔샘시장(미아6,7동골목시장)","73","30","43","1","7","19","25","18","3","0","3","4","12","8","3","1","4","15","13","10","0"
"2022","2","D","발달상권","2120095","홍제역","922","520","402","1","73","107","260","362","119","0","17","56","137","222","88","1","56","51","123","140","31"
"2022","2","A","골목상권","2110285","홍대부중","814","559","255","9","219","220","210","100","56","6","118","172","163","69","31","3","101","48","47","31","25"
"2022","2","A","골목상권","2110284","정릉북한산국립공원입구","644","558","86","0","13","85","200","250","96","0","8","69","176","220","85","0","5","16","24","30","11"
"2022","2","R","전통시장","2130004","낙원시장(낙원지하시장(대일상가))","364","258","106","0","29","70","99","78","88","0","14","51","68","57","68","0","15","19","31","21","20"
"2022","2","A","골목상권","2110381","번동주공2단지","171","88","83","5","31","28","38","55","14","4","11","14","21","30","8","1","20","14","17","25","6"
"2022","2","R","전통시장","2130139","강북종합전통시장(강북종합골목시장)","166","114","52","0","16","45","61","28","16","0","11","33","42","19","9","0","5","12","19","9","7"
"2022","2","A","골목상권","2110517","서대문소방서","1051","692","359","8","225","280","242","207","89","5","104","187","179","161","56","3","121","93","63","46","33"
"2022","2","A","골목상권","2110027","혜화역 1번","617","366","251","1","73","116","131","98","198","0","28","74","65","54","145","1","45","42","66","44","53"
"2022","2","R","전통시장","2130180","포방터시장","59","34","25","0","13","11","15","6","14","0","4","4","11","5","10","0","9","7","4","1","4"
"2022","2","R","전통시장","2130176","유진상가","38","23","15","0","20","16","1","1","0","0","9","13","1","0","0","0","11","3","0","1","0"
"2022","2","A","골목상권","2110504","명지전문대","139","35","104","0","8","17","27","38","49","0","3","4","6","11","11","0","5","13","21","27","38"
"2022","2","A","골목상권","2110552","성미산체육관","646","469","177","1","110","162","148","159","66","0","72","121","99","129","48","1","38","41","49","30","18"
"2022","2","R","전통시장","2130178","이대 앞 스타트업 상점가","32","7","25","0","5","5","10","6","6","0","1","0","4","0","2","0","4","5","6","6","4"
"2022","2","A","골목상권","2110508","서연중학교","1028","470","558","9","149","249","175","268","178","3","66","152","81","93","75","6","83","97","94","175","103"
"2022","2","A","골목상권","2110506","연희임광아파트","110","66","44","0","5","12","39","29","25","0","1","8","20","19","18","0","4","4","19","10","7"
"2022","2","A","골목상권","2110574","서강대학교","173","123","50","0","35","41","49","38","10","0","17","30","41","30","5","0","18","11","8","8","5"
"2022","2","A","골목상권","2110794","영동초등학교","632","494","138","0","87","115","178","167","85","0","47","89","148","135","75","0","40","26","30","32","10"
"2022","2","D","발달상권","2120135","양평역","5072","3013","2059","32","1300","1280","1187","776","497","11","626","825","676","441","434","21","674","455","511","335","63"
"2022","2","A","골목상권","2110768","도림2동유수지내체육시설","294","155","139","0","20","43","63","73","95","0","7","22","32","41","53","0","13","21","31","32","42"
"2022","2","A","골목상권","2110785","영등포푸르지오아파트","161","84","77","2","13","17","39","44","46","2","8","12","24","14","24","0","5","5","15","30","22"
"2022","2","A","골목상권","2110795","도림초등학교","533","356","177","0","20","49","80","128","256","0","8","36","48","74","190","0","12","13","32","54","66"
"2022","2","A","골목상권","2110886","관악해태어린이공원","188","103","85","1","38","50","41","36","22","1","18","28","21","23","12","0","20","22","20","13","10"
"2022","2","D","발달상권","2120157","신림역(신림)","593","255","338","1","95","115","145","125","112","0","19","40","81","48","67","1","76","75","64","77","45"
"2022","2","R","전통시장","2130249","동남상가","10","8","2","0","2","0","0","4","4","0","1","0","0","4","3","0","1","0","0","0","1"
"2022","2","A","골목상권","2110862","난곡초등학교(난곡동벽화마을)","84","41","43","0","4","13","14","34","19","0","2","6","11","15","7","0","2","7","3","19","12"
"2022","2","R","전통시장","2130293","봉천중앙시장","154","42","112","0","17","13","29","46","49","0","5","7","14","14","2","0","12","6","15","32","47"
"2022","2","A","골목상권","2110876","서원동주민센터(신관중학교)","49","29","20","0","5","9","16","9","10","0","2","4","10","4","9","0","3","5","6","5","1"
"2022","2","A","골목상권","2110871","신원동주민센터","159","101","58","1","12","40","45","37","24","0","8","25","27","25","16","1","4","15","18","12","8"
"2022","2","R","전통시장","2130284","관악종합시장(신원시장)","17","10","7","0","0","1","3","10","3","0","0","1","1","6","2","0","0","0","2","4","1"
"2022","2","A","골목상권","2110890","봉천역 1번(관악초등학교)","261","152","109","1","22","44","95","70","29","0","4","22","59","46","21","1","18","22","36","24","8"
"2022","2","A","골목상권","2110893","관악소방서(문영여고)","353","303","50","0","39","110","66","113","25","0","29","96","57","99","22","0","10","14","9","14","3"
"2022","2","A","골목상권","2110866","난우중학교","171","91","80","0","20","36","34","62","19","0","14","20","12","29","16","0","6","16","22","33","3"
"2022","2","R","전통시장","2130092","청량리농수산물시장","12","9","3","0","0","1","3","5","3","0","0","0","3","3","3","0","0","1","0","2","0"
"2022","2","A","골목상권","2110422","노원역 9번","277","221","56","0","27","70","94","54","32","0","24","59","79","37","22","0","3","11","15","17","10"
"2022","2","A","골목상권","2110424","상계초등학교","388","157","231","2","42","50","96","106","92","2","18","32","32","42","31","0","24","18","64","64","61"
"2022","2","D","발달상권","2120219","은마아파트","17161","5791","11370","202","3396","3816","3174","4058","2515","83","1254","1870","1373","817","394","119","2142","1946","1801","3241","2121"
"2022","2","A","골목상권","2110976","언북초등학교","578","332","246","1","111","188","126","86","66","0","41","115","83","49","44","1","70","73","43","37","22"
"2022","2","A","골목상권","2110019","창덕궁","325","215","110","0","47","91","82","71","34","0","21","65","53","49","27","0","26","26","29","22","7"
"2022","2","R","전통시장","2130033","대림상가(청계상가)","169","121","48","0","7","29","54","39","40","0","3","19","35","30","34","0","4","10","19","9","6"
"2022","2","R","전통시장","2130018","동대문문구완구거리(동대문문구완구시장)","215","124","91","0","27","45","50","52","41","0","12","24","33","31","24","0","15","21","17","21","17"
"2022","2","D","발달상권","2120005","삼청동","3053","2795","258","1","399","712","898","817","226","0","340","633","848","776","198","1","59","79","50","41","28"
"2022","2","A","골목상권","2110031","창신역 1번","44","31","13","0","7","14","5","11","7","0","4","8","4","8","7","0","3","6","1","3","0"
"2022","2","R","전통시장","2130099","전농로터리시장","7","3","4","0","1","0","2","3","1","0","0","0","1","1","1","0","1","0","1","2","0"
"2022","2","D","발달상권","2120085","은행사거리","317","121","196","4","51","48","80","78","56","3","11","14","21","40","32","1","40","34","59","38","24"
"2022","2","R","전통시장","2130002","세종마을음식문화거리(금천교시장)","564","392","172","4","56","109","120","121","154","0","26","74","75","90","127","4","30","35","45","31","27"
"2022","2","A","골목상권","2110420","광운대역 1번","814","483","331","7","235","312","188","43","29","0","114","236","92","23","18","7","121","76","96","20","11"
"2022","2","A","골목상권","2110026","종로5가역 4번","190","120","70","0","22","41","73","27","27","0","9","28","47","14","22","0","13","13","26","13","5"
"2022","2","R","전통시장","2130085","용두시장","4","2","2","0","0","0","1","2","1","0","0","0","0","1","1","0","0","0","1","1","0"
"2022","2","D","발달상권","2120099","월드컵경기장역(월드컵경기장)","84","57","27","0","11","20","26","14","13","0","6","16","21","7","7","0","5","4","5","7","6"
"2022","2","A","골목상권","2110108","성동구립금호도서관","6","1","5","0","0","1","4","1","0","0","0","0","0","1","0","0","0","1","4","0","0"
"2022","2","A","골목상권","2111081","둔촌푸르지오아파트","78","50","28","0","8","17","18","18","17","0","4","12","13","6","15","0","4","5","5","12","2"
"2022","2","D","발달상권","2120140","문래동주민센터","6162","3296","2866","22","1447","1840","1635","916","302","11","558","993","992","517","225","11","889","847","643","399","77"
"2022","2","A","골목상권","2110659","화곡역 4번","867","512","355","11","102","182","240","188","144","9","52","115","144","110","82","2","50","67","96","78","62"
"2022","2","A","골목상권","2110985","청담근린공원","1338","948","390","0","193","447","374","226","98","0","98","346","275","157","72","0","95","101","99","69","26"
"2022","2","A","골목상권","2110972","강남세브란스병원미래의학연구센터","2628","1440","1188","17","539","669","692","581","130","4","240","428","438","258","72","13","299","241","254","323","58"
"2022","2","A","골목상권","2110935","한전아트센터","379","264","115","2","53","108","105","72","39","2","33","82","75","46","26","0","20","26","30","26","13"
"2022","2","R","전통시장","2130014","동문시장","3","1","2","0","0","2","0","0","1","0","0","0","0","0","1","0","0","2","0","0","0"
"2022","2","D","발달상권","2120213","삼성중앙역","8472","5131","3341","50","1855","2469","1898","1065","1135","12","828","1511","1297","712","771","38","1027","958","601","353","364"
"2022","2","A","골목상권","2110939","양재역 8번(양재동우체국)","5945","4103","1842","23","971","1415","1465","1168","903","15","500","989","1056","798","745","8","471","426","409","370","158"
"2022","2","A","골목상권","2111021","방이역 4번","7674","5867","1807","22","792","1328","1977","2139","1416","15","392","911","1551","1769","1229","7","400","417","426","370","187"
"2022","2","A","골목상권","2111074","명일역 1번","148","77","71","2","31","38","40","16","21","1","9","23","23","10","11","1","22","15","17","6","10"
"2022","2","D","발달상권","2120032","충무로역","11403","5304","6099","36","1756","2560","3266","2711","1074","15","589","1271","1554","1201","674","21","1167","1289","1712","1510","400"
"2022","2","A","골목상권","2110468","응암역 3번","1129","494","635","2","141","256","316","256","158","0","44","114","140","109","87","2","97","142","176","147","71"
"2022","2","R","전통시장","2130160","수일시장","7","2","5","0","0","2","1","2","2","0","0","0","0","1","1","0","0","2","1","1","1"
"2022","2","A","골목상권","2110454","선정중학교","481","268","213","3","56","71","142","108","101","2","42","35","53","66","70","1","14","36","89","42","31"
"2022","2","R","전통시장","2130164","역촌중앙시장","9","3","6","0","0","1","2","2","4","0","0","0","1","1","1","0","0","1","1","1","3"
"2022","2","D","발달상권","2120088","구산역","799","279","520","2","86","117","175","272","147","2","30","65","68","59","55","0","56","52","107","213","92"
"2022","2","R","전통시장","2130169","대조시장","67","31","36","0","5","11","21","23","7","0","1","3","11","11","5","0","4","8","10","12","2"
"2022","2","A","골목상권","2110476","역촌역 2번","56","26","30","0","2","8","22","17","7","0","1","3","9","7","6","0","1","5","13","10","1"
"2022","2","A","골목상권","2110470","신진과학기술고등학교","127","78","49","0","30","22","40","25","10","0","12","11","31","19","5","0","18","11","9","6","5"
"2022","2","A","골목상권","2110617","등촌역 4번","274","192","82","0","47","75","77","51","24","0","37","55","51","33","16","0","10","20","26","18","8"
"2022","2","D","발달상권","2120111","목동사거리","1828","710","1118","1","551","601","341","219","115","0","101","248","161","116","84","1","450","353","180","103","31"
"2022","2","A","골목상권","2110463","응암3동주민센터","123","54","69","0","7","23","36","26","31","0","3","6","14","11","20","0","4","17","22","15","11"
"2022","2","R","전통시장","2130199","신월3동 골목시장","18","8","10","0","1","4","4","9","0","0","0","1","3","4","0","0","1","3","1","5","0"
"2022","2","A","골목상권","2110601","신월1동우편취급국","1200","814","386","3","116","180","274","437","190","1","61","115","183","309","145","2","55","65","91","128","45"
"2022","2","A","골목상권","2110955","논현초등학교","3430","2238","1192","19","719","823","793","625","451","13","417","568","554","389","297","6","302","255","239","236","154"
"2022","2","A","골목상권","2110627","신정롯데캐슬아파트","512","310","202","24","127","127","89","83","62","13","69","79","57","49","43","11","58","48","32","34","19"
"2022","2","A","골목상권","2110623","갈산공원","118","94","24","0","27","32","24","27","8","0","23","26","21","19","5","0","4","6","3","8","3"
"2022","2","A","골목상권","2110611","신정역 1번","316","212","104","2","35","61","100","82","36","2","21","44","61","52","32","0","14","17","39","30","4"
"2022","2","A","골목상권","2110640","방화역 1번","1019","638","381","3","139","292","240","195","150","3","62","119","167","158","129","0","77","173","73","37","21"
"2022","2","A","골목상권","2110677","등촌역 1번","410","321","89","1","50","80","83","91","105","1","24","51","70","76","99","0","26","29","13","15","6"
"2022","2","R","전통시장","2130213","방신전통시장","112","77","35","0","13","20","25","29","25","0","10","18","14","14","21","0","3","2","11","15","4"
"2022","2","D","발달상권","2120116","송정역","117","64","53","0","17","27","28","20","25","0","9","11","15","10","19","0","8","16","13","10","6"
"2022","2","A","골목상권","2110655","발산역 5번","587","355","232","0","97","156","147","112","75","0","29","94","98","76","58","0","68","62","49","36","17"
"2022","2","U","관광특구","1001492","명동 남대문 북창동 다동 무교동 관광특구","104830","53674","51156","423","27134","34007","23384","15726","4156","137","8860","16080","15133","10824","2640","286","18274","17927","8251","4902","1516"
"2022","2","D","발달상권","2120205","매봉역","13950","9370","4580","95","2838","4203","3126","1781","1907","44","1450","2959","2521","1302","1094","51","1388","1244","605","479","813"
"2022","2","D","발달상권","2120189","강남역","72613","38819","33794","234","17636","24305","18411","9151","2876","59","6629","13226","10962","5914","2029","175","11007","11079","7449","3237","847"
"2022","2","A","골목상권","2110711","구로초등학교","818","332","486","4","62","122","166","288","176","2","26","70","82","75","77","2","36","52","84","213","99"
"2022","2","A","골목상권","2110716","구로나눔길","666","398","268","1","132","256","164","77","36","0","39","154","115","60","30","1","93","102","49","17","6"
"2022","2","A","골목상권","2110694","세곡초등학교","445","249","196","2","55","149","90","98","51","0","24","76","51","60","38","2","31","73","39","38","13"
"2022","2","A","골목상권","2110740","금천해태공원","650","283","367","1","135","136","138","170","70","1","47","55","58","71","51","0","88","81","80","99","19"
"2022","2","A","골목상권","2110753","시흥동 은행나무사거리","617","387","230","0","69","100","149","166","133","0","28","68","90","96","105","0","41","32","59","70","28"
"2022","2","A","골목상권","2110729","가산동우체국","151","112","39","0","19","30","40","39","23","0","14","19","30","30","19","0","5","11","10","9","4"
"2022","2","A","골목상권","2110821","보라매역 2번","595","353","242","0","73","109","140","135","138","0","34","65","79","87","88","0","39","44","61","48","50"
"2022","2","R","전통시장","2130234","푸른터시장(기능상실)","3","2","1","0","0","1","0","2","0","0","0","1","0","1","0","0","0","0","0","1","0"
"2022","2","D","발달상권","2120170","삼호가든사거리","2026","1161","865","8","279","587","623","346","183","7","113","333","412","168","128","1","166","254","211","178","55"
"2022","2","A","골목상권","2110746","금천금빛공원(은행나무사거리서측)","70","48","22","0","5","11","22","21","11","0","3","9","13","15","8","0","2","2","9","6","3"
"2022","2","R","전통시장","2130274","사당1동먹자골목상점가(사당1동먹자골목)","389","218","171","4","91","100","81","63","50","3","45","64","37","35","34","1","46","36","44","28","16"
"2022","2","D","발달상권","2120182","양재시민의숲역(양재동꽃시장, aT센터)","6144","4255","1889","33","1041","1652","1482","1259","677","14","539","1144","1089","924","545","19","502","508","393","335","132"
"2022","2","D","발달상권","2120183","양재천카페거리","3558","2626","932","12","586","972","848","551","589","10","364","717","638","413","484","2","222","255","210","138","105"
"2022","2","R","전통시장","2130262","상도도깨비 골목형상점가","18","8","10","0","1","0","12","2","3","0","0","0","6","0","2","0","1","0","6","2","1"
"2022","2","A","골목상권","2110838","상도1동주민센터앞","131","122","9","0","3","32","30","35","31","0","3","27","27","35","30","0","0","5","3","0","1"
"2022","2","R","전통시장","2130314","풍납시장","202","99","103","1","24","42","50","60","25","1","15","27","22","18","16","0","9","15","28","42","9"
"2022","2","A","골목상권","2110851","경문고등학교(동작동성당)","485","233","252","0","79","136","140","102","28","0","32","53","66","66","16","0","47","83","74","36","12"
"2022","2","D","발달상권","2120178","신사역","10933","5953","4980","34","2539","2847","2355","1810","1348","13","871","1570","1480","999","1020","21","1668","1277","875","811","328"
"2022","2","A","골목상권","2110908","구반포역","1525","377","1148","0","66","111","397","806","145","0","42","54","71","141","69","0","24","57","326","665","76"
"2022","2","D","발달상권","2120207","선정릉역","12151","7422","4729","32","2685","4209","2741","1595","889","16","1111","2464","1939","1147","745","16","1574","1745","802","448","144"
"2022","2","D","발달상권","2120180","양재화물트럭터미널앞","2562","2146","416","13","637","812","554","409","137","10","466","711","481","363","115","3","171","101","73","46","22"
"2022","2","D","발달상권","2120216","경기고교사거리(경기고교앞사거리)","4934","3621","1313","8","712","1628","1666","772","148","5","291","1070","1431","703","121","3","421","558","235","69","27"
"2022","2","A","골목상권","2110995","봉은사역 4번","5085","3711","1374","9","978","2002","1271","637","188","2","575","1477","990","523","144","7","403","525","281","114","44"
"2022","2","D","발달상권","2120215","포스코사거리","61656","40699","20957","170","9756","22505","18176","8404","2645","29","4305","14324","13853","6406","1782","141","5451","8181","4323","1998","863"
"2022","2","A","골목상권","2110916","내방역 4번","1152","592","560","9","216","272","301","208","146","6","58","167","187","91","83","3","158","105","114","117","63"
"2022","2","A","골목상권","2110230","장안현대홈타운1차아파트","161","101","60","0","15","32","52","45","17","0","6","22","33","28","12","0","9","10","19","17","5"
"2022","2","A","골목상권","2110951","신사은행나무공원","273","75","198","0","35","83","96","51","8","0","6","24","27","15","3","0","29","59","69","36","5"
"2022","2","A","골목상권","2110037","신설동역 12번","208","124","84","0","16","46","51","61","34","0","6","20","32","41","25","0","10","26","19","20","9"
"2022","2","A","골목상권","2110944","서울나래학교(염곡어린이공원)","1053","735","318","10","133","246","201","217","246","8","98","194","153","139","143","2","35","52","48","78","103"
"2022","2","D","발달상권","2120208","청담사거리(청담동명품거리)","10577","4635","5942","38","3354","3776","2024","878","507","13","1031","1619","1113","501","358","25","2323","2157","911","377","149"
"2022","2","A","골목상권","2110961","언주역 3번","962","673","289","5","172","286","248","140","111","3","97","184","187","112","90","2","75","102","61","28","21"
"2022","2","D","발달상권","2120149","여의도역(여의도)","69255","45888","23367","184","11383","22550","19240","12096","3802","34","5884","14085","14147","9350","2388","150","5499","8465","5093","2746","1414"
"2022","2","A","골목상권","2111005","삼전역 3번","1865","1358","507","0","320","617","459","302","167","0","215","449","339","222","133","0","105","168","120","80","34"
"2022","2","R","전통시장","2130313","방이시장","3469","1526","1943","5","449","529","612","1126","748","4","159","335","346","371","311","1","290","194","266","755","437"
"2022","2","D","발달상권","2120084","공릉역","712","546","166","3","33","59","110","240","267","1","11","22","63","205","244","2","22","37","47","35","23"
"2022","2","D","발달상권","2120228","석촌역(석촌호수)","4494","2725","1769","7","707","1306","1038","695","741","1","288","851","680","410","495","6","419","455","358","285","246"
"2022","2","A","골목상권","2110231","장안교","11","8","3","0","0","1","4","5","1","0","0","1","3","4","0","0","0","0","1","1","1"
"2022","2","A","골목상권","2111030","방이역 2번","665","419","246","1","57","107","147","217","136","0","28","68","94","128","101","1","29","39","53","89","35"
"2022","2","A","골목상권","2110225","촬영소사거리","330","204","126","0","22","36","68","83","121","0","9","25","42","55","73","0","13","11","26","28","48"
"2022","2","D","발달상권","2120012","대학로(혜화역)","2061","929","1132","10","357","603","507","318","266","5","105","208","252","171","188","5","252","395","255","147","78"
"2022","2","A","골목상권","2110079","후암동주민센터","1084","584","500","4","223","262","267","196","132","3","73","156","156","105","91","1","150","106","111","91","41"
"2022","2","A","골목상권","2110394","방학중학교","193","116","77","0","15","32","46","48","52","0","8","18","23","29","38","0","7","14","23","19","14"
"2022","2","R","전통시장","2130056","용산용문시장","65","34","31","0","7","15","18","10","15","0","4","6","7","6","11","0","3","9","11","4","4"
"2022","2","A","골목상권","2111034","오동나무공원(송파레미니스1단지)","1443","1020","423","3","244","367","352","318","159","3","155","253","264","223","122","0","89","114","88","95","37"
"2022","2","A","골목상권","2110263","면목역 1번","128","69","59","0","12","27","34","24","31","0","6","12","11","14","26","0","6","15","23","10","5"
"2022","2","A","골목상권","2110550","합정역 8번","1578","740","838","1","240","411","414","333","179","0","84","165","221","171","99","1","156","246","193","162","80"
"2022","2","R","전통시장","2130152","오!도봉거리 상점가","61","34","27","0","5","14","19","13","10","0","1","5","10","10","8","0","4","9","9","3","2"
"2022","2","D","발달상권","2120083","등나무근린공원","1184","787","397","0","166","325","271","283","139","0","114","228","171","179","95","0","52","97","100","104","44"
"2022","2","D","발달상권","2120065","회기역","326","207","119","3","48","55","89","76","55","1","27","39","49","49","42","2","21","16","40","27","13"
"2022","2","A","골목상권","2111044","남천초등학교","557","264","293","1","95","146","167","113","35","0","35","71","76","56","26","1","60","75","91","57","9"
"2022","2","A","골목상권","2110022","경신고등학교","537","396","141","11","142","162","128","59","35","10","100","123","94","43","26","1","42","39","34","16","9"
"2022","2","A","골목상권","2110218","답십리사거리","158","83","75","0","14","25","45","60","14","0","5","12","22","33","11","0","9","13","23","27","3"
"2022","2","A","골목상권","2111007","석촌고분역 4번","936","480","456","0","107","215","255","242","117","0","43","116","142","109","70","0","64","99","113","133","47"
"2022","2","A","골목상권","2110399","창2동주민센터","852","519","333","8","114","210","262","189","69","8","71","159","139","94","48","0","43","51","123","95","21"
"2022","2","A","골목상권","2111073","둔촌동역 1번(한산중학교)","973","578","395","1","134","224","250","206","158","1","58","122","160","124","113","0","76","102","90","82","45"
"2022","2","A","골목상권","2111033","문정동성당","70","30","40","0","5","4","16","16","29","0","2","3","8","9","8","0","3","1","8","7","21"
"2022","2","A","골목상권","2110383","덕성여대시반거리","33","21","12","0","0","3","13","10","7","0","0","2","9","5","5","0","0","1","4","5","2"
"2022","2","D","발달상권","2120224","수서역","12418","6339","6079","23","1900","3177","3167","2346","1805","12","860","1669","1497","1232","1069","11","1040","1508","1670","1114","736"
"2022","2","A","골목상권","2111038","보인중학교","416","270","146","0","26","66","113","123","88","0","11","38","85","88","48","0","15","28","28","35","40"
"2022","2","A","골목상권","2111079","둔촌고등학교(둔촌중학교)","395","202","193","1","52","59","66","79","138","1","32","35","35","28","71","0","20","24","31","51","67"
"2022","2","D","발달상권","2120245","둔촌역","1884","1135","749","7","312","460","446","371","288","6","169","309","271","195","185","1","143","151","175","176","103"
"2022","2","A","골목상권","2111069","천호1동주민센터","79","54","25","0","8","17","17","26","11","0","4","12","14","14","10","0","4","5","3","12","1"
"2022","2","A","골목상권","2111065","천일초등학교","75","34","41","2","6","20","18","22","7","2","5","10","7","5","5","0","1","10","11","17","2"
"2022","2","R","전통시장","2130323","둔촌역전통시장","171","86","85","0","3","14","23","36","95","0","2","6","8","14","56","0","1","8","15","22","39"
"2022","2","A","골목상권","2111082","중앙보훈병원","64","44","20","0","3","9","11","23","18","0","1","3","5","18","17","0","2","6","6","5","1"
"2022","2","A","골목상권","2111083","GS강동자이아파트","411","245","166","0","67","62","70","100","112","0","47","43","41","44","70","0","20","19","29","56","42"
"2022","2","A","골목상권","2110088","오산고등학교","1696","1140","556","16","439","504","454","203","80","7","263","350","312","150","58","9","176","154","142","53","22"
"2022","2","R","전통시장","2130053","백학시장","160","69","91","0","22","24","46","37","31","0","8","8","20","15","18","0","14","16","26","22","13"
"2022","2","A","골목상권","2110058","성심여자고등학교","947","659","288","10","141","228","254","194","120","3","71","162","181","141","101","7","70","66","73","53","19"
"2022","2","D","발달상권","2120046","이태원(이태원역)","2276","1295","981","24","817","682","338","220","195","15","389","421","205","134","131","9","428","261","133","86","64"
"2022","2","R","전통시장","2130062","보광시장","31","12","19","0","0","6","10","13","2","0","0","3","4","4","1","0","0","3","6","9","1"
"2022","2","A","골목상권","2110069","숙대입구","829","295","534","3","200","295","168","86","77","3","34","90","82","40","46","0","166","205","86","46","31"
"2022","2","A","골목상권","2110110","상왕십리역 6번","93","55","38","1","12","22","24","18","16","1","7","12","13","10","12","0","5","10","11","8","4"
"2022","2","A","골목상권","2110257","상봉역 7번","397","330","67","0","17","18","50","133","179","0","6","11","34","118","161","0","11","7","16","15","18"
"2022","2","A","골목상권","2110172","광진초등학교","351","227","124","0","42","73","97","92","47","0","17","48","61","65","36","0","25","25","36","27","11"
"2022","2","A","골목상권","2110093","우사단길","2482","1548","934","2","325","1015","734","327","79","1","101","529","548","305","64","1","224","486","186","22","15"
"2022","2","D","발달상권","2120021","시청역_8번","24117","15220","8897","74","4137","8250","7186","3526","944","13","1738","4529","5241","3020","679","61","2399","3721","1945","506","265"
"2022","2","A","골목상권","2110334","석관중앙교회","170","105","65","0","21","43","31","41","34","0","8","19","19","29","30","0","13","24","12","12","4"
"2022","2","A","골목상권","2110338","인수초등학교","190","135","55","0","34","59","43","46","8","0","18","42","33","35","7","0","16","17","10","11","1"
"2022","2","A","골목상권","2110555","홍익지구대","335","161","174","1","58","69","68","50","89","0","16","32","34","21","58","1","42","37","34","29","31"
"2022","2","R","전통시장","2130179","이화여대 3,5,7길 상점가","147","65","82","3","34","15","41","31","23","1","12","3","14","17","18","2","22","12","27","14","5"
"2022","2","D","발달상권","2120014","종로5가역","4887","2839","2048","375","1123","1351","1205","597","236","112","456","860","851","397","163","263","667","491","354","200","73"
"2022","2","A","골목상권","2110883","은천초등학교(은천교앞)","212","126","86","2","21","44","71","49","25","1","12","25","43","29","16","1","9","19","28","20","9"
"2022","2","A","골목상권","2110882","신성초등학교","733","444","289","1","95","131","215","168","123","0","52","67","122","109","94","1","43","64","93","59","29"
"2022","2","A","골목상권","2110869","신림역 5번(신림동주민센터, 신림동별빛거리)","1026","681","345","1","79","136","248","233","329","1","36","73","143","155","273","0","43","63","105","78","56"
"2022","2","R","전통시장","2130290","영림시장","417","183","234","0","74","101","107","92","43","0","14","49","43","44","33","0","60","52","64","48","10"
"2022","2","A","골목상권","2110095","한강진역 3번","1186","801","385","16","160","326","321","298","65","8","61","235","227","226","44","8","99","91","94","72","21"
"2022","2","A","골목상권","2110221","의릉","95","69","26","0","10","12","36","29","8","0","6","10","24","22","7","0","4","2","12","7","1"
"2022","2","R","전통시장","2130052","서울중앙시장(신중앙시장)","479","342","137","0","106","156","101","61","55","0","80","110","57","45","50","0","26","46","44","16","5"
"2022","2","R","전통시장","2130065","무학봉상점가","144","67","77","0","22","29","34","37","22","0","4","10","14","22","17","0","18","19","20","15","5"
"2022","2","A","골목상권","2110116","청계천박물관","4884","3674","1210","30","342","780","1090","1772","870","26","217","571","881","1319","660","4","125","209","209","453","210"
"2022","2","R","전통시장","2130010","종로신진시장","200","113","87","0","20","29","55","48","48","0","14","17","24","26","32","0","6","12","31","22","16"
"2022","2","A","골목상권","2110396","쌍문역1번(쌍리단길)","259","94","165","2","41","49","52","76","39","0","13","15","22","29","15","2","28","34","30","47","24"
"2022","2","A","골목상권","2110121","한양대역 4번","45","30","15","0","3","10","8","11","13","0","2","5","5","7","11","0","1","5","3","4","2"
"2022","2","A","골목상권","2110266","면목동우체국","225","182","43","0","10","31","38","79","67","0","1","19","30","69","63","0","9","12","8","10","4"
"2022","2","D","발달상권","2120009","종로3가역","8495","4786","3709","19","1355","2296","2026","1582","1217","8","563","1230","1198","953","834","11","792","1066","828","629","383"
"2022","2","D","발달상권","2120006","종각역","33181","16028","17153","59","5900","11133","9928","5489","672","14","2254","4920","4677","3672","491","45","3646","6213","5251","1817","181"
"2022","2","A","골목상권","2110128","성원중학교","1237","712","525","1","127","206","296","338","269","1","66","118","185","203","139","0","61","88","111","135","130"
"2022","2","A","골목상권","2110211","전곡마을마당공원","626","445","181","1","66","101","170","194","94","0","45","73","129","143","55","1","21","28","41","51","39"
"2022","2","R","전통시장","2130042","약수시장","158","67","91","2","36","30","40","21","29","2","9","9","19","8","20","0","27","21","21","13","9"
"2022","2","A","골목상권","2110208","시조사삼거리","75","56","19","0","2","14","7","17","35","0","1","7","2","11","35","0","1","7","5","6","0"
"2022","2","R","전통시장","2130075","노룬산시장(노룬산골목시장)","23","13","10","0","4","5","10","2","2","0","3","3","6","0","1","0","1","2","4","2","1"
"2022","2","D","발달상권","2120043","서울역","22578","15322","7256","58","4087","7782","5513","3664","1474","27","2087","4897","4201","3033","1077","31","2000","2885","1312","631","397"
"2022","2","A","골목상권","2110071","한강미주맨션아파트","281","182","99","0","36","68","68","55","54","0","20","44","40","41","37","0","16","24","28","14","17"
"2022","2","R","전통시장","2130050","청평화시장","120","50","70","1","18","26","31","29","15","1","9","13","5","15","7","0","9","13","26","14","8"
"2022","2","R","전통시장","2130045","광희패션몰","49","29","20","0","1","5","11","17","15","0","0","2","7","11","9","0","1","3","4","6","6"
"2022","2","A","골목상권","2110051","한양공고앞 교차로","111","82","29","0","17","23","33","26","12","0","12","16","24","20","10","0","5","7","9","6","2"
"2022","2","A","골목상권","2110120","서울숲카페거리","79","49","30","0","8","12","35","18","6","0","3","8","23","10","5","0","5","4","12","8","1"
"2022","2","A","골목상권","2110081","해방촌 남동측","291","170","121","0","46","68","58","64","55","0","14","37","30","41","48","0","32","31","28","23","7"
"2022","2","R","전통시장","2130060","신흥시장","4","1","3","0","0","2","0","2","0","0","0","1","0","0","0","0","0","1","0","2","0"
"2022","2","A","골목상권","2110078","이촌동점보아파트","69","29","40","0","12","15","17","13","12","0","3","8","7","5","6","0","9","7","10","8","6"
"2022","2","A","골목상권","2110082","용산구청","1571","779","792","2","165","447","417","439","101","2","45","147","200","302","83","0","120","300","217","137","18"
"2022","2","A","골목상권","2110142","화양사거리","213","107","106","1","37","47","44","52","32","1","20","25","24","16","21","0","17","22","20","36","11"
"2022","2","A","골목상권","2110115","상왕십리역 3번","945","362","583","10","392","218","156","113","56","0","76","84","93","75","34","10","316","134","63","38","22"
"2022","2","A","골목상권","2110132","성수2가3동주민센터","786","521","265","0","97","182","220","197","90","0","67","133","145","108","68","0","30","49","75","89","22"
"2022","2","A","골목상권","2110176","해오름공원","758","432","326","1","70","206","221","168","92","1","30","116","125","90","70","0","40","90","96","78","22"
"2022","2","A","골목상권","2110100","옥수동우편취급국","46","31","15","0","5","18","13","6","4","0","0","15","7","5","4","0","5","3","6","1","0"
"2022","2","A","골목상권","2110149","세종대학교","122","72","50","0","15","21","31","23","32","0","8","13","19","7","25","0","7","8","12","16","7"
"2022","2","A","골목상권","2110262","상봉역 3번","1532","879","653","2","221","447","543","268","51","0","119","337","282","107","34","2","102","110","261","161","17"
"2022","2","A","골목상권","2110247","먹골역 1번","377","175","202","0","53","79","123","78","44","0","21","30","55","38","31","0","32","49","68","40","13"
"2022","2","A","골목상권","2110175","푸른동산공원","370","235","135","0","41","74","109","86","60","0","24","48","70","53","40","0","17","26","39","33","20"
"2022","2","R","전통시장","2130076","능동로골목시장","88","67","21","0","2","11","14","16","45","0","1","4","13","10","39","0","1","7","1","6","6"
"2022","2","R","전통시장","2130080","자양종합시장(기능상실)","14","10","4","0","0","1","6","6","1","0","0","1","4","4","1","0","0","0","2","2","0"
"2022","2","R","전통시장","2130074","영동교골목시장","21","15","6","0","6","9","2","3","1","0","3","9","0","2","1","0","3","0","2","1","0"
"2022","2","D","발달상권","2120068","사가정역","145","45","100","3","38","31","25","22","26","0","1","5","12","12","15","3","37","26","13","10","11"
"2022","2","A","골목상권","2110267","망우역 2번","139","49","90","1","15","28","50","28","17","1","2","10","19","13","4","0","13","18","31","15","13"
"2022","2","A","골목상권","2110326","장위동성당","84","40","44","0","2","9","16","13","44","0","1","2","6","5","26","0","1","7","10","8","18"
"2022","2","A","골목상권","2110241","먹골역 5번","415","213","202","0","61","87","97","117","53","0","17","49","46","63","38","0","44","38","51","54","15"
"2022","2","A","골목상권","2110276","신내IC북측","39","25","14","0","1","6","11","12","9","0","0","5","6","9","5","0","1","1","5","3","4"
"2022","2","R","전통시장","2130113","신아타운","148","27","121","1","31","31","28","39","18","1","4","9","3","4","6","0","27","22","25","35","12"
"2022","2","A","골목상권","2110290","북한산보국문역 1번","96","78","18","0","2","9","29","37","19","0","1","8","23","30","16","0","1","1","6","7","3"
"2022","2","A","골목상권","2110322","장위1동주민센터","237","158","79","0","14","15","42","74","92","0","9","11","30","52","56","0","5","4","12","22","36"
"2022","2","A","골목상권","2110327","상월곡역 2번","104","55","49","0","8","15","39","26","16","0","3","6","23","14","9","0","5","9","16","12","7"
"2022","2","R","전통시장","2130172","모래내시장(서중시장)","41","13","28","0","5","12","8","10","6","0","0","2","3","5","3","0","5","10","5","5","3"
"2022","2","R","전통시장","2130136","수유재래시장","29","11","18","0","6","5","7","5","6","0","2","1","0","2","6","0","4","4","7","3","0"
"2022","2","A","골목상권","2110361","삼양사거리역 1번","101","29","72","0","9","12","19","28","33","0","2","4","3","7","13","0","7","8","16","21","20"
"2022","2","A","골목상권","2110294","서경대학교","391","262","129","0","35","30","93","120","113","0","18","14","46","87","97","0","17","16","47","33","16"
"2022","2","A","골목상권","2110319","종암동주민센터","277","111","166","1","45","49","65","62","55","0","8","19","24","32","28","1","37","30","41","30","27"
"2022","2","A","골목상권","2110287","정릉3동주민센터","70","50","20","0","9","12","18","19","12","0","5","8","15","12","10","0","4","4","3","7","2"
"2022","2","R","전통시장","2130119","정릉아리랑시장","15","4","11","0","0","4","5","5","1","0","0","0","0","3","1","0","0","4","5","2","0"
"2022","2","A","골목상권","2110282","국민대학교앞","1403","1162","241","15","213","430","341","239","165","14","151","387","296","212","102","1","62","43","45","27","63"
"2022","2","R","전통시장","2130118","정릉골 골목형상점가","67","30","37","0","11","13","11","19","13","0","0","2","6","12","10","0","11","11","5","7","3"
"2022","2","A","골목상권","2110310","길음역 10번","45","14","31","0","12","8","5","15","5","0","4","1","2","4","3","0","8","7","3","11","2"
"2022","2","A","골목상권","2110296","성신여대입구역 4번","77","39","38","1","7","12","30","11","16","1","3","7","15","8","5","0","4","5","15","3","11"
"2022","2","A","골목상권","2110311","종암아이파크2차후문","49","21","28","0","3","5","24","7","10","0","2","2","6","4","7","0","1","3","18","3","3"
"2022","2","A","골목상권","2110342","국립재활원","59","44","15","0","5","11","20","15","8","0","3","8","14","13","6","0","2","3","6","2","2"
"2022","2","R","전통시장","2130182","영천시장","78","35","43","0","13","8","24","22","11","0","3","4","10","12","6","0","10","4","14","10","5"
"2022","2","R","전통시장","2130177","인왕시장(홍제골목형상점가)","44","7","37","0","1","1","8","7","27","0","0","0","1","3","3","0","1","1","7","4","24"
"2022","2","A","골목상권","2110377","미아사거리역 3번","21","14","7","0","2","2","2","9","6","0","2","2","1","4","5","0","0","0","1","5","1"
"2022","2","A","골목상권","2110539","미근동","2792","1821","971","13","225","688","889","822","155","9","167","550","547","424","124","4","58","138","342","398","31"
"2022","2","R","전통시장","2130143","방천골목시장","65","36","29","0","11","7","19","24","4","0","6","5","9","13","3","0","5","2","10","11","1"
"2022","2","A","골목상권","2110568","광흥창역 1번","67","32","35","0","12","21","14","15","5","0","4","10","6","9","3","0","8","11","8","6","2"
"2022","2","A","골목상권","2110542","마포구청역 7번","4013","2450","1563","16","528","715","782","1306","666","9","298","578","607","588","370","7","230","137","175","718","296"
"2022","2","A","골목상권","2110494","증산3교남측","31","24","7","0","1","8","7","9","6","0","0","7","5","7","5","0","1","1","2","2","1"
"2022","2","A","골목상권","2110509","연희대우아파트앞","691","333","358","0","73","177","151","193","97","0","29","73","77","101","53","0","44","104","74","92","44"
"2022","2","A","골목상권","2110533","충정로역 7번","22","11","11","0","5","5","3","5","4","0","0","2","2","4","3","0","5","3","1","1","1"
"2022","2","R","전통시장","2130181","아현가구거리상점가","59","30","29","0","8","11","13","10","17","0","0","7","9","4","10","0","8","4","4","6","7"
"2022","2","D","발달상권","2120093","연희동","661","351","310","2","60","125","170","195","109","0","27","62","91","103","68","2","33","63","79","92","41"
"2022","2","A","골목상권","2110511","연희초등학교","3766","3317","449","2","465","768","660","1520","351","1","363","658","539","1427","329","1","102","110","121","93","22"
"2022","2","A","골목상권","2110808","신길역 1번","67","48","19","0","3","22","21","13","8","0","3","15","14","9","7","0","0","7","7","4","1"
"2022","2","A","골목상권","2110554","망원역 1번","1499","727","772","2","210","352","484","333","118","2","105","174","225","147","74","0","105","178","259","186","44"
"2022","2","A","골목상권","2110559","성산중학교","757","474","283","4","102","187","203","167","94","3","54","102","127","118","70","1","48","85","76","49","24"
"2022","2","A","골목상권","2110573","신촌역 6번","33","14","19","0","7","4","6","8","8","0","2","0","3","3","6","0","5","4","3","5","2"
"2022","2","A","골목상권","2110540","망원나들목체육관","288","154","134","0","45","74","85","62","22","0","24","38","42","36","14","0","21","36","43","26","8"
"2022","2","A","골목상권","2110567","광흥창역 6번","91","61","30","0","16","26","27","12","10","0","8","20","13","11","9","0","8","6","14","1","1"
"2022","2","A","골목상권","2110885","영락고등학교","340","214","126","0","37","58","94","89","62","0","18","33","61","57","45","0","19","25","33","32","17"
"2022","2","A","골목상권","2110901","인헌고등학교(인헌중학교)","262","154","108","3","44","64","75","55","21","3","23","40","40","32","16","0","21","24","35","23","5"
"2022","2","A","골목상권","2110780","신길대성유니드아파트","223","171","52","0","22","42","71","56","32","0","18","34","51","41","27","0","4","8","20","15","5"
"2022","2","A","골목상권","2110761","문래동남성맨션","180","106","74","0","13","43","45","41","38","0","8","17","26","25","30","0","5","26","19","16","8"
"2022","2","A","골목상권","2110799","영등포본동주민센터","119","86","33","5","21","16","11","22","44","3","12","10","6","15","40","2","9","6","5","7","4"
"2022","2","R","전통시장","2130257","영등포시장기계공구상가","158","116","42","0","11","26","33","47","41","0","7","16","22","37","34","0","4","10","11","10","7"
"2022","2","A","골목상권","2110898","청림동주민센터(상도중학교)","66","27","39","0","16","14","14","16","6","0","5","3","8","7","4","0","11","11","6","9","2"
"2022","2","A","골목상권","2110896","관악우성아파트","202","49","153","0","41","37","44","47","33","0","5","7","11","13","13","0","36","30","33","34","20"
"2022","2","A","골목상권","2110891","구암초등학교","47","22","25","0","5","1","22","16","3","0","1","0","11","8","2","0","4","1","11","8","1"
"2022","2","R","전통시장","2130277","조원동 펭귄시장(신림중앙시장)","98","56","42","1","15","26","31","19","6","1","8","18","16","9","4","0","7","8","15","10","2"
"2022","2","R","전통시장","2130281","우림시장","1","0","1","0","0","0","1","0","0","0","0","0","0","0","0","0","0","0","1","0","0"
"2022","2","A","골목상권","2110023","서울대병원","186","55","131","0","18","37","42","47","42","0","5","12","14","10","14","0","13","25","28","37","28"
"2022","2","R","전통시장","2130095","청량리전통시장","95","38","57","0","6","16","18","33","22","0","4","6","9","10","9","0","2","10","9","23","13"
"2022","2","A","골목상권","2110956","언주역 8번","1199","758","441","4","361","471","199","87","77","2","158","307","163","70","58","2","203","164","36","17","19"
"2022","2","A","골목상권","2110967","역삼역 8번","377","228","149","0","63","92","89","92","41","0","31","51","60","56","30","0","32","41","29","36","11"
"2022","2","U","관광특구","1001496","강남 마이스 관광특구","15904","8904","7000","59","3513","6185","4248","1596","303","25","1160","3361","2887","1246","225","34","2353","2824","1361","350","78"
"2022","2","A","골목상권","2110440","상계3동4동주민센터","49","16","33","0","8","6","15","10","10","0","1","1","4","2","8","0","7","5","11","8","2"
"2022","2","A","골목상권","2110030","동대문역 3번","10","5","5","0","2","2","2","3","1","0","0","2","1","1","1","0","2","0","1","2","0"
"2022","2","A","골목상권","2110419","수락산디자인거리","789","536","253","5","96","138","186","200","164","5","51","79","130","146","125","0","45","59","56","54","39"
"2022","2","A","골목상권","2110209","답십리 장령당공원","81","51","30","0","3","11","28","19","20","0","1","5","16","15","14","0","2","6","12","4","6"
"2022","2","R","전통시장","2130021","신설종합시장","50","37","13","1","1","10","12","13","13","0","0","9","10","10","8","1","1","1","2","3","5"
"2022","2","A","골목상권","2110213","청량초등학교","124","81","43","0","19","57","17","15","16","0","7","41","13","7","13","0","12","16","4","8","3"
"2022","2","A","골목상권","2110207","시립대앞사거리","50","26","24","0","4","12","12","10","12","0","2","8","6","3","7","0","2","4","6","7","5"
"2022","2","R","전통시장","2130009","마전교지하쇼핑센터(구 한일상가)","24","16","8","0","0","2","3","7","12","0","0","2","2","4","8","0","0","0","1","3","4"
"2022","2","D","발달상권","2120080","마들역","180","46","134","0","30","45","46","36","23","0","2","7","9","13","15","0","28","38","37","23","8"
"2022","2","A","골목상권","2110492","하나고등학교","247","43","204","1","6","15","13","98","114","0","1","8","7","10","17","1","5","7","6","88","97"
"2022","2","A","골목상권","2110648","양천향교역 7번","13","5","8","0","1","7","1","3","1","0","0","3","1","1","0","0","1","4","0","2","1"
"2022","2","R","전통시장","2130226","고척프라자","2","2","0","0","1","1","0","0","0","0","1","1","0","0","0","0","0","0","0","0","0"
"2022","2","A","골목상권","2110751","난곡중학교","730","397","333","2","48","217","240","177","46","2","21","117","127","91","39","0","27","100","113","86","7"
"2022","2","A","골목상권","2110957","언북중학교","1251","831","420","1","262","379","317","147","145","1","146","241","215","109","119","0","116","138","102","38","26"
"2022","2","D","발달상권","2120148","국회의사당역(국회의사당)","31135","19451","11684","82","6815","10231","7641","4493","1873","27","3082","6187","5424","3397","1334","55","3733","4044","2217","1096","539"
"2022","2","A","골목상권","2110162","군자역 4번","613","365","248","0","127","162","131","110","83","0","98","118","75","42","32","0","29","44","56","68","51"
"2022","2","D","발달상권","2120193","도산공원교차로","6384","3798","2586","15","1278","1918","1493","983","697","6","466","1071","1021","696","538","9","812","847","472","287","159"
"2022","2","A","골목상권","2110620","목동보건지소","451","235","216","4","51","81","102","125","88","4","20","45","47","65","54","0","31","36","55","60","34"
"2022","2","A","골목상권","2111012","석촌역 6번","732","332","400","2","91","127","180","183","149","2","23","56","83","93","75","0","68","71","97","90","74"
"2022","2","A","골목상권","2110792","영등포역 2번","3400","1767","1633","28","563","880","843","862","224","11","229","398","466","530","133","17","334","482","377","332","91"
"2022","2","R","전통시장","2130031","청계천공구상가","921","698","223","2","101","281","234","159","144","1","64","230","181","104","118","1","37","51","53","55","26"
"2022","2","A","골목상권","2110449","증산역 3번","717","414","303","0","105","161","186","149","116","0","47","98","99","85","85","0","58","63","87","64","31"
"2022","2","A","골목상권","2110472","연신내역 4번","336","156","180","2","52","77","80","68","57","1","16","43","30","37","29","1","36","34","50","31","28"
"2022","2","A","골목상권","2110958","역삼역 4번","994","759","235","1","96","197","300","295","105","1","46","133","254","240","85","0","50","64","46","55","20"
"2022","2","A","골목상권","2110599","신월1파출소","378","268","110","3","50","89","94","93","49","2","34","68","63","65","36","1","16","21","31","28","13"
"2022","2","A","골목상권","2110460","구산역 4번","969","582","387","0","57","184","248","234","246","0","18","124","133","121","186","0","39","60","115","113","60"
"2022","2","A","골목상권","2110481","불광역 7번","193","86","107","0","13","43","41","57","39","0","2","22","11","24","27","0","11","21","30","33","12"
"2022","2","A","골목상권","2110488","우리은행응암동지점","171","103","68","1","14","24","41","36","55","0","8","16","19","15","45","1","6","8","22","21","10"
"2022","2","R","전통시장","2130165","대림골목시장(대림시장, 양지시장)","214","34","180","0","20","45","56","62","31","0","1","7","5","11","10","0","19","38","51","51","21"
"2022","2","D","발달상권","2120175","남부터미널역","8239","5313","2926","32","1702","2478","1995","1290","742","6","856","1691","1361","852","547","26","846","787","634","438","195"
"2022","2","R","전통시장","2130162","증산골목시장","7","3","4","0","0","2","2","1","2","0","0","0","0","1","2","0","0","2","2","0","0"
"2022","2","R","전통시장","2130104","전곡시장","93","54","39","0","8","17","28","26","14","0","5","8","16","13","12","0","3","9","12","13","2"
"2022","2","A","골목상권","2110485","연신내우체국","1259","678","581","0","7","24","35","160","1033","0","4","5","15","70","584","0","3","19","20","90","449"
"2022","2","A","골목상권","2110594","신월중학교","453","225","228","0","54","166","104","96","33","0","14","66","56","59","30","0","40","100","48","37","3"
"2022","2","A","골목상권","2110461","새절역 2번","39","21","18","0","2","8","11","10","8","0","2","2","6","6","5","0","0","6","5","4","3"
"2022","2","R","전통시장","2130163","응암오거리상점가","182","49","133","0","24","28","44","50","36","0","4","8","11","12","14","0","20","20","33","38","22"
"2022","2","A","골목상권","2110202","전농1동주민센터(전농시장)","111","68","43","0","14","35","31","20","11","0","9","19","21","14","5","0","5","16","10","6","6"
"2022","2","A","골목상권","2110597","신월1동주민센터","517","302","215","0","30","68","111","150","158","0","14","36","54","84","114","0","16","32","57","66","44"
"2022","2","A","골목상권","2110596","서서울호수공원","417","272","145","2","48","90","107","113","57","0","28","56","74","71","43","2","20","34","33","42","14"
"2022","2","A","골목상권","2110592","서울금융고등학교","449","344","105","0","19","35","74","156","165","0","9","13","45","128","149","0","10","22","29","28","16"
"2022","2","A","골목상권","2110647","화곡역 5번","890","459","431","2","116","227","219","230","96","1","44","137","110","116","51","1","72","90","109","114","45"
"2022","2","A","골목상권","2110670","신곡초등학교","527","322","205","6","79","119","122","101","100","3","45","78","71","59","66","3","34","41","51","42","34"
"2022","2","A","골목상권","2110649","우장산역 1번","366","197","169","0","41","92","83","98","52","0","12","49","39","63","34","0","29","43","44","35","18"
"2022","2","A","골목상권","2110689","오류동역 3번","259","188","71","3","41","45","52","66","52","3","25","32","40","48","40","0","16","13","12","18","12"
"2022","2","A","골목상권","2110837","숭실대입구역 1번","373","195","178","1","39","76","84","80","93","0","19","32","43","32","69","1","20","44","41","48","24"
"2022","2","R","전통시장","2130217","화곡본동시장","36","16","20","0","3","5","10","13","5","0","1","3","5","6","1","0","2","2","5","7","4"
"2022","2","R","전통시장","2130221","남부골목시장(남부화곡시장, 남부시장)","188","69","119","0","22","32","50","57","27","0","5","5","15","22","22","0","17","27","35","35","5"
"2022","2","A","골목상권","2110664","강서구청옆","111","48","63","0","14","10","31","43","13","0","11","7","10","9","11","0","3","3","21","34","2"
"2022","2","A","골목상권","2110661","강서새말어린이공원","126","48","78","0","3","13","30","38","42","0","2","8","10","9","19","0","1","5","20","29","23"
"2022","2","A","골목상권","2110669","화곡보람2차아파트","80","49","31","0","11","20","24","17","8","0","3","12","18","14","2","0","8","8","6","3","6"
"2022","2","A","골목상권","2110651","화원중학교","377","214","163","2","29","50","102","105","89","1","19","31","68","52","43","1","10","19","34","53","46"
"2022","2","R","전통시장","2130214","송화벽화시장(송화골목시장)","119","44","75","2","23","18","25","33","18","0","6","7","9","13","9","2","17","11","16","20","9"
"2022","2","A","골목상권","2110719","영서중학교","52","44","8","0","6","9","9","14","14","0","6","7","8","13","10","0","0","2","1","1","4"
"2022","2","A","골목상권","2110708","화원어린이공원","64","27","37","0","8","12","12","23","9","0","1","4","5","9","8","0","7","8","7","14","1"
"2022","2","A","골목상권","2110730","서울축산농협 독산역지점(독산파출소)","660","376","284","1","80","105","117","201","156","1","30","58","54","113","120","0","50","47","63","88","36"
"2022","2","A","골목상권","2110690","오류2동버들시장","625","318","307","1","105","200","143","105","71","0","42","115","72","46","43","1","63","85","71","59","28"
"2022","2","A","골목상권","2110680","온수역 5번(온수산업단지)","1184","1003","181","18","161","205","235","343","222","18","129","175","191","286","204","0","32","30","44","57","18"
"2022","2","R","전통시장","2130232","독산동 맛나는거리상점가(독산동 맛나는거리)","33","24","9","0","3","12","5","10","3","0","2","9","4","6","3","0","1","3","1","4","0"
"2022","2","A","골목상권","2110755","동일여자고등학교","199","53","146","0","10","24","47","74","44","0","4","9","16","12","12","0","6","15","31","62","32"
"2022","2","A","골목상권","2110825","신대방삼거리역 1번","316","205","111","0","33","63","94","71","55","0","23","41","57","46","38","0","10","22","37","25","17"
"2022","2","A","골목상권","2110743","시흥초등학교(시흥1동우체국)","191","130","61","0","18","31","48","50","44","0","10","20","32","37","31","0","8","11","16","13","13"
"2022","2","D","발달상권","2120177","신논현역 1번","694","436","258","1","84","187","202","143","77","0","34","111","130","106","55","1","50","76","72","37","22"
"2022","2","A","골목상권","2110830","상도초등학교","281","152","129","0","22","61","73","85","40","0","7","29","36","54","26","0","15","32","37","31","14"
"2022","2","A","골목상권","2110934","우면주공아파트","998","677","321","6","198","291","253","164","86","5","83","217","195","113","64","1","115","74","58","51","22"
"2022","2","A","골목상권","2110411","도봉역 3번","413","368","45","1","13","35","58","137","169","0","10","22","45","130","161","1","3","13","13","7","8"
"2022","2","A","골목상권","2110835","상도역 1번","285","161","124","0","81","92","57","35","20","0","32","59","36","16","18","0","49","33","21","19","2"
"2022","2","A","골목상권","2110846","남성역 1번","535","290","245","1","66","120","146","135","67","0","25","59","78","74","54","1","41","61","68","61","13"
"2022","2","A","골목상권","2110843","사당5동주민센터","181","135","46","1","22","25","55","52","26","0","16","17","34","44","24","1","6","8","21","8","2"
"2022","2","A","골목상권","2110822","신대방삼거리역 4번(대림초등학교)","311","130","181","0","57","71","68","74","41","0","13","28","34","34","21","0","44","43","34","40","20"
"2022","2","A","골목상권","2110930","서초동성당","2178","1774","404","8","284","588","694","433","171","2","190","448","591","393","150","6","94","140","103","40","21"
"2022","2","A","골목상권","2110933","한국상담대학원대학교","679","60","619","0","344","156","86","63","30","0","10","15","15","5","15","0","334","141","71","58","15"
"2022","2","A","골목상권","2110938","바우뫼공원","1784","1137","647","1","294","551","489","326","123","0","172","392","303","169","101","1","122","159","186","157","22"
"2022","2","A","골목상권","2110936","더케이호텔(양재리본타워2단지아파트)","832","552","280","3","109","260","215","175","70","0","53","154","159","131","55","3","56","106","56","44","15"
"2022","2","D","발달상권","2120209","강남구청(청담역_8번, 강남세무서)","8984","2608","6376","34","2050","2683","2467","1170","580","9","538","752","537","393","379","25","1512","1931","1930","777","201"
"2022","2","A","골목상권","2110973","강남구청역 4번","1451","786","665","4","275","333","289","271","279","1","146","203","162","130","144","3","129","130","127","141","135"
"2022","2","A","골목상권","2110904","이수역 5번","835","468","367","4","167","217","239","139","69","1","90","125","135","59","58","3","77","92","104","80","11"
"2022","2","A","골목상권","2110949","한남IC","1683","1193","490","5","288","565","435","305","85","2","112","398","347","261","73","3","176","167","88","44","12"
"2022","2","A","골목상권","2110911","방배배수지체육공원","29","22","7","0","6","3","7","5","8","0","6","2","4","4","6","0","0","1","3","1","2"
"2022","2","A","골목상권","2110968","강남구청역 2번","1023","596","427","7","327","204","133","121","231","4","177","117","81","68","149","3","150","87","52","53","82"
"2022","2","A","골목상권","2111017","송파나루역 3번","688","480","208","5","317","167","84","70","45","4","217","116","53","50","40","1","100","51","31","20","5"
"2022","2","A","골목상권","2111014","송파나루역 2번","525","275","250","1","43","76","121","190","94","0","21","42","69","83","60","1","22","34","52","107","34"
"2022","2","A","골목상권","2110979","청담초등학교","2996","1912","1084","4","522","922","768","567","213","4","228","628","535","343","174","0","294","294","233","224","39"
"2022","2","U","관광특구","1001495","잠실 관광특구","24375","14199","10176","120","4722","6565","5617","4514","2837","51","2484","4186","3496","2297","1685","69","2238","2379","2121","2217","1152"
"2022","2","A","골목상권","2110021","성균관대학교","387","297","90","2","15","39","109","145","77","2","7","26","88","125","49","0","8","13","21","20","28"
"2022","2","A","골목상권","2110007","사직공원(한국사회과학도서관)","283","185","98","2","58","88","63","41","31","2","30","62","44","27","20","0","28","26","19","14","11"
"2022","2","D","발달상권","2120102","서교동(홍대)","7276","3402","3874","18","1521","2551","1814","899","473","11","496","1065","913","566","351","7","1025","1486","901","333","122"
"2022","2","A","골목상권","2110877","신림역 8번","319","154","165","2","23","63","86","80","65","0","10","30","36","39","39","2","13","33","50","41","26"
"2022","2","A","골목상권","2110416","노원초등학교","468","244","224","4","61","110","118","126","49","2","24","73","58","58","29","2","37","37","60","68","20"
"2022","2","A","골목상권","2110200","동대문경찰서","74","50","24","0","1","6","21","13","33","0","0","1","11","6","32","0","1","5","10","7","1"
"2022","2","U","관광특구","1001494","종로?청계 관광특구","32935","17150","15785","68","5357","9965","9483","6401","1661","15","2285","4911","4591","4158","1190","53","3072","5054","4892","2243","471"
"2022","2","A","골목상권","2111042","거여역 1번(거여공원)","867","597","270","3","147","186","247","200","84","3","121","134","159","130","50","0","26","52","88","70","34"
"2022","2","A","골목상권","2111028","문현중학교(장지역 1번)","424","194","230","0","54","66","132","116","56","0","29","36","49","50","30","0","25","30","83","66","26"
"2022","2","A","골목상권","2111080","굽은다리역 3번","434","235","199","0","44","77","100","110","103","0","12","52","63","58","50","0","32","25","37","52","53"
"2022","2","A","골목상권","2111072","굽은다리역 1번(십자성마을)","739","467","272","1","56","119","199","185","179","0","18","70","114","126","139","1","38","49","85","59","40"
"2022","2","R","전통시장","2130319","성내전통시장","34","21","13","0","3","5","9","10","7","0","3","2","5","7","4","0","0","3","4","3","3"
"2022","2","A","골목상권","2110089","서빙고동주민센터","752","503","249","1","94","230","220","107","100","0","33","136","159","88","87","1","61","94","61","19","13"
"2022","2","A","골목상권","2110016","평창동동측","7589","3104","4485","10","716","2233","2858","1504","268","4","279","1021","1416","284","100","6","437","1212","1442","1220","168"
"2022","2","A","골목상권","2110074","서울역 12번","8149","1751","6398","152","5985","1340","330","181","161","9","598","652","233","134","125","143","5387","688","97","47","36"
"2022","2","A","골목상권","2110096","한남힐사이드아파트","4186","2661","1525","5","1055","1176","900","902","148","3","457","705","613","757","126","2","598","471","287","145","22"
"2022","2","R","전통시장","2130096","동부시장","14","9","5","0","0","0","1","1","12","0","0","0","0","0","9","0","0","0","1","1","3"
"2022","2","R","전통시장","2130110","면목골목시장(면목시장)","103","59","44","0","1","8","32","38","24","0","1","5","19","18","16","0","0","3","13","20","8"
"2022","2","A","골목상권","2110293","삼선중학교","1730","860","870","4","248","467","527","319","165","3","116","277","268","111","85","1","132","190","259","208","80"
"2022","2","A","골목상권","2110370","도봉세무서","367","255","112","0","17","61","76","105","108","0","11","31","42","80","91","0","6","30","34","25","17"
"2022","2","A","골목상권","2110351","수유북부시장옆","214","93","121","0","27","45","51","59","32","0","9","17","20","25","22","0","18","28","31","34","10"
"2022","2","A","골목상권","2110062","한강로동땡땡거리(은행나무길)","5667","3458","2209","9","735","1660","1587","1162","514","6","299","844","1074","890","345","3","436","816","513","272","169"
"2022","2","A","골목상권","2110557","홍대부속여중고앞","760","465","295","1","100","188","196","149","126","1","37","110","137","95","85","0","63","78","59","54","41"
"2022","2","A","골목상권","2110774","당산반도유보라팰리스아파트","472","355","117","0","59","119","131","96","67","0","34","81","109","80","51","0","25","38","22","16","16"
"2022","2","A","골목상권","2110810","영신초등학교","395","178","217","0","53","143","63","80","56","0","20","65","31","44","18","0","33","78","32","36","38"
"2022","2","A","골목상권","2110892","관악구 중앙길","709","341","368","0","69","110","159","221","150","0","25","55","76","105","80","0","44","55","83","116","70"
"2022","2","D","발달상권","2120050","서울숲역","212","159","53","0","33","40","60","52","27","0","19","30","47","41","22","0","14","10","13","11","5"
"2022","2","R","전통시장","2130283","신원시장","25","11","14","0","3","3","10","5","4","0","1","1","3","3","3","0","2","2","7","2","1"
"2022","2","A","골목상권","2110868","남부초등학교","232","126","106","0","20","29","45","49","89","0","11","23","22","28","42","0","9","6","23","21","47"
"2022","2","A","골목상권","2110765","문래동사거리","889","619","270","2","80","133","209","175","290","1","38","78","140","126","236","1","42","55","69","49","54"
"2022","2","R","전통시장","2130069","한양대앞상점가(한양시장, 왕십리맛골목)","32","19","13","0","6","6","4","8","8","0","4","4","0","5","6","0","2","2","4","3","2"
"2022","2","A","골목상권","2110107","금호사거리","37","30","7","0","4","8","4","11","10","0","3","5","4","9","9","0","1","3","0","2","1"
"2022","2","A","골목상권","2110018","중앙고등학교","888","439","449","1","97","177","220","178","215","0","30","60","106","90","153","1","67","117","114","88","62"
"2022","2","A","골목상권","2110017","정독도서관","650","322","328","0","133","273","152","58","34","0","26","130","93","43","30","0","107","143","59","15","4"
"2022","2","A","골목상권","2110080","해방촌예술마을","277","160","117","0","44","58","84","54","37","0","16","38","52","30","24","0","28","20","32","24","13"
"2022","2","D","발달상권","2120031","을지로3가역","6147","3450","2697","9","699","1541","1643","1286","969","0","223","730","924","892","681","9","476","811","719","394","288"
"2022","2","R","전통시장","2130024","남대문시장(자유상가)","732","426","306","2","54","129","172","177","198","1","15","75","95","108","132","1","39","54","77","69","66"
"2022","2","A","골목상권","2110040","중구회현체육센터(정화예술대남산캠퍼스)","165","78","87","0","33","30","40","37","25","0","14","15","17","13","19","0","19","15","23","24","6"
"2022","2","R","전통시장","2130028","을지입구지하상가(을지로지하보도쇼핑센터)","2","2","0","0","0","0","1","1","0","0","0","0","1","1","0","0","0","0","0","0","0"
"2022","2","D","발달상권","2120029","을지로2가","7461","4461","3000","27","1938","2808","1698","798","192","7","787","1650","1165","693","159","20","1151","1158","533","105","33"
"2022","2","A","골목상권","2110041","남산케이블카","967","435","532","2","118","152","175","254","266","2","51","69","83","87","143","0","67","83","92","167","123"
"2022","2","A","골목상권","2110160","광진경찰서","832","690","142","0","149","323","182","167","11","0","110","261","152","157","10","0","39","62","30","10","1"
"2022","2","R","전통시장","2130039","청계6가 지하도상가","36","26","10","0","1","1","7","6","21","0","1","1","5","5","14","0","0","0","2","1","7"
"2022","2","R","전통시장","2130040","남평화시장","5","3","2","0","0","4","0","0","1","0","0","2","0","0","1","0","0","2","0","0","0"
"2022","2","A","골목상권","2110047","다산성곽길","160","89","71","0","36","43","36","27","18","0","23","29","21","7","9","0","13","14","15","20","9"
"2022","2","D","발달상권","2120035","퇴계로5가","2257","1368","889","7","650","570","525","321","184","3","282","379","388","200","116","4","368","191","137","121","68"
"2022","2","D","발달상권","2120036","장충동족발거리(남소영길)","2289","1090","1199","14","616","783","556","223","97","0","122","393","365","155","55","14","494","390","191","68","42"
"2022","2","D","발달상권","2120038","약수역","2289","1360","929","7","436","739","579","320","208","1","189","451","383","195","141","6","247","288","196","125","67"
"2022","2","A","골목상권","2110050","약수역 7번","309","230","79","0","34","81","76","76","42","0","21","59","60","57","33","0","13","22","16","19","9"
"2022","2","A","골목상권","2110075","숙대입구역 1번","1630","736","894","9","270","506","417","289","139","5","69","188","182","181","111","4","201","318","235","108","28"
"2022","2","A","골목상권","2110260","면목역 3번","126","74","52","0","24","21","24","29","28","0","14","8","12","20","20","0","10","13","12","9","8"
"2022","2","A","골목상권","2110059","새남터성지","385","307","78","0","38","71","113","138","25","0","21","48","99","124","15","0","17","23","14","14","10"
"2022","2","R","전통시장","2130061","이태원시장","32","20","12","0","18","3","4","6","1","0","12","1","3","3","1","0","6","2","1","3","0"
"2022","2","A","골목상권","2110127","성수1가1동주민센터","290","157","133","0","31","55","56","100","48","0","11","40","31","47","28","0","20","15","25","53","20"
"2022","2","A","골목상권","2110180","광진정보도서관","5946","4025","1921","18","1620","2093","1180","672","363","5","885","1485","859","489","302","13","735","608","321","183","61"
"2022","2","A","골목상권","2110141","건대입구역 1번","213","138","75","1","23","49","67","48","25","1","11","27","51","32","16","0","12","22","16","16","9"
"2022","2","D","발달상권","2120059","구삼강변맛길","3279","1781","1498","6","431","676","555","747","864","4","244","472","367","322","372","2","187","204","188","425","492"
"2022","2","A","골목상권","2110328","상월곡역 3번","250","157","93","1","41","81","66","39","22","1","26","58","33","24","15","0","15","23","33","15","7"
"2022","2","A","골목상권","2110316","숭곡초등학교","439","217","222","2","68","114","129","88","38","2","19","58","73","42","23","0","49","56","56","46","15"
"2022","2","A","골목상권","2110315","종암아이파크2차","124","78","46","0","11","17","41","38","17","0","4","9","27","25","13","0","7","8","14","13","4"
"2022","2","A","골목상권","2110275","하나은행 망우동지점","63","33","30","0","4","9","19","16","15","0","3","6","9","5","10","0","1","3","10","11","5"
"2022","2","R","전통시장","2130115","우림골목시장","307","106","201","2","80","61","68","64","32","0","29","11","30","20","16","2","51","50","38","44","16"
"2022","2","R","전통시장","2130114","유영시장","31","20","11","0","9","5","3","8","6","0","7","2","2","5","4","0","2","3","1","3","2"
"2022","2","A","골목상권","2110268","망우3동주민센터","60","30","30","0","10","13","10","18","9","0","1","5","7","10","7","0","9","8","3","8","2"
"2022","2","A","골목상권","2110279","신내역 2번","9","8","1","0","0","1","4","4","0","0","0","1","3","4","0","0","0","0","1","0","0"
"2022","2","A","골목상권","2110304","보문역 4번","248","146","102","0","40","77","61","48","22","0","10","46","35","37","18","0","30","31","26","11","4"
"2022","2","A","골목상권","2110497","가좌역 3번","299","247","52","0","13","33","86","117","50","0","3","16","74","113","41","0","10","17","12","4","9"
"2022","2","A","골목상권","2110352","수유1동주민센터","305","121","184","0","28","55","103","86","33","0","11","24","37","32","17","0","17","31","66","54","16"
"2022","2","A","골목상권","2110302","보문역 8번","3818","3195","623","1","369","1436","715","829","468","1","257","1276","659","708","294","0","112","160","56","121","174"
"2022","2","A","골목상권","2110346","4.19민주묘지역 2번","96","48","48","0","12","13","19","19","33","0","3","7","8","7","23","0","9","6","11","12","10"
"2022","2","A","골목상권","2110298","솔숲어린이공원","77","28","49","0","18","11","24","12","12","0","3","5","7","5","8","0","15","6","17","7","4"
"2022","2","A","골목상권","2110348","강북문화예술회관","343","174","169","0","27","59","108","96","53","0","4","31","63","43","33","0","23","28","45","53","20"
"2022","2","A","골목상권","2110295","정릉우체국","679","248","431","0","166","178","163","119","53","0","36","67","49","52","44","0","130","111","114","67","9"
"2022","2","R","전통시장","2130241","선유도역 골목형상점가","500","253","247","0","95","93","123","136","53","0","39","49","66","67","32","0","56","44","57","69","21"
"2022","2","D","발달상권","2120073","미아사거리","353","135","218","3","40","67","95","95","53","2","16","29","45","23","20","1","24","38","50","72","33"
"2022","2","R","전통시장","2130123","꿈의숲 장곡 골목형상점가","6","5","1","0","1","0","1","4","0","0","1","0","1","3","0","0","0","0","0","1","0"
"2022","2","A","골목상권","2110529","홍제3동주민센터","136","67","69","0","14","22","30","27","43","0","2","6","11","16","32","0","12","16","19","11","11"
"2022","2","A","골목상권","2110288","동구여중","216","139","77","1","19","49","52","55","40","0","9","22","35","40","33","1","10","27","17","15","7"
"2022","2","A","골목상권","2110301","성신여대입구역 7번","484","209","275","1","73","84","96","134","96","0","31","37","39","62","40","1","42","47","57","72","56"
"2022","2","A","골목상권","2110404","신창초등학교","520","300","220","1","42","96","163","136","82","0","11","57","109","76","47","1","31","39","54","60","35"
"2022","2","A","골목상권","2110336","석관고등학교","94","84","10","0","3","17","16","37","21","0","3","15","13","34","19","0","0","2","3","3","2"
"2022","2","D","발달상권","2120078","미아사거리역","145","90","55","0","27","29","29","31","29","0","12","17","21","18","22","0","15","12","8","13","7"
"2022","2","R","전통시장","2130142","강북북부시장","7","5","2","0","1","1","0","2","3","0","0","1","0","2","2","0","1","0","0","0","1"
"2022","2","A","골목상권","2110339","국립4.19민주묘지","26","10","16","0","2","4","8","7","5","0","0","3","5","0","2","0","2","1","3","7","3"
"2022","2","R","전통시장","2130132","삼양골목시장(삼양시장)","57","19","38","0","10","13","12","14","8","0","0","4","5","5","5","0","10","9","7","9","3"
"2022","2","A","골목상권","2110534","경기대학교","134","67","67","0","9","25","23","33","44","0","6","16","10","11","24","0","3","9","13","22","20"
"2022","2","A","골목상권","2110219","삼육보건대학교","249","145","104","0","18","42","68","82","39","0","11","20","31","53","30","0","7","22","37","29","9"
"2022","2","A","골목상권","2110512","연희지하차도","357","183","174","0","44","70","106","104","33","0","17","46","47","52","21","0","27","24","59","52","12"
"2022","2","A","골목상권","2110510","홍연시장","99","59","40","0","8","14","35","26","16","0","4","6","23","14","12","0","4","8","12","12","4"
"2022","2","D","발달상권","2120101","합정역","1932","1048","884","2","302","520","515","399","194","2","89","236","312","266","143","0","213","284","203","133","51"
"2022","2","D","발달상권","2120105","상수역(홍대)","524","273","251","4","126","153","122","71","48","2","51","74","70","42","34","2","75","79","52","29","14"
"2022","2","A","골목상권","2110523","홍제성원아파트","25","11","14","0","0","6","7","7","5","0","0","1","3","5","2","0","0","5","4","2","3"
"2022","2","A","골목상권","2110527","홍제역 2번","177","83","94","1","35","39","35","38","29","1","11","26","14","19","12","0","24","13","21","19","17"
"2022","2","R","전통시장","2130173","백련시장","5","3","2","0","0","1","0","2","2","0","0","1","0","0","2","0","0","0","0","2","0"
"2022","2","A","골목상권","2110582","이대역 5번","59","19","40","0","6","11","16","16","10","0","0","4","4","6","5","0","6","7","12","10","5"
"2022","2","A","골목상권","2110524","연희세브란스병원","55","23","32","0","10","13","15","10","7","0","5","6","6","3","3","0","5","7","9","7","4"
"2022","2","A","골목상권","2110571","신수동주민센터","635","358","277","5","109","159","187","126","49","5","57","88","98","74","36","0","52","71","89","52","13"
"2022","2","R","전통시장","2130193","신수시장","34","19","15","0","4","7","12","5","6","0","1","5","5","4","4","0","3","2","7","1","2"
"2022","2","A","골목상권","2110581","염리초등학교","16","11","5","0","0","0","2","6","8","0","0","0","2","3","6","0","0","0","0","3","2"
"2022","2","D","발달상권","2120100","망원역","900","436","464","3","192","236","215","153","101","1","49","107","117","103","59","2","143","129","98","50","42"
"2022","2","R","전통시장","2130191","홍대 걷고싶은 거리","367","225","142","6","65","65","81","82","68","4","40","41","54","47","39","2","25","24","27","35","29"
"2022","2","A","골목상권","2110545","마포구청역 1번","880","496","384","1","74","169","241","262","133","1","30","100","116","154","95","0","44","69","125","108","38"
"2022","2","A","골목상권","2110585","마포경찰서","918","790","128","0","192","360","176","181","9","0","150","313","153","166","8","0","42","47","23","15","1"
"2022","2","A","골목상권","2110879","신림현대아파트","17","7","10","0","2","3","5","5","2","0","1","2","2","2","0","0","1","1","3","3","2"
"2022","2","A","골목상권","2110817","대방역 4번","286","227","59","1","38","51","90","59","47","0","19","35","79","53","41","1","19","16","11","6","6"
"2022","2","A","골목상권","2110767","도림동주민센터","34","3","31","0","9","5","12","6","2","0","0","0","2","1","0","0","9","5","10","5","2"
"2022","2","A","골목상권","2110889","봉천역 6번","376","317","59","0","29","36","69","136","106","0","18","20","47","130","102","0","11","16","22","6","4"
"2022","2","A","골목상권","2110807","신길역 3번","102","70","32","0","6","16","23","27","30","0","4","8","18","19","21","0","2","8","5","8","9"
"2022","2","A","골목상권","2110805","신길새마을금고신길4동지점","45","27","18","0","6","12","12","8","7","0","2","7","6","5","7","0","4","5","6","3","0"
"2022","2","A","골목상권","2110791","신풍역 3번","25","17","8","0","1","5","9","9","1","0","0","2","6","8","1","0","1","3","3","1","0"
"2022","2","A","골목상권","2110797","KT대방빌딩","52","10","42","1","7","10","12","11","11","0","0","0","1","3","6","1","7","10","11","8","5"
"2022","2","A","골목상권","2110798","신풍역 2번","53","20","33","0","2","13","14","13","11","0","0","3","3","6","8","0","2","10","11","7","3"
"2022","2","A","골목상권","2110777","구로세무서","282","210","72","0","36","41","47","83","75","0","13","30","32","66","69","0","23","11","15","17","6"
"2022","2","A","골목상권","2110779","대림갑을명가아파트","33","24","9","0","2","5","13","7","6","0","1","4","10","4","5","0","1","1","3","3","1"
"2022","2","A","골목상권","2110769","대림차이나타운(대림역 12번)","18","8","10","0","3","4","6","4","1","0","0","1","4","2","1","0","3","3","2","2","0"
"2022","2","D","발달상권","2120144","영중로","2015","1072","943","1","254","394","507","598","261","1","142","276","288","230","135","0","112","118","219","368","126"
"2022","2","R","전통시장","2130280","신림종합시장","8","7","1","0","0","0","0","2","6","0","0","0","0","1","6","0","0","0","0","1","0"
"2022","2","A","골목상권","2110003","세검정초등학교","485","315","170","6","53","84","150","126","66","6","32","38","100","89","50","0","21","46","50","37","16"
"2022","2","D","발달상권","2120206","개나리아파트","5280","3376","1904","87","1661","1418","1095","666","353","27","868","957","784","463","277","60","793","461","311","203","76"
"2022","2","A","골목상권","2110012","성곡미술관","1061","503","558","0","262","337","262","118","82","0","72","159","150","73","49","0","190","178","112","45","33"
"2022","2","A","골목상권","2110204","간데메공원","411","268","143","3","83","97","82","89","57","3","57","64","46","58","40","0","26","33","36","31","17"
"2022","2","A","골목상권","2110990","청담역 12번","262","109","153","2","61","92","56","36","15","0","12","32","29","23","13","2","49","60","27","13","2"
"2022","2","D","발달상권","2120218","코엑스","290","54","236","0","116","103","58","13","0","0","13","16","16","9","0","0","103","87","42","4","0"
"2022","2","D","발달상권","2120212","한티역","713","378","335","1","115","178","190","137","92","1","36","85","116","78","62","0","79","93","74","59","30"
"2022","2","A","골목상권","2110997","대청초등학교","1724","959","765","4","230","291","391","383","425","2","111","162","200","210","274","2","119","129","191","173","151"
"2022","2","A","골목상권","2110189","제기동역 1번","1545","1089","456","1","233","490","343","170","308","0","98","349","286","137","219","1","135","141","57","33","89"
"2022","2","D","발달상권","2120079","창동역","1326","796","530","0","151","232","320","304","319","0","54","108","172","195","267","0","97","124","148","109","52"
"2022","2","A","골목상권","2110215","회기역 1번","28","18","10","0","3","4","9","7","5","0","3","2","6","3","4","0","0","2","3","4","1"
"2022","2","A","골목상권","2110923","방배역 1번","210","153","57","0","34","56","55","41","24","0","21","38","42","34","18","0","13","18","13","7","6"
"2022","2","A","골목상권","2110217","자동차부품상가","503","388","115","1","33","105","143","123","98","1","24","88","115","83","77","0","9","17","28","40","21"
"2022","2","R","전통시장","2130151","신도봉시장","5","5","0","0","1","0","2","2","0","0","1","0","2","2","0","0","0","0","0","0","0"
"2022","2","R","전통시장","2130147","쌍문역동측상점가","69","32","37","0","7","17","18","9","18","0","2","6","10","5","9","0","5","11","8","4","9"
"2022","2","A","골목상권","2110393","국민은행방학지점","49","13","36","0","2","10","17","15","5","0","0","0","4","6","3","0","2","10","13","9","2"
"2022","2","A","골목상권","2110386","연산군묘","124","114","10","0","4","3","10","44","63","0","1","3","7","40","63","0","3","0","3","4","0"
"2022","2","R","전통시장","2130218","신월중앙시장","118","53","65","0","28","34","26","13","17","0","8","12","11","9","13","0","20","22","15","4","4"
"2022","2","A","골목상권","2110206","텃골근린공원","81","29","52","0","5","14","23","23","16","0","2","7","7","7","6","0","3","7","16","16","10"
"2022","2","R","전통시장","2130150","창동골목시장","84","47","37","0","19","30","14","8","13","0","7","20","9","5","6","0","12","10","5","3","7"
"2022","2","A","골목상권","2110005","세검정","1006","510","496","3","125","296","290","195","97","0","36","137","157","121","59","3","89","159","133","74","38"
"2022","2","R","전통시장","2130098","회기시장","55","17","38","0","9","14","15","12","5","0","2","3","4","6","2","0","7","11","11","6","3"
"2022","2","A","골목상권","2110384","문이교","248","138","110","0","37","20","50","81","60","0","12","8","21","51","46","0","25","12","29","30","14"
"2022","2","A","골목상권","2110442","화랑대철도공원","76","20","56","0","1","4","14","49","8","0","0","2","4","10","4","0","1","2","10","39","4"
"2022","2","R","전통시장","2130157","상계중앙시장","74","40","34","0","14","19","14","17","10","0","8","15","7","7","3","0","6","4","7","10","7"
"2022","2","A","골목상권","2110248","먹골파출소","85","47","38","1","19","23","20","12","10","0","7","14","12","4","10","1","12","9","8","8","0"
"2022","2","D","발달상권","2120117","강서농산물도매시장","430","263","167","0","12","60","121","145","92","0","9","46","75","82","51","0","3","14","46","63","41"
"2022","2","A","골목상권","2110098","서울독일학교","242","91","151","0","57","85","68","23","9","0","15","22","34","15","5","0","42","63","34","8","4"
"2022","2","R","전통시장","2130248","영등포역지하도상점가","12","5","7","0","0","2","4","3","3","0","0","0","2","0","3","0","0","2","2","3","0"
"2022","2","A","골목상권","2110705","고산초등학교","33","19","14","0","3","2","8","7","13","0","3","1","8","2","5","0","0","1","0","5","8"
"2022","2","R","전통시장","2130196","공덕시장","3948","2001","1947","52","1323","1296","891","287","99","28","467","646","599","181","80","24","856","650","292","106","19"
"2022","2","A","골목상권","2111089","상일여고(상일초등학교)","758","508","250","0","51","131","184","236","156","0","32","81","128","155","112","0","19","50","56","81","44"
"2022","2","A","골목상권","2111078","굽은다리역 4번","1728","1017","711","1","135","299","374","480","439","1","75","185","212","270","274","0","60","114","162","210","165"
"2022","2","A","골목상권","2110060","효창공원앞역 6번","291","174","117","0","28","62","84","73","44","0","10","34","52","47","31","0","18","28","32","26","13"
"2022","2","A","골목상권","2110544","망리단길","1203","718","485","1","179","248","331","253","191","1","107","153","171","147","139","0","72","95","160","106","52"
"2022","2","A","골목상권","2110999","윗방죽마을공원","268","130","138","2","19","43","44","83","77","1","12","27","27","39","24","1","7","16","17","44","53"
"2022","2","A","골목상권","2110598","신월문화체육센터","428","195","233","0","21","58","112","150","87","0","5","28","45","66","51","0","16","30","67","84","36"
"2022","2","A","골목상권","2110695","개봉1동주민센터","546","314","232","1","57","150","143","123","72","1","31","97","72","64","49","0","26","53","71","59","23"
"2022","2","D","발달상권","2120146","한강성심병원","5045","2866","2179","18","1237","1249","1097","821","623","8","395","663","729","584","487","10","842","586","368","237","136"
"2022","2","A","골목상권","2110457","예일여고","484","284","200","1","60","89","88","132","114","0","27","47","47","71","92","1","33","42","41","61","22"
"2022","2","A","골목상권","2110443","수색역 1번","14","7","7","0","1","1","7","4","1","0","0","1","2","3","1","0","1","0","5","1","0"
"2022","2","A","골목상권","2110466","구산역 2번","87","46","41","0","12","17","26","24","8","0","4","5","16","15","6","0","8","12","10","9","2"
"2022","2","R","전통시장","2130223","고척근린시장","42","12","30","0","2","10","12","14","4","0","0","1","1","7","3","0","2","9","11","7","1"
"2022","2","A","골목상권","2110480","연신내역 3번","117","34","83","0","7","27","37","29","17","0","0","7","12","9","6","0","7","20","25","20","11"
"2022","2","D","발달상권","2120130","구로디지털단지역","1136","620","516","1","169","376","236","212","142","0","59","208","125","125","103","1","110","168","111","87","39"
"2022","2","A","골목상권","2110603","지향초등학교","205","119","86","0","13","56","60","44","32","0","5","30","37","25","22","0","8","26","23","19","10"
"2022","2","D","발달상권","2120108","신정네거리역","992","580","412","2","93","215","220","242","220","1","28","110","112","160","169","1","65","105","108","82","51"
"2022","2","D","발달상권","2120110","목동역 8번출구","1858","1400","458","2","142","216","286","247","965","1","42","102","166","181","908","1","100","114","120","66","57"
"2022","2","A","골목상권","2110446","내를건너서숲으로도서관","375","294","81","0","65","88","84","69","69","0","61","77","55","44","57","0","4","11","29","25","12"
"2022","2","A","골목상권","2110228","장안근린공원","1992","1184","808","40","1381","313","92","101","65","24","788","223","60","54","35","16","593","90","32","47","30"
"2022","2","R","전통시장","2130161","증산종합시장","8","5","3","0","0","1","2","2","3","0","0","0","1","2","2","0","0","1","1","0","1"
"2022","2","A","골목상권","2110618","강서고등학교","193","135","58","0","19","38","52","52","32","0","10","29","36","34","26","0","9","9","16","18","6"
"2022","2","A","골목상권","2110621","목동역 5번","111","57","54","0","9","22","22","38","20","0","0","12","13","19","13","0","9","10","9","19","7"
"2022","2","A","골목상권","2110696","오류동역 1번","2453","1671","782","32","831","951","335","223","81","16","483","739","238","133","62","16","348","212","97","90","19"
"2022","2","A","골목상권","2110616","양목초등학교","161","103","58","0","3","23","19","40","76","0","2","18","14","32","37","0","1","5","5","8","39"
"2022","2","A","골목상권","2110643","강서구다솔마을","653","413","240","1","97","165","199","139","52","0","47","101","136","93","36","1","50","64","63","46","16"
"2022","2","A","골목상권","2110675","화곡4동주민센터","289","186","103","0","28","62","73","65","61","0","11","36","40","50","49","0","17","26","33","15","12"
"2022","2","A","골목상권","2110632","방화역 3번","1075","887","188","2","42","127","400","334","170","1","21","90","353","281","141","1","21","37","47","53","29"
"2022","2","D","발달상권","2120030","중부경찰서(영화인의거리)","11889","6798","5091","53","2154","3638","3423","1960","661","16","721","2139","2092","1366","464","37","1433","1499","1331","594","197"
"2022","2","A","골목상권","2110676","등촌역 7번","237","141","96","0","31","35","66","57","48","0","13","21","37","37","33","0","18","14","29","20","15"
"2022","2","D","발달상권","2120119","발산역(마곡)","1427","686","741","2","184","339","416","350","136","1","54","148","211","174","98","1","130","191","205","176","38"
"2022","2","A","골목상권","2110706","그라운드 고척","410","100","310","0","122","101","101","68","18","0","22","20","28","20","10","0","100","81","73","48","8"
"2022","2","D","발달상권","2120128","신도림역","1253","656","597","7","191","318","382","243","112","1","75","153","191","149","87","6","116","165","191","94","25"
"2022","2","R","전통시장","2130216","화곡중앙시장","75","32","43","0","4","11","21","22","17","0","2","2","9","8","11","0","2","9","12","14","6"
"2022","2","D","발달상권","2120132","독산동","4203","2884","1319","13","512","908","1016","1074","680","12","350","650","695","701","476","1","162","258","321","373","204"
"2022","2","A","골목상권","2110709","구로119안전센터","162","94","68","0","16","19","44","46","37","0","13","12","28","25","16","0","3","7","16","21","21"
"2022","2","A","골목상권","2110683","오류고등학교","185","125","60","0","24","46","55","41","19","0","18","33","33","23","18","0","6","13","22","18","1"
"2022","2","D","발달상권","2120194","언주역(차병원)","12628","8724","3904","37","2790","4202","2802","1923","874","14","1366","2863","2239","1588","654","23","1424","1339","563","335","220"
"2022","2","D","발달상권","2120185","논현역","12764","7403","5361","29","2731","4125","3228","1879","772","10","1040","2435","2232","1195","491","19","1691","1690","996","684","281"
"2022","2","A","골목상권","2110932","서울시인재개발원","532","384","148","2","128","170","127","64","41","2","76","116","100","54","36","0","52","54","27","10","5"
"2022","2","R","전통시장","2130228","구로시장","10","5","5","0","0","4","6","0","0","0","0","1","4","0","0","0","0","3","2","0","0"
"2022","2","A","골목상권","2110682","온수역 8번","137","128","9","0","3","5","14","43","72","0","2","3","11","42","70","0","1","2","3","1","2"
"2022","2","A","골목상권","2110692","큰굴다리","233","148","85","0","12","52","54","66","49","0","7","19","35","49","38","0","5","33","19","17","11"
"2022","2","A","골목상권","2110006","부암동주민센터","27","16","11","0","2","7","7","5","6","0","2","5","2","3","4","0","0","2","5","2","2"
"2022","2","A","골목상권","2110752","한울중학교","269","117","152","2","25","46","81","79","36","2","13","16","34","33","19","0","12","30","47","46","17"
"2022","2","A","골목상권","2110738","문성초등학교","249","125","124","0","17","27","65","90","50","0","12","14","34","40","25","0","5","13","31","50","25"
"2022","2","R","전통시장","2130233","남문시장","76","47","29","0","5","8","18","22","23","0","2","3","9","12","21","0","3","5","9","10","2"
"2022","2","R","전통시장","2130235","대명여울빛거리시장(대명시장)","298","80","218","0","39","52","77","82","48","0","11","14","25","19","11","0","28","38","52","63","37"
"2022","2","D","발달상권","2120152","신대방삼거리역","594","291","303","1","66","127","155","154","91","1","22","63","84","74","47","0","44","64","71","80","44"
"2022","2","A","골목상권","2110943","법제교육센터(버들어린이공원)","1122","578","544","1","67","165","357","323","209","1","36","99","151","140","151","0","31","66","206","183","58"
"2022","2","A","골목상권","2110201","전농119안전센터","27","11","16","0","2","1","9","10","5","0","1","0","3","4","3","0","1","1","6","6","2"
"2022","2","R","전통시장","2130298","강남터미널지하도상점가2구역","2","1","1","0","1","0","0","0","1","0","1","0","0","0","0","0","0","0","0","0","1"
"2022","2","R","전통시장","2130273","남성사계시장(남성시장)","141","63","78","0","21","36","45","22","17","0","3","19","20","8","13","0","18","17","25","14","4"
"2022","2","A","골목상권","2110925","서초중학교","873","496","377","0","104","137","244","222","166","0","38","65","146","132","115","0","66","72","98","90","51"
"2022","2","A","골목상권","2110924","반포4동주민센터(몽마르뜨공원)","1330","886","444","5","203","305","407","298","112","1","85","181","300","236","83","4","118","124","107","62","29"
"2022","2","A","골목상권","2110915","서래초등학교","2807","2202","605","14","421","877","1027","379","89","11","280","648","849","336","78","3","141","229","178","43","11"
"2022","2","D","발달상권","2120202","압구정로데오역(압구정로데오)","11735","6075","5660","41","2963","4419","2469","1425","418","11","793","2184","1593","1195","299","30","2170","2235","876","230","119"
"2022","2","A","골목상권","2110986","삼성중앙역 7번","90","59","31","0","9","18","36","19","8","0","3","6","29","15","6","0","6","12","7","4","2"
"2022","2","D","발달상권","2120203","강남구청역","7726","4602","3124","27","1589","2070","1890","1381","769","8","650","1218","1293","882","551","19","939","852","597","499","218"
"2022","2","A","골목상권","2110954","국기원","636","445","191","0","89","142","187","94","124","0","35","97","161","74","78","0","54","45","26","20","46"
"2022","2","A","골목상권","2110918","방배역 3번","682","438","244","3","98","127","164","142","148","2","59","85","108","86","98","1","39","42","56","56","50"
"2022","2","D","발달상권","2120191","학동역","13862","8102","5760","40","2889","3759","2967","1864","2343","17","1120","2144","2011","1130","1680","23","1769","1615","956","734","663"
"2022","2","A","골목상권","2110950","논현역 7번","2981","1929","1052","1","829","1305","518","230","98","0","418","886","383","173","69","1","411","419","135","57","29"
"2022","2","D","발달상권","2120200","학동사거리","9363","3808","5555","26","2868","3075","1848","1005","541","9","654","1122","937","687","399","17","2214","1953","911","318","142"
"2022","2","A","골목상권","2110966","논현2동주민센터","1637","1017","620","18","470","498","300","218","133","7","256","298","200","147","109","11","214","200","100","71","24"
"2022","2","D","발달상권","2120237","경찰병원역","8608","5226","3382","58","1222","1655","1718","1449","2506","24","537","1057","1126","725","1757","34","685","598","592","724","749"
"2022","2","A","골목상권","2110962","도산공원북측","557","487","70","1","66","80","242","144","24","0","45","70","226","130","16","1","21","10","16","14","8"
"2022","2","A","골목상권","2110033","창신역 4번","166","89","77","0","26","42","35","40","23","0","6","22","17","25","19","0","20","20","18","15","4"
"2022","2","A","골목상권","2110433","공릉역 2번","401","137","264","1","30","41","46","46","237","1","17","30","25","18","46","0","13","11","21","28","191"
"2022","2","R","전통시장","2130097","답십리 건축자재시장","315","202","113","1","17","46","46","44","161","0","8","37","25","23","109","1","9","9","21","21","52"
"2022","2","A","골목상권","2110895","샤로수길","1796","1222","574","3","307","721","360","233","172","2","170","534","234","152","130","1","137","187","126","81","42"
"2022","2","A","골목상권","2110856","미성초등학교","538","295","243","3","58","85","170","150","72","1","28","44","99","71","52","2","30","41","71","79","20"
"2022","2","A","골목상권","2111041","거여역 8번","428","350","78","1","102","124","87","64","50","1","84","98","72","51","44","0","18","26","15","13","6"
"2022","2","A","골목상권","2110389","한일병원","209","120","89","0","23","37","57","53","39","0","10","19","35","30","26","0","13","18","22","23","13"
"2022","2","A","골목상권","2110229","장평중학교","1339","865","474","0","145","164","192","320","518","0","81","103","125","212","344","0","64","61","67","108","174"
"2022","2","A","골목상권","2110203","떡전교사거리","99","63","36","1","9","15","32","29","13","1","0","7","26","20","9","0","9","8","6","9","4"
"2022","2","A","골목상권","2110402","도봉구 정병원","471","221","250","1","85","98","98","106","83","0","24","38","54","59","46","1","61","60","44","47","37"
"2022","2","A","골목상권","2110214","경희대후문","86","42","44","0","18","17","24","17","10","0","6","6","13","10","7","0","12","11","11","7","3"
"2022","2","A","골목상권","2111000","대왕초등학교(세곡동사거리서남측)","39","20","19","0","7","10","12","8","2","0","0","4","10","4","2","0","7","6","2","4","0"
"2022","2","A","골목상권","2110388","도봉우체국","35","23","12","0","4","3","10","14","4","0","2","2","7","8","4","0","2","1","3","6","0"
"2022","2","A","골목상권","2110210","서울시립대","341","253","88","1","9","19","24","34","254","1","4","12","10","21","205","0","5","7","14","13","49"
"2022","2","A","골목상권","2111020","방이동고분군(방산고등학교)","304","225","79","1","20","103","84","54","42","0","7","73","64","48","33","1","13","30","20","6","9"
"2022","2","D","발달상권","2120238","방이역","412","251","161","4","47","97","113","76","75","3","22","45","60","57","64","1","25","52","53","19","11"
"2022","2","A","골목상권","2111039","벌말어린이공원","485","353","132","8","85","125","121","94","52","8","51","89","88","72","45","0","34","36","33","22","7"
"2022","2","D","발달상권","2120239","오금역","4700","3006","1694","17","851","1243","1186","911","492","11","456","826","848","495","370","6","395","417","338","416","122"
"2022","2","D","발달상권","2120227","잠실역","45438","24212","21226","163","8139","11821","12755","11278","1282","51","3785","7433","7435","4548","960","112","4354","4388","5320","6730","322"
"2022","2","D","발달상권","2120235","문정역","907","621","286","1","116","196","202","236","156","0","69","151","148","144","109","1","47","45","54","92","47"
"2022","2","R","전통시장","2130325","명일전통시장","89","30","59","0","8","10","13","28","30","0","3","6","5","8","8","0","5","4","8","20","22"
"2022","2","A","골목상권","2110390","방학초등학교","225","105","120","0","18","60","66","58","23","0","7","33","27","27","11","0","11","27","39","31","12"
"2022","2","A","골목상권","2111055","선사초등학교","673","29","644","0","14","28","137","373","121","0","4","7","8","6","4","0","10","21","129","367","117"
"2022","2","R","전통시장","2130320","암사종합시장","173","97","76","1","16","29","50","31","46","1","5","12","31","19","29","0","11","17","19","12","17"
"2022","2","A","골목상권","2111049","천호지구대(천호동자전거거리)","507","277","230","2","75","90","96","118","126","0","36","50","40","68","83","2","39","40","56","50","43"
"2022","2","A","골목상권","2111048","천호역 1번(천호문구완구거리)","189","104","85","3","18","52","45","45","26","2","10","24","26","25","17","1","8","28","19","20","9"
"2022","2","A","골목상권","2111071","천동초등학교","76","52","24","0","4","15","21","25","11","0","4","6","18","16","8","0","0","9","3","9","3"
"2022","2","A","골목상권","2110039","회현역 1번","49","26","23","0","2","8","12","14","13","0","0","4","9","8","5","0","2","4","3","6","8"
"2022","2","R","전통시장","2130055","황학시장(서울중앙시장, 신중앙시장)","203","117","86","0","24","49","47","52","31","0","12","25","24","32","24","0","12","24","23","20","7"
"2022","2","U","관광특구","1001491","이태원 관광특구","5839","3064","2775","28","1377","2065","1290","768","311","18","514","986","777","541","228","10","863","1079","513","227","83"
"2022","2","A","골목상권","2110104","신금호역 4번","275","189","86","0","27","47","51","66","84","0","11","28","34","46","70","0","16","19","17","20","14"
"2022","2","A","골목상권","2110092","NH농협은행 보광동지점","514","208","306","0","94","123","111","107","79","0","14","58","40","45","51","0","80","65","71","62","28"
"2022","2","A","골목상권","2110067","배문고등학교","1574","907","667","1","219","377","391","329","257","0","85","177","202","230","213","1","134","200","189","99","44"
"2022","2","D","발달상권","2120074","안암역","59","28","31","1","12","16","12","8","10","0","5","9","7","2","5","1","7","7","5","6","5"
"2022","2","A","골목상권","2110271","신내역 1번","97","74","23","0","8","17","25","29","18","0","5","14","18","23","14","0","3","3","7","6","4"
"2022","2","A","골목상권","2110418","광운대학교 남단","100","45","55","0","11","17","23","26","23","0","5","5","13","16","6","0","6","12","10","10","17"
"2022","2","D","발달상권","2120042","숙대입구역(남영역, 남영동)","4057","2797","1260","20","750","1490","1024","558","215","8","370","894","831","510","184","12","380","596","193","48","31"
"2022","2","A","골목상권","2110503","명지대학교교회","230","123","107","0","27","52","59","64","28","0","9","30","26","36","22","0","18","22","33","28","6"
"2022","2","A","골목상권","2110519","서대문구보건소별관","470","175","295","0","58","96","113","139","64","0","15","37","46","42","35","0","43","59","67","97","29"
"2022","2","A","골목상권","2110515","홍은중학교","399","312","87","1","46","119","119","68","46","1","33","93","94","52","39","0","13","26","25","16","7"
"2022","2","A","골목상권","2110576","대흥역 3번","1605","1112","493","71","503","480","308","163","80","27","310","365","253","111","46","44","193","115","55","52","34"
"2022","2","A","골목상권","2110758","문래소공원","296","221","75","1","44","77","70","67","37","0","32","60","46","52","31","1","12","17","24","15","6"
"2022","2","A","골목상권","2110546","양화대교북단","684","408","276","3","185","240","142","68","46","3","79","121","109","55","41","0","106","119","33","13","5"
"2022","2","A","골목상권","2110787","신길3동주민센터","171","122","49","0","19","35","47","42","28","0","8","25","36","31","22","0","11","10","11","11","6"
"2022","2","A","골목상권","2110091","리움미술관","1106","810","296","0","216","345","343","155","47","0","117","236","293","128","36","0","99","109","50","27","11"
"2022","2","D","발달상권","2120049","왕십리역(왕십리)","1459","1004","455","1","183","301","377","468","129","1","92","187","272","371","81","0","91","114","105","97","48"
"2022","2","D","발달상권","2120221","봉은사역","19513","12605","6908","22","4375","5782","3654","2813","2867","8","2402","4217","2849","1721","1408","14","1973","1565","805","1092","1459"
"2022","2","A","골목상권","2110028","이화달팽이길","704","279","425","1","177","179","137","123","87","0","56","60","56","65","42","1","121","119","81","58","45"
"2022","2","A","골목상권","2110360","수유초등학교","321","222","99","0","34","61","63","67","96","0","7","43","42","44","86","0","27","18","21","23","10"
"2022","2","D","발달상권","2120053","건대입구역(건대)","859","491","368","5","147","141","172","187","207","2","40","61","95","130","163","3","107","80","77","57","44"
"2022","2","D","발달상권","2120004","종로구청","12937","7078","5859","9","1442","4392","4485","2080","529","4","432","2050","2756","1493","343","5","1010","2342","1729","587","186"
"2022","2","D","발달상권","2120027","명동역(명동재미로)","18097","8477","9620","67","2695","5851","6070","3074","340","9","859","2588","2522","2321","178","58","1836","3263","3548","753","162"
"2022","2","A","골목상권","2110043","충무초등학교","1202","670","532","12","212","307","331","223","117","7","97","155","169","152","90","5","115","152","162","71","27"
"2022","2","D","발달상권","2120037","동대문역사문화공원역","35320","17057","18263","421","11234","9194","6981","5237","2253","180","5605","5543","3901","1328","500","241","5629","3651","3080","3909","1753"
"2022","2","R","전통시장","2130048","동평화시장","18","9","9","0","7","8","0","3","0","0","3","4","0","2","0","0","4","4","0","1","0"
"2022","2","R","전통시장","2130047","테크노상가(엘리시움)","160","112","48","0","10","26","34","61","29","0","5","20","21","42","24","0","5","6","13","19","5"
"2022","2","R","전통시장","2130044","에리어식스(벨포스트)","10","2","8","1","0","2","3","3","1","1","0","1","0","0","0","0","0","1","3","3","1"
"2022","2","R","전통시장","2130032","인현시장","167","123","44","0","3","25","47","54","38","0","3","16","35","40","29","0","0","9","12","14","9"
"2022","2","A","골목상권","2110083","서빙고역 1번","149","109","40","0","26","53","42","14","14","0","13","42","29","12","13","0","13","11","13","2","1"
"2022","2","A","골목상권","2110077","삼광초등학교","385","317","68","0","37","86","148","98","16","0","21","66","130","88","12","0","16","20","18","10","4"
"2022","2","R","전통시장","2130057","만리시장","12","9","3","0","0","2","1","4","5","0","0","1","1","3","4","0","0","1","0","1","1"
"2022","2","A","골목상권","2110579","마포역 4번","758","561","197","2","62","160","253","214","67","1","37","123","190","160","50","1","25","37","63","54","17"
"2022","2","R","전통시장","2130072","성동용답상가시장","132","71","61","0","21","19","35","39","18","0","9","9","16","26","11","0","12","10","19","13","7"
"2022","2","R","전통시장","2130067","왕십리도선동상점가","1670","335","1335","3","166","202","291","591","417","1","78","98","69","49","40","2","88","104","222","542","377"
"2022","2","R","전통시장","2130112","사가정시장","86","28","58","0","13","17","24","19","13","0","0","3","6","8","11","0","13","14","18","11","2"
"2022","2","A","골목상권","2110148","어린이대공원역 3번","17","12","5","0","3","3","6","5","0","0","0","2","5","5","0","0","3","1","1","0","0"
"2022","2","R","전통시장","2130079","한아름시장","40","29","11","0","5","6","6","10","13","0","4","4","5","6","10","0","1","2","1","4","3"
"2022","2","A","골목상권","2110244","중화역 4번","250","175","75","1","8","26","49","44","122","1","4","11","32","30","97","0","4","15","17","14","25"
"2022","2","A","골목상권","2110273","장스여성병원","610","446","164","7","31","37","75","209","251","0","4","8","37","168","229","7","27","29","38","41","22"
"2022","2","A","골목상권","2110158","중곡3동주민센터","715","518","197","1","113","210","184","138","69","0","73","168","123","104","50","1","40","42","61","34","19"
"2022","2","A","골목상권","2110159","구의역 4번","663","391","272","1","125","115","158","132","132","1","58","62","85","87","98","0","67","53","73","45","34"
"2022","2","R","전통시장","2130081","자양골목전통시장(자양골목시장)","54","36","18","0","7","17","14","9","7","0","5","12","9","6","4","0","2","5","5","3","3"
"2022","2","A","골목상권","2110246","월드순복음교회","431","312","119","0","27","97","158","95","54","0","12","69","122","65","44","0","15","28","36","30","10"
"2022","2","A","골목상권","2110329","우리은행체육관","53","27","26","1","7","9","12","17","7","1","0","5","5","10","6","0","7","4","7","7","1"
"2022","2","A","골목상권","2110365","미아역 5번","341","83","258","0","17","21","44","63","196","0","5","12","15","17","34","0","12","9","29","46","162"
"2022","2","A","골목상권","2110251","장안중학교","147","104","43","0","8","34","46","39","20","0","3","23","34","27","17","0","5","11","12","12","3"
"2022","2","A","골목상권","2110236","신묵초등학교","1015","836","179","0","185","302","228","255","45","0","135","246","194","228","33","0","50","56","34","27","12"
"2022","2","R","전통시장","2130116","동성타워프라자","31","22","9","0","2","9","7","8","5","0","2","4","4","7","5","0","0","5","3","1","0"
"2022","2","A","골목상권","2110312","안암역 2번","175","96","79","0","18","24","52","54","27","0","9","17","27","27","16","0","9","7","25","27","11"
"2022","2","A","골목상권","2110344","화계중학교","12","10","2","0","7","1","1","2","1","0","5","1","1","2","1","0","2","0","0","0","0"
"2022","2","A","골목상권","2110341","북한산우이역 2번","492","408","84","0","15","25","80","255","117","0","4","10","52","235","107","0","11","15","28","20","10"
"2022","2","A","골목상권","2110280","북정마을","78","40","38","0","6","12","25","24","11","0","2","4","11","15","8","0","4","8","14","9","3"
"2022","2","A","골목상권","2110376","수송초등학교","224","142","82","0","26","47","62","60","29","0","12","29","38","41","22","0","14","18","24","19","7"
"2022","2","A","골목상권","2110369","성신여대운정그린캠퍼스","518","214","304","1","49","46","131","131","160","1","10","16","44","53","90","0","39","30","87","78","70"
"2022","2","A","골목상권","2110380","강북문화정보도서관","48","15","33","0","12","10","12","10","4","0","0","3","5","4","3","0","12","7","7","6","1"
"2022","2","A","골목상권","2110378","송중동주민센터","23","13","10","0","1","4","6","9","3","0","1","2","2","6","2","0","0","2","4","3","1"
"2022","2","R","전통시장","2130130","수유북부골목시장","20","14","6","0","1","1","7","5","6","0","0","0","6","3","5","0","1","1","1","2","1"
"2022","2","R","전통시장","2130141","강북북부골목시장","43","20","23","0","16","4","11","6","6","0","3","2","6","6","3","0","13","2","5","0","3"
"2022","2","A","골목상권","2110379","KT&G 북부지사","12","3","9","1","1","1","3","3","3","0","0","0","1","1","1","1","1","1","2","2","2"
"2022","2","A","골목상권","2110354","삼각산119안전센터","22","5","17","0","2","3","10","5","2","0","0","0","2","1","2","0","2","3","8","4","0"
"2022","2","A","골목상권","2110367","강북구청","1943","976","967","5","195","512","483","522","226","4","64","205","237","340","126","1","131","307","246","182","100"
"2022","2","A","골목상권","2110537","충정로현대아파트","1514","848","666","1","362","525","328","177","121","0","150","263","215","134","86","1","212","262","113","43","35"
"2022","2","A","골목상권","2110368","송천초등학교","196","176","20","0","9","16","36","71","64","0","5","11","32","66","62","0","4","5","4","5","2"
"2022","2","R","전통시장","2130194","용강동 상점가","875","502","373","0","103","131","179","170","292","0","39","75","104","114","170","0","64","56","75","56","122"
"2022","2","A","골목상권","2110520","경의중앙 신촌역","78","38","40","0","22","12","27","10","7","0","5","5","13","9","6","0","17","7","14","1","1"
"2022","2","A","골목상권","2110525","홍은종합사회복지관","61","17","44","0","10","12","15","10","14","0","1","3","0","4","9","0","9","9","15","6","5"
"2022","2","A","골목상권","2110548","마포구청역 4번","795","475","320","5","130","185","210","136","129","3","57","95","122","89","109","2","73","90","88","47","20"
"2022","2","A","골목상권","2110575","대흥동주민센터","206","156","50","2","25","47","36","48","48","2","11","35","25","40","43","0","14","12","11","8","5"
"2022","2","A","골목상권","2110505","홍남교남측","14","9","5","0","1","0","3","7","3","0","0","0","2","5","2","0","1","0","1","2","1"
"2022","2","A","골목상권","2110887","서울산업정보학교(서울삼성초등학교)","19","11","8","0","1","4","7","6","1","0","0","0","4","6","1","0","1","4","3","0","0"
"2022","2","A","골목상권","2110584","아현역 4번","49","13","36","0","4","7","14","13","11","0","0","0","2","5","6","0","4","7","12","8","5"
"2022","2","R","전통시장","2130197","마포시장","15","5","10","0","0","1","5","4","5","0","0","1","0","2","2","0","0","0","5","2","3"
"2022","2","A","골목상권","2110897","서울대입구역 8번","219","139","80","0","16","45","69","64","25","0","7","24","40","44","24","0","9","21","29","20","1"
"2022","2","A","골목상권","2110900","낙성대역 1번(관악구민 종합체육센터)","457","257","200","1","95","125","123","89","24","1","49","65","69","54","19","0","46","60","54","35","5"
"2022","2","A","골목상권","2110814","서울지방병무청","673","364","309","1","51","117","155","236","113","1","23","79","97","104","60","0","28","38","58","132","53"
"2022","2","R","전통시장","2130243","도림시장","6","4","2","0","0","1","4","0","1","0","0","1","3","0","0","0","0","0","1","0","1"
"2022","2","A","골목상권","2110875","보라매동주민센터(당곡고등학교)","16","13","3","0","3","2","5","4","2","0","2","2","3","4","2","0","1","0","2","0","0"
"2022","2","A","골목상권","2110894","관악동부센트레빌아파트(은천로35라길)","20","8","12","0","2","4","3","6","5","0","0","2","1","2","3","0","2","2","2","4","2"
"2022","2","R","전통시장","2130276","신림중앙시장(조원동 펭귄시장)","43","27","16","0","1","2","14","12","14","0","0","2","7","9","9","0","1","0","7","3","5"
"2022","2","R","전통시장","2130278","미성동 도깨비시장 골목형상점가","75","16","59","0","0","16","28","24","7","0","0","7","5","2","2","0","0","9","23","22","5"
"2022","2","A","골목상권","2110181","신설동역 9번","1864","1212","652","12","209","232","286","440","685","12","150","162","188","282","418","0","59","70","98","158","267"
"2022","2","A","골목상권","2110963","역삼월드메르디앙아파트","780","547","233","1","126","185","226","154","88","0","79","146","171","97","54","1","47","39","55","57","34"
"2022","2","D","발달상권","2120211","도성초등학교","984","516","468","7","180","282","189","161","165","3","68","120","112","117","96","4","112","162","77","44","69"
"2022","2","A","골목상권","2110490","녹번동근린공원","307","166","141","0","30","64","85","76","52","0","11","30","47","45","33","0","19","34","38","31","19"
"2022","2","A","골목상권","2110407","도봉역 2번","562","338","224","1","32","77","115","203","134","1","8","41","57","126","105","0","24","36","58","77","29"
"2022","2","A","골목상권","2110993","개포지하차도 북측","70","53","17","0","3","9","19","23","16","0","2","7","16","18","10","0","1","2","3","5","6"
"2022","2","A","골목상권","2110196","홍릉근린공원","23","12","11","0","1","6","8","5","3","0","1","4","3","2","2","0","0","2","5","3","1"
"2022","2","A","골목상권","2110408","가인초등학교","359","108","251","0","68","70","101","86","34","0","13","24","33","22","16","0","55","46","68","64","18"
"2022","2","A","골목상권","2110423","석계역 2번","280","104","176","0","27","29","65","73","86","0","9","15","31","29","20","0","18","14","34","44","66"
"2022","2","A","골목상권","2110427","노원 을지대학교병원","363","281","82","0","27","27","62","126","121","0","12","14","31","109","115","0","15","13","31","17","6"
"2022","2","D","발달상권","2120137","문래역(문래로데오거리)","50","21","29","2","11","8","13","12","4","0","4","1","7","7","2","2","7","7","6","5","2"
"2022","2","D","발달상권","2120196","서울세관","9687","5900","3787","15","1708","2897","2579","1614","874","2","604","1527","1719","1323","725","13","1104","1370","860","291","149"
"2022","2","D","발달상권","2120173","교대역(법원.검찰청)","18197","10449","7748","74","3267","5392","4725","3068","1671","29","1418","3003","2843","1896","1260","45","1849","2389","1882","1172","411"
"2022","2","A","골목상권","2111010","석촌역 7번","1428","975","453","3","162","289","351","325","298","1","88","176","244","224","242","2","74","113","107","101","56"
"2022","2","A","골목상권","2110068","남영역 1번","1039","595","444","8","154","224","240","224","189","6","59","124","144","138","124","2","95","100","96","86","65"
"2022","2","A","골목상권","2110114","왕십리파출소","68","21","47","0","3","2","11","24","28","0","1","1","4","10","5","0","2","1","7","14","23"
"2022","2","A","골목상권","2110558","경성고등학교","2338","1579","759","11","302","556","565","513","391","10","149","343","406","384","287","1","153","213","159","129","104"
"2022","2","A","골목상권","2110759","문래예술촌(문래창작촌)","4221","2165","2056","9","520","837","996","1286","573","5","266","550","589","466","289","4","254","287","407","820","284"
"2022","2","A","골목상권","2110187","제기동역 6번","3124","2222","902","15","559","867","746","552","385","7","387","605","531","394","298","8","172","262","215","158","87"
"2022","2","A","골목상권","2111086","한영중고","297","202","95","1","27","45","73","101","50","1","17","22","52","69","41","0","10","23","21","32","9"
"2022","2","A","골목상권","2110736","독산119안전센터","450","196","254","0","45","52","74","114","165","0","21","31","34","41","69","0","24","21","40","73","96"
"2022","2","D","발달상권","2120166","방배역","5467","3282","2185","90","1234","1594","1033","699","817","26","523","920","713","451","649","64","711","674","320","248","168"
"2022","2","A","골목상권","2110516","정원여중","114","85","29","0","24","19","35","22","14","0","17","14","26","19","9","0","7","5","9","3","5"
"2022","2","A","골목상권","2110645","우장산역 4번","794","391","403","0","64","125","239","221","145","0","33","65","87","90","116","0","31","60","152","131","29"
"2022","2","A","골목상권","2110942","염곡동 구룡사(포이동성당)","3242","1952","1290","7","578","932","791","613","321","3","328","587","461","351","222","4","250","345","330","262","99"
"2022","2","D","발달상권","2120055","군자역","4255","2030","2225","33","1138","780","911","991","402","23","548","430","436","330","263","10","590","350","475","661","139"
"2022","2","A","골목상권","2110604","신월4동주민센터","637","528","109","0","13","50","120","234","220","0","6","29","87","193","213","0","7","21","33","41","7"
"2022","2","A","골목상권","2110462","갈현건영아파트","354","220","134","1","41","64","104","81","63","1","23","38","61","50","47","0","18","26","43","31","16"
"2022","2","A","골목상권","2110478","응암1동주민센터","359","221","138","2","26","39","56","58","178","2","16","23","28","33","119","0","10","16","28","25","59"
"2022","2","A","골목상권","2110475","백련산해모로아파트","241","126","115","1","23","42","76","68","31","1","10","24","44","28","19","0","13","18","32","40","12"
"2022","2","A","골목상권","2110593","신월3동주민센터","304","157","147","0","38","65","76","87","38","0","12","32","45","44","24","0","26","33","31","43","14"
"2022","2","A","골목상권","2110605","목동센트럴아이파크앞","155","89","66","0","15","22","26","47","45","0","5","15","11","27","31","0","10","7","15","20","14"
"2022","2","D","발달상권","2120090","연신내역","687","262","425","5","180","133","134","129","106","1","64","55","49","45","48","4","116","78","85","84","58"
"2022","2","A","골목상권","2110467","은평요양병원","487","284","203","3","90","154","110","68","62","2","46","100","61","37","38","1","44","54","49","31","24"
"2022","2","A","골목상권","2110447","구산초등학교","12","7","5","0","2","2","3","1","4","0","1","2","1","1","2","0","1","0","2","0","2"
"2022","2","R","전통시장","2130170","제일시장","58","26","32","1","7","9","13","19","9","1","2","2","5","11","5","0","5","7","8","8","4"
"2022","2","D","발달상권","2120188","압구정역","8579","3750","4829","134","2204","2146","1550","1314","1231","47","698","969","897","556","583","87","1506","1177","653","758","648"
"2022","2","A","골목상권","2110608","신월2동주민센터","873","453","420","1","51","116","229","271","205","1","23","69","118","125","117","0","28","47","111","146","88"
"2022","2","D","발달상권","2120195","성수대교남단","5611","2685","2926","39","1393","2394","1102","426","257","15","487","1194","634","208","147","24","906","1200","468","218","110"
"2022","2","A","골목상권","2110455","역촌노인복지관","678","360","318","2","69","118","187","198","104","0","34","63","89","105","69","2","35","55","98","93","35"
"2022","2","A","골목상권","2110453","신사1동주민센터","515","288","227","0","43","81","121","155","115","0","20","25","65","85","93","0","23","56","56","70","22"
"2022","2","D","발달상권","2120172","교대입구교차로","10241","5712","4529","53","2062","2700","2445","1945","1036","33","854","1635","1489","1004","697","20","1208","1065","956","941","339"
"2022","2","A","골목상권","2110619","목4동주민센터","311","203","108","1","51","87","89","64","19","1","16","52","58","57","19","0","35","35","31","7","0"
"2022","2","R","전통시장","2130204","경창시장","100","50","50","0","5","12","27","27","29","0","2","5","12","16","15","0","3","7","15","11","14"
"2022","2","A","골목상권","2110609","신정네거리역 2번","1377","1358","19","0","14","15","52","171","1125","0","10","11","45","168","1124","0","4","4","7","3","1"
"2022","2","A","골목상권","2110610","계남근린공원","126","85","41","0","5","11","41","44","25","0","3","6","28","35","13","0","2","5","13","9","12"
"2022","2","A","골목상권","2110707","구로창업지원센터","1045","760","285","4","141","266","246","253","135","3","78","195","185","186","113","1","63","71","61","67","22"
"2022","2","D","발달상권","2120129","구로디지털단지","47750","31091","16659","195","10197","16227","12034","5678","3419","126","5117","10736","8454","3920","2738","69","5080","5491","3580","1758","681"
"2022","2","A","골목상권","2110668","화곡2동주민센터","471","278","193","0","55","70","139","127","80","0","22","33","81","77","65","0","33","37","58","50","15"
"2022","2","A","골목상권","2110635","공항시장역 3번","1482","399","1083","4","71","92","165","488","662","1","44","62","64","34","194","3","27","30","101","454","468"
"2022","2","R","전통시장","2130236","비단길현대시장(현대시장)","139","42","97","0","13","23","49","40","14","0","4","3","12","17","6","0","9","20","37","23","8"
"2022","2","A","골목상권","2110633","개화산역 1번","115","89","26","2","29","34","27","15","8","2","28","22","19","10","8","0","1","12","8","5","0"
"2022","2","A","골목상권","2110903","방배아이파크아파트","7222","2653","4569","7","1242","1778","2487","1322","386","1","333","597","951","599","172","6","909","1181","1536","723","214"
"2022","2","A","골목상권","2110720","대림역 2번","158","73","85","0","23","25","43","35","32","0","10","11","15","15","22","0","13","14","28","20","10"
"2022","2","A","골목상권","2110702","개봉초등학교","131","93","38","1","15","18","33","34","30","1","10","13","23","24","22","0","5","5","10","10","8"
"2022","2","R","전통시장","2130225","개봉중앙시장","147","59","88","0","15","21","39","44","28","0","3","4","19","22","11","0","12","17","20","22","17"
"2022","2","A","골목상권","2110681","온수역 1번","152","106","46","0","13","52","39","21","27","0","10","38","25","13","20","0","3","14","14","8","7"
"2022","2","A","골목상권","2110725","가산동주민센터","85","59","26","0","6","20","22","20","17","0","3","15","16","12","13","0","3","5","6","8","4"
"2022","2","D","발달상권","2120134","구로전화국","2014","1668","346","0","107","157","172","223","1355","0","44","75","96","153","1300","0","63","82","76","70","55"
"2022","2","A","골목상권","2110831","상도4동주민센터","72","40","32","0","3","13","14","29","13","0","3","6","6","18","7","0","0","7","8","11","6"
"2022","2","D","발달상권","2120190","강남을지병원","11703","6183","5520","44","3417","3226","2498","1508","1010","14","1228","1648","1560","985","748","30","2189","1578","938","523","262"
"2022","2","A","골목상권","2110750","시흥4동주민센터(서울신흥초등학교)","397","221","176","4","78","83","80","104","48","4","47","62","43","33","32","0","31","21","37","71","16"
"2022","2","A","골목상권","2110833","상도역 2번","266","172","94","2","20","64","76","77","27","0","17","51","48","37","19","2","3","13","28","40","8"
"2022","2","A","골목상권","2110826","장승배기역 4번","366","149","217","2","20","37","57","103","147","1","8","22","28","38","52","1","12","15","29","65","95"
"2022","2","A","골목상권","2110847","예술인마을","460","225","235","3","53","139","142","78","45","3","13","62","76","38","33","0","40","77","66","40","12"
"2022","2","D","발달상권","2120156","총신대입구역(이수, 총신대)","3255","1425","1830","14","615","769","718","629","510","7","201","327","374","254","262","7","414","442","344","375","248"
"2022","2","D","발달상권","2120155","총신대학교","111","57","54","0","13","27","27","26","18","0","7","8","15","15","12","0","6","19","12","11","6"
"2022","2","A","골목상권","2110818","신대방역 3번","20","9","11","0","1","3","7","7","2","0","1","3","2","1","2","0","0","0","5","6","0"
"2022","2","A","골목상권","2110941","언남고등학교","261","158","103","0","33","46","89","58","35","0","14","26","51","40","27","0","19","20","38","18","8"
"2022","2","A","골목상권","2110841","중대부중","88","36","52","0","11","17","16","25","19","0","5","7","5","11","8","0","6","10","11","14","11"
"2022","2","R","전통시장","2130265","노량진중앙시장","115","82","33","0","17","48","34","8","8","0","12","42","23","3","2","0","5","6","11","5","6"
"2022","2","A","골목상권","2110842","흑리단길","43","14","29","0","7","8","8","12","8","0","2","2","3","2","5","0","5","6","5","10","3"
"2022","2","A","골목상권","2110844","흑석2치안센터","7","5","2","0","2","1","1","0","3","0","1","1","1","0","2","0","1","0","0","0","1"
"2022","2","A","골목상권","2110927","잠원역","745","553","192","2","93","342","198","98","12","2","82","218","159","81","11","0","11","124","39","17","1"
"2022","2","D","발달상권","2120162","방배동카페골목","1253","717","536","61","207","200","219","215","351","57","126","142","110","93","189","4","81","58","109","122","162"
"2022","2","D","발달상권","2120181","교육개발원입구사거리","7278","4440","2838","316","2978","1563","1247","730","444","145","1506","983","939","536","331","171","1472","580","308","194","113"
"2022","2","A","골목상권","2110913","방현초등학교(방배119안전센터)","3305","2117","1188","7","572","1265","879","376","206","4","272","824","627","237","153","3","300","441","252","139","53"
"2022","2","A","골목상권","2110905","방배노인종합복지관(이수중학교)","287","176","111","1","36","71","71","63","45","0","18","38","45","41","34","1","18","33","26","22","11"
"2022","2","A","골목상권","2110937","방아다리근린공원(횃불트리니티신학대학원대학교)","2465","1270","1195","7","634","861","542","318","103","6","246","507","335","113","63","1","388","354","207","205","40"
"2022","2","D","발달상권","2120164","내방역","8574","5973","2601","56","1923","2821","1862","1128","784","48","1160","1998","1383","799","585","8","763","823","479","329","199"
"2022","2","A","골목상권","2110922","내방역 1번","224","114","110","1","42","48","47","43","43","0","13","23","27","23","28","1","29","25","20","20","15"
"2022","2","D","발달상권","2120163","사당역 11번(사당역먹자골목)","491","290","201","0","55","119","99","86","132","0","28","73","57","50","82","0","27","46","42","36","50"
"2022","2","A","골목상권","2110428","상계5동주민센터","491","217","274","1","43","52","106","158","131","0","14","25","45","70","63","1","29","27","61","88","68"
"2022","2","A","골목상권","2110987","영동대교남단","473","237","236","2","91","86","93","107","94","1","46","51","44","40","55","1","45","35","49","67","39"
"2022","2","A","골목상권","2110002","독립문역 1번","475","121","354","1","146","140","118","44","26","1","25","25","41","14","15","0","121","115","77","30","11"
"2022","2","D","발달상권","2120199","경복아파트교차로","3830","2283","1547","10","796","1196","781","572","475","4","317","721","498","390","353","6","479","475","283","182","122"
"2022","2","D","발달상권","2120198","구역삼세무서","11531","7246","4285","23","2691","3529","2889","1562","837","12","1141","2216","2115","1139","623","11","1550","1313","774","423","214"
"2022","2","D","발달상권","2120007","북촌(안국역)","10172","8081","2091","7","1112","3577","3084","1913","479","5","623","2851","2568","1659","375","2","489","726","516","254","104"
"2022","2","A","골목상권","2110131","성수동카페거리","4798","3110","1688","15","902","1536","1123","699","523","9","460","993","777","497","374","6","442","543","346","202","149"
"2022","2","R","전통시장","2130066","행당시장상점가","397","182","215","0","49","86","115","100","47","0","17","38","54","45","28","0","32","48","61","55","19"
"2022","2","R","전통시장","2130019","동대문상가D동","28","21","7","0","6","5","5","4","8","0","4","2","4","4","7","0","2","3","1","0","1"
"2022","2","R","전통시장","2130017","동대문상가C동","12","9","3","0","1","4","4","2","1","0","1","4","3","0","1","0","0","0","1","2","0"
"2022","2","D","발달상권","2120064","경희대학교(경희대)","97","44","53","0","14","27","21","13","22","0","9","13","10","4","8","0","5","14","11","9","14"
"2022","2","A","골목상권","2110403","방학1동주민센터","316","167","149","1","44","56","63","78","74","1","30","37","36","36","27","0","14","19","27","42","47"
"2022","2","A","골목상권","2110395","신한은행 방학동지점","163","42","121","0","17","20","44","42","40","0","0","2","11","9","20","0","17","18","33","33","20"
"2022","2","D","발달상권","2120234","가락시장역","10268","6224","4044","11","1350","2490","2149","1678","2590","3","586","1468","1439","927","1801","8","764","1022","710","751","789"
"2022","2","A","골목상권","2111067","강동구립성내도서관","746","414","332","2","73","149","192","177","153","1","36","98","107","84","88","1","37","51","85","93","65"
"2022","2","D","발달상권","2120246","길동역","3399","1536","1863","14","384","560","835","905","701","8","169","317","417","296","329","6","215","243","418","609","372"
"2022","2","R","전통시장","2130311","새마을시장","377","246","131","1","60","78","104","75","59","0","28","48","80","55","35","1","32","30","24","20","24"
"2022","2","A","골목상권","2111006","석촌고분역 1번","1112","721","391","0","127","292","337","203","153","0","56","169","242","135","119","0","71","123","95","68","34"
"2022","2","A","골목상권","2111045","개미어린이공원","36","18","18","0","2","7","12","12","3","0","1","1","7","7","2","0","1","6","5","5","1"
"2022","2","A","골목상권","2111040","거여초등학교","346","137","209","0","26","86","124","77","33","0","9","27","48","30","23","0","17","59","76","47","10"
"2022","2","A","골목상권","2111037","Sh수협은행 오금동금융센터(아랫말어린이공원)","373","243","130","0","37","103","90","93","50","0","25","84","60","43","31","0","12","19","30","50","19"
"2022","2","D","발달상권","2120230","송파사거리(송파역)","876","470","406","4","96","176","202","193","205","1","38","99","115","92","125","3","58","77","87","101","80"
"2022","2","A","골목상권","2111060","암사역 2번(서울강동초등학교)","871","457","414","1","101","210","241","202","116","1","41","96","131","107","81","0","60","114","110","95","35"
"2022","2","R","전통시장","2130326","고덕 골목형상점가","935","850","85","0","8","37","165","395","330","0","4","31","147","360","308","0","4","6","18","35","22"
"2022","2","A","골목상권","2111054","암사역 4번(삼성광나루아파트)","104","42","62","0","14","18","19","12","41","0","4","12","7","5","14","0","10","6","12","7","27"
"2022","2","A","골목상권","2111076","둔촌2동주민센터","297","174","123","0","25","49","61","86","76","0","14","24","34","39","63","0","11","25","27","47","13"
"2022","2","R","전통시장","2130324","길동복조리시장","154","85","69","3","27","32","47","40","5","2","13","18","31","19","2","1","14","14","16","21","3"
"2022","2","A","골목상권","2111077","길동주민센터(강동도서관)","1272","737","535","4","121","258","294","321","274","1","49","138","167","188","194","3","72","120","127","133","80"
"2022","2","A","골목상권","2110086","이태원역 북측","9251","3612","5639","12","3187","3893","1655","431","73","3","733","1559","905","357","55","9","2454","2334","750","74","18"
"2022","2","D","발달상권","2120033","을지로4가역","874","443","431","7","128","213","194","204","128","1","45","108","99","91","99","6","83","105","95","113","29"
"2022","2","A","골목상권","2110123","마장역 3번","511","382","129","0","42","56","91","185","137","0","21","36","63","141","121","0","21","20","28","44","16"
"2022","2","A","골목상권","2110238","배꽃어린이공원","66","48","18","0","6","7","15","23","15","0","4","5","9","15","15","0","2","2","6","8","0"
"2022","2","A","골목상권","2110094","오산중학교","26","12","14","0","0","1","4","13","8","0","0","0","2","6","4","0","0","1","2","7","4"
"2022","2","A","골목상권","2110259","사가정역 1번","543","425","118","2","48","108","172","159","54","2","29","73","131","140","50","0","19","35","41","19","4"
"2022","2","A","골목상권","2110258","면동초등학교","260","99","161","0","32","49","79","66","34","0","1","20","28","34","16","0","31","29","51","32","18"
"2022","2","A","골목상권","2110317","종암중학교","412","207","205","0","33","120","153","86","20","0","14","47","78","59","9","0","19","73","75","27","11"
"2022","2","A","골목상권","2110350","가오리역 2번","148","77","71","0","11","27","37","49","24","0","5","11","18","26","17","0","6","16","19","23","7"
"2022","2","D","발달상권","2120077","미아역","218","97","121","0","32","37","52","64","33","0","11","8","18","38","22","0","21","29","34","26","11"
"2022","2","D","발달상권","2120143","당산역","2723","2018","705","9","329","524","575","532","754","2","194","398","412","396","616","7","135","126","163","136","138"
"2022","2","D","발달상권","2120015","종로6가","302","153","149","0","49","64","69","65","55","0","17","23","27","42","44","0","32","41","42","23","11"
"2022","2","D","발달상권","2120139","대림3동사거리","3619","2404","1215","14","423","867","992","727","596","5","220","632","783","462","302","9","203","235","209","265","294"
"2022","2","A","골목상권","2110861","관악구신사동주민센터","1182","608","574","1","215","377","263","209","117","1","71","194","161","105","76","0","144","183","102","104","41"
"2022","2","A","골목상권","2110965","언주역 6번","1139","788","351","1","174","379","378","142","65","1","104","276","284","74","49","0","70","103","94","68","16"
"2022","2","A","골목상권","2110099","유엔빌리지길","12646","10311","2335","33","1746","2596","3298","4558","415","25","904","1899","2859","4264","360","8","842","697","439","294","55"
"2022","2","D","발달상권","2120013","이화사거리","7552","5465","2087","8","1309","2510","2065","1290","370","1","628","1731","1677","1167","261","7","681","779","388","123","109"
"2022","2","A","골목상권","2110014","경복고등학교","194","82","112","0","28","54","40","44","28","0","4","14","21","24","19","0","24","40","19","20","9"
"2022","2","A","골목상권","2110182","용두희망어린이공원","370","249","121","0","38","71","108","87","66","0","20","47","67","64","51","0","18","24","41","23","15"
"2022","2","R","전통시장","2130246","영등포청과시장(조광시장)","237","126","111","0","24","33","47","77","56","0","9","11","28","39","39","0","15","22","19","38","17"
"2022","2","A","골목상권","2110165","국립정신건강센터","287","204","83","0","19","46","81","77","64","0","9","33","51","61","50","0","10","13","30","16","14"
"2022","2","A","골목상권","2110782","영등포시장역 4번","127","87","40","1","13","24","48","27","14","1","5","16","36","17","12","0","8","8","12","10","2"
"2022","2","U","관광특구","1001493","동대문패션타운 관광특구","6054","2958","3096","36","1434","1695","1160","1061","668","13","543","737","662","600","403","23","891","958","498","461","265"
"2022","2","A","골목상권","2110161","중곡역 3번","236","135","101","3","11","33","58","65","66","0","2","16","37","40","40","3","9","17","21","25","26"
"2022","2","A","골목상권","2110124","뚝섬역교차로","1253","1006","247","7","170","155","222","312","387","6","94","111","169","268","358","1","76","44","53","44","29"
"2022","2","A","골목상권","2110057","황학코아루아파트","57","39","18","0","8","11","16","9","13","0","4","5","14","7","9","0","4","6","2","2","4"
"2022","2","A","골목상권","2110061","효창동주민센터","473","301","172","1","61","90","150","113","58","1","38","52","96","67","47","0","23","38","54","46","11"
"2022","2","A","골목상권","2110129","성원어린이공원","664","421","243","1","65","126","138","185","149","0","35","74","91","111","110","1","30","52","47","74","39"
"2022","2","A","골목상권","2110010","평창동서측","6687","3622","3065","12","676","1736","2550","1464","249","0","276","655","1387","1128","176","12","400","1081","1163","336","73"
"2022","2","A","골목상권","2110130","답십리역 6번","105","89","16","0","20","24","38","15","8","0","17","20","35","10","7","0","3","4","3","5","1"
"2022","2","R","전통시장","2130064","금남시장","36","13","23","0","6","7","8","4","11","0","1","0","5","2","5","0","5","7","3","2","6"
"2022","2","A","골목상권","2110256","면목2동체육관","477","321","156","2","56","66","82","140","131","1","21","35","45","109","110","1","35","31","37","31","21"
"2022","2","R","전통시장","2130084","신성시장(신성골목시장)","21","6","15","0","3","5","8","4","1","0","0","1","2","2","1","0","3","4","6","2","0"
"2022","2","R","전통시장","2130106","중랑동부시장","166","56","110","1","20","40","34","39","32","0","1","8","7","21","19","1","19","32","27","18","13"
"2022","2","A","골목상권","2110331","돌곶이역 8번","436","292","144","3","54","146","112","76","45","0","17","105","82","53","35","3","37","41","30","23","10"
"2022","2","R","전통시장","2130135","수유중앙골목시장(수유중앙시장)","24","12","12","0","0","3","4","5","12","0","0","2","2","0","8","0","0","1","2","5","4"
"2022","2","R","전통시장","2130105","장미제일시장(중화동제일시장)","63","27","36","0","8","14","22","11","8","0","3","6","14","3","1","0","5","8","8","8","7"
"2022","2","A","골목상권","2110270","혜원여고","168","148","20","0","4","5","7","70","82","0","4","3","6","59","76","0","0","2","1","11","6"
"2022","2","A","골목상권","2110235","세화어린이공원","17","12","5","0","6","3","1","5","2","0","5","1","1","3","2","0","1","2","0","2","0"
"2022","2","A","골목상권","2110240","태릉시장 특화거리","97","39","58","2","20","13","28","16","18","1","3","8","7","8","12","1","17","5","21","8","6"
"2022","2","A","골목상권","2110325","장곡초등학교","62","22","40","0","0","14","22","20","6","0","0","3","8","7","4","0","0","11","14","13","2"
"2022","2","R","전통시장","2130125","장위전통시장","40","20","20","0","5","6","7","8","14","0","0","2","5","5","8","0","5","4","2","3","6"
"2022","2","A","골목상권","2110313","안암역 3번","2079","1351","728","2","209","555","672","477","164","0","96","312","446","356","141","2","113","243","226","121","23"
"2022","2","A","골목상권","2110521","홍제역 4번","63","36","27","0","4","7","19","17","16","0","0","4","10","9","13","0","4","3","9","8","3"
"2022","2","R","전통시장","2130122","밤나무골시장","17","5","12","0","2","4","6","4","1","0","1","1","2","1","0","0","1","3","4","3","1"
"2022","2","A","골목상권","2110321","동덕여대","43","29","14","0","2","6","17","12","6","0","2","6","9","7","5","0","0","0","8","5","1"
"2022","2","D","발달상권","2120011","종로4가","2980","1663","1317","5","420","1022","880","514","139","0","165","497","518","378","105","5","255","525","362","136","34"
"2022","2","A","골목상권","2110333","돌곶이역 5번","988","746","242","0","15","23","38","74","838","0","2","13","20","42","669","0","13","10","18","32","169"
"2022","2","R","전통시장","2130126","새석관시장","3","1","2","0","0","0","1","2","0","0","0","0","0","1","0","0","0","0","1","1","0"
"2022","2","A","골목상권","2110364","미아역 8번","146","75","71","0","9","26","51","39","21","0","3","9","25","23","15","0","6","17","26","16","6"
"2022","2","A","골목상권","2110358","인수동 우편취급국","558","300","258","0","18","35","68","214","223","0","2","18","24","94","162","0","16","17","44","120","61"
"2022","2","D","발달상권","2120096","이화여대(이대역, 이대)","470","195","275","1","79","135","125","79","51","0","27","51","46","38","33","1","52","84","79","41","18"
"2022","2","A","골목상권","2110347","구세군강북종합사회복지관","38","17","21","0","10","7","5","9","7","0","1","5","1","5","5","0","9","2","4","4","2"
"2022","2","R","전통시장","2130131","동북프라자","121","49","72","0","9","23","37","29","23","0","4","8","17","9","11","0","5","15","20","20","12"
"2022","2","R","전통시장","2130140","숭인시장","62","27","35","0","9","13","10","15","15","0","0","4","1","9","13","0","9","9","9","6","2"
"2022","2","A","골목상권","2110337","아카데미하우스","512","368","144","6","70","69","94","159","114","6","43","58","60","98","103","0","27","11","34","61","11"
"2022","2","A","골목상권","2110518","서대문구청","117","70","47","0","19","39","29","18","12","0","6","19","22","12","11","0","13","20","7","6","1"
"2022","2","R","전통시장","2130190","홍대소상공인상점가","150","77","73","1","55","35","30","18","11","0","18","22","18","10","9","1","37","13","12","8","2"
"2022","2","A","골목상권","2110561","상수역 4번","395","247","148","4","59","102","94","89","47","2","21","56","64","68","36","2","38","46","30","21","11"
"2022","2","A","골목상권","2110547","KB국민은행 망원동지점","284","168","116","0","13","47","93","76","55","0","4","25","55","45","39","0","9","22","38","31","16"
"2022","2","A","골목상권","2110531","홍지문","141","61","80","0","16","26","24","56","19","0","13","19","13","9","7","0","3","7","11","47","12"
"2022","2","A","골목상권","2110803","신길2동우편취급국","304","220","84","0","17","27","56","62","142","0","6","14","33","39","128","0","11","13","23","23","14"
"2022","2","A","골목상권","2110580","양원초등학교","78","20","58","0","3","6","16","25","28","0","0","1","3","11","5","0","3","5","13","14","23"
"2022","2","A","골목상권","2110570","KB국민은행 서강지점","61","39","22","0","4","22","18","12","5","0","4","13","10","7","5","0","0","9","8","5","0"
"2022","2","A","골목상권","2110549","새터산","283","137","146","1","48","61","76","46","51","1","18","31","43","16","28","0","30","30","33","30","23"
"2022","2","A","골목상권","2110776","도신초등학교","168","106","62","0","12","20","48","63","25","0","11","10","35","34","16","0","1","10","13","29","9"
"2022","2","R","전통시장","2130195","도화동 상점가","1055","510","545","2","201","269","228","163","192","1","86","133","121","95","74","1","115","136","107","68","118"
"2022","2","A","골목상권","2110770","영등포구청역 6번","263","191","72","1","45","49","77","45","46","1","24","41","54","28","43","0","21","8","23","17","3"
"2022","2","A","골목상권","2110589","애오개역 3번","58","14","44","0","4","8","19","13","14","0","0","1","5","6","2","0","4","7","14","7","12"
"2022","2","A","골목상권","2110859","난향초등학교","182","113","69","0","11","32","42","52","45","0","0","21","27","30","35","0","11","11","15","22","10"
"2022","2","R","전통시장","2130240","영등포유통상가","1183","753","430","0","95","232","273","252","331","0","52","127","178","168","228","0","43","105","95","84","103"
"2022","2","A","골목상권","2110786","당산역 8번","271","179","92","2","20","41","60","51","97","2","8","21","42","38","68","0","12","20","18","13","29"
"2022","2","A","골목상권","2110816","대방역 6번","521","404","117","1","73","138","153","68","88","1","50","109","114","50","80","0","23","29","39","18","8"
"2022","2","R","전통시장","2130245","영일시장","675","567","108","1","61","189","238","136","50","0","41","148","217","115","46","1","20","41","21","21","4"
"2022","2","A","골목상권","2110775","대동초등학교","61","30","31","0","5","13","20","15","8","0","2","6","6","10","6","0","3","7","14","5","2"
"2022","2","A","골목상권","2110800","영등포동성당","227","153","74","0","26","34","61","66","40","0","13","22","37","46","35","0","13","12","24","20","5"
"2022","2","A","골목상권","2110806","서울시립영등포장애인복지관","76","42","34","0","18","30","13","13","2","0","5","16","9","11","1","0","13","14","4","2","1"
"2022","2","R","전통시장","2130250","삼구시장(로타리상가)","1","0","1","0","0","0","0","1","0","0","0","0","0","0","0","0","0","0","0","1","0"
"2022","2","R","전통시장","2130275","강남골목시장","168","124","44","0","17","40","46","35","30","0","15","33","30","24","22","0","2","7","16","11","8"
"2022","2","A","골목상권","2110412","창동중학교","25","23","2","0","4","7","3","4","7","0","3","7","3","3","7","0","1","0","0","1","0"
"2022","2","A","골목상권","2110960","은광여고","1522","692","830","5","207","255","373","502","180","4","55","110","190","212","121","1","152","145","183","290","59"
"2022","2","R","전통시장","2130279","관악신사시장","120","63","57","0","17","20","27","37","19","0","5","10","16","20","12","0","12","10","11","17","7"
"2022","2","A","골목상권","2110863","난우초등학교","319","179","140","6","40","61","63","79","70","5","23","30","38","36","47","1","17","31","25","43","23"
"2022","2","A","골목상권","2110188","용두동신동아아파트","807","607","200","8","104","178","229","191","97","2","68","150","181","132","74","6","36","28","48","59","23"
"2022","2","R","전통시장","2130149","창동신창시장","104","40","64","0","2","21","32","29","20","0","0","7","14","8","11","0","2","14","18","21","9"
"2022","2","R","전통시장","2130306","강남언주로","235","151","84","2","48","48","63","45","29","2","27","34","47","23","18","0","21","14","16","22","11"
"2022","2","D","발달상권","2120231","가락시장","5698","4083","1615","0","368","1051","1564","1654","1061","0","264","836","1185","1098","700","0","104","215","379","556","361"
"2022","2","A","골목상권","2110421","석계역 1번","249","109","140","0","22","37","78","65","47","0","8","16","31","26","28","0","14","21","47","39","19"
"2022","2","R","전통시장","2130310","강남개포시장","298","173","125","0","29","56","71","82","60","0","8","23","42","56","44","0","21","33","29","26","16"
"2022","2","D","발달상권","2120003","광화문역","44202","27021","17181","79","6413","12958","13138","8070","3544","12","2655","7612","8988","5645","2109","67","3758","5346","4150","2425","1435"
"2022","2","A","골목상권","2110397","도봉산입구","469","257","212","0","31","56","101","131","150","0","6","34","39","73","105","0","25","22","62","58","45"
"2022","2","A","골목상권","2110436","상계제일중학교","93","60","33","0","15","21","33","20","4","0","5","13","23","15","4","0","10","8","10","5","0"
"2022","2","R","전통시장","2130091","청량종합도매시장","36","27","9","0","1","3","11","14","7","0","0","3","8","10","6","0","1","0","3","4","1"
"2022","2","A","골목상권","2110034","창신1동주민센터","41","35","6","0","2","1","14","13","11","0","2","1","10","11","11","0","0","0","4","2","0"
"2022","2","A","골목상권","2110415","수락산역 4번","635","386","249","5","82","110","155","174","109","5","46","71","85","110","69","0","36","39","70","64","40"
"2022","2","D","발달상권","2120168","서울고교교차로","569","378","191","1","58","166","147","103","94","0","28","98","107","78","67","1","30","68","40","25","27"
"2022","2","A","골목상권","2110191","고려대역 6번","48","41","7","0","1","12","14","9","12","0","1","10","11","8","11","0","0","2","3","1","1"
"2022","2","R","전통시장","2130187","영진시장","29","14","15","0","4","5","11","7","2","0","2","2","6","2","2","0","2","3","5","5","0"
"2022","2","R","전통시장","2130144","백운시장","38","17","21","0","0","3","13","14","8","0","0","0","5","5","7","0","0","3","8","9","1"
"2022","1","A","골목상권","2110606","신한은행 신월동지점","521","288","233","1","49","80","143","144","104","1","26","42","76","66","77","0","23","38","67","78","27"
"2022","1","A","골목상권","2110397","도봉산입구","469","257","212","0","31","56","101","131","150","0","6","34","39","73","105","0","25","22","62","58","45"
"2022","1","D","발달상권","2120003","광화문역","44202","27021","17181","79","6413","12958","13138","8070","3544","12","2655","7612","8988","5645","2109","67","3758","5346","4150","2425","1435"
"2022","1","R","전통시장","2130310","강남개포시장","298","173","125","0","29","56","71","82","60","0","8","23","42","56","44","0","21","33","29","26","16"
"2022","1","A","골목상권","2110421","석계역 1번","249","109","140","0","22","37","78","65","47","0","8","16","31","26","28","0","14","21","47","39","19"
"2022","1","D","발달상권","2120231","가락시장","5698","4083","1615","0","368","1051","1564","1654","1061","0","264","836","1185","1098","700","0","104","215","379","556","361"
"2022","1","R","전통시장","2130306","강남언주로","235","151","84","2","48","48","63","45","29","2","27","34","47","23","18","0","21","14","16","22","11"
"2022","1","R","전통시장","2130149","창동신창시장","104","40","64","0","2","21","32","29","20","0","0","7","14","8","11","0","2","14","18","21","9"
"2022","1","A","골목상권","2110188","용두동신동아아파트","807","607","200","8","104","178","229","191","97","2","68","150","181","132","74","6","36","28","48","59","23"
"2022","1","A","골목상권","2110863","난우초등학교","319","179","140","6","40","61","63","79","70","5","23","30","38","36","47","1","17","31","25","43","23"
"2022","1","R","전통시장","2130279","관악신사시장","120","63","57","0","17","20","27","37","19","0","5","10","16","20","12","0","12","10","11","17","7"
"2022","1","R","전통시장","2130275","강남골목시장","168","124","44","0","17","40","46","35","30","0","15","33","30","24","22","0","2","7","16","11","8"
"2022","1","R","전통시장","2130250","삼구시장(로타리상가)","1","0","1","0","0","0","0","1","0","0","0","0","0","0","0","0","0","0","0","1","0"
"2022","1","A","골목상권","2110806","서울시립영등포장애인복지관","76","42","34","0","18","30","13","13","2","0","5","16","9","11","1","0","13","14","4","2","1"
"2022","1","A","골목상권","2110800","영등포동성당","227","153","74","0","26","34","61","66","40","0","13","22","37","46","35","0","13","12","24","20","5"
"2022","1","A","골목상권","2110775","대동초등학교","61","30","31","0","5","13","20","15","8","0","2","6","6","10","6","0","3","7","14","5","2"
"2022","1","R","전통시장","2130245","영일시장","675","567","108","1","61","189","238","136","50","0","41","148","217","115","46","1","20","41","21","21","4"
"2022","1","A","골목상권","2110816","대방역 6번","521","404","117","1","73","138","153","68","88","1","50","109","114","50","80","0","23","29","39","18","8"
"2022","1","A","골목상권","2110786","당산역 8번","271","179","92","2","20","41","60","51","97","2","8","21","42","38","68","0","12","20","18","13","29"
"2022","1","R","전통시장","2130240","영등포유통상가","1183","753","430","0","95","232","273","252","331","0","52","127","178","168","228","0","43","105","95","84","103"
"2022","1","A","골목상권","2110589","애오개역 3번","58","14","44","0","4","8","19","13","14","0","0","1","5","6","2","0","4","7","14","7","12"
"2022","1","A","골목상권","2110776","도신초등학교","168","106","62","0","12","20","48","63","25","0","11","10","35","34","16","0","1","10","13","29","9"
"2022","1","A","골목상권","2110549","새터산","283","137","146","1","48","61","76","46","51","1","18","31","43","16","28","0","30","30","33","30","23"
"2022","1","A","골목상권","2110570","KB국민은행 서강지점","61","39","22","0","4","22","18","12","5","0","4","13","10","7","5","0","0","9","8","5","0"
"2022","1","A","골목상권","2110580","양원초등학교","78","20","58","0","3","6","16","25","28","0","0","1","3","11","5","0","3","5","13","14","23"
"2022","1","A","골목상권","2110803","신길2동우편취급국","304","220","84","0","17","27","56","62","142","0","6","14","33","39","128","0","11","13","23","23","14"
"2022","1","A","골목상권","2110531","홍지문","141","61","80","0","16","26","24","56","19","0","13","19","13","9","7","0","3","7","11","47","12"
"2022","1","A","골목상권","2110547","KB국민은행 망원동지점","284","168","116","0","13","47","93","76","55","0","4","25","55","45","39","0","9","22","38","31","16"
"2022","1","A","골목상권","2110561","상수역 4번","395","247","148","4","59","102","94","89","47","2","21","56","64","68","36","2","38","46","30","21","11"
"2022","1","R","전통시장","2130190","홍대소상공인상점가","150","77","73","1","55","35","30","18","11","0","18","22","18","10","9","1","37","13","12","8","2"
"2022","1","A","골목상권","2110518","서대문구청","117","70","47","0","19","39","29","18","12","0","6","19","22","12","11","0","13","20","7","6","1"
"2022","1","A","골목상권","2110337","아카데미하우스","512","368","144","6","70","69","94","159","114","6","43","58","60","98","103","0","27","11","34","61","11"
"2022","1","A","골목상권","2110859","난향초등학교","182","113","69","0","11","32","42","52","45","0","0","21","27","30","35","0","11","11","15","22","10"
"2022","1","A","골목상권","2110770","영등포구청역 6번","263","191","72","1","45","49","77","45","46","1","24","41","54","28","43","0","21","8","23","17","3"
"2022","1","R","전통시장","2130195","도화동 상점가","1055","510","545","2","201","269","228","163","192","1","86","133","121","95","74","1","115","136","107","68","118"
"2022","1","R","전통시장","2130140","숭인시장","62","27","35","0","9","13","10","15","15","0","0","4","1","9","13","0","9","9","9","6","2"
"2022","1","R","전통시장","2130131","동북프라자","121","49","72","0","9","23","37","29","23","0","4","8","17","9","11","0","5","15","20","20","12"
"2022","1","A","골목상권","2110347","구세군강북종합사회복지관","38","17","21","0","10","7","5","9","7","0","1","5","1","5","5","0","9","2","4","4","2"
"2022","1","D","발달상권","2120096","이화여대(이대역, 이대)","470","195","275","1","79","135","125","79","51","0","27","51","46","38","33","1","52","84","79","41","18"
"2022","1","A","골목상권","2110358","인수동 우편취급국","558","300","258","0","18","35","68","214","223","0","2","18","24","94","162","0","16","17","44","120","61"
"2022","1","A","골목상권","2110364","미아역 8번","146","75","71","0","9","26","51","39","21","0","3","9","25","23","15","0","6","17","26","16","6"
"2022","1","A","골목상권","2110333","돌곶이역 5번","988","746","242","0","15","23","38","74","838","0","2","13","20","42","669","0","13","10","18","32","169"
"2022","1","D","발달상권","2120011","종로4가","2980","1663","1317","5","420","1022","880","514","139","0","165","497","518","378","105","5","255","525","362","136","34"
"2022","1","A","골목상권","2110321","동덕여대","43","29","14","0","2","6","17","12","6","0","2","6","9","7","5","0","0","0","8","5","1"
"2022","1","R","전통시장","2130122","밤나무골시장","17","5","12","0","2","4","6","4","1","0","1","1","2","1","0","0","1","3","4","3","1"
"2022","1","A","골목상권","2110521","홍제역 4번","63","36","27","0","4","7","19","17","16","0","0","4","10","9","13","0","4","3","9","8","3"
"2022","1","A","골목상권","2110313","안암역 3번","2079","1351","728","2","209","555","672","477","164","0","96","312","446","356","141","2","113","243","226","121","23"
"2022","1","R","전통시장","2130125","장위전통시장","40","20","20","0","5","6","7","8","14","0","0","2","5","5","8","0","5","4","2","3","6"
"2022","1","A","골목상권","2110325","장곡초등학교","62","22","40","0","0","14","22","20","6","0","0","3","8","7","4","0","0","11","14","13","2"
"2022","1","A","골목상권","2110240","태릉시장 특화거리","97","39","58","2","20","13","28","16","18","1","3","8","7","8","12","1","17","5","21","8","6"
"2022","1","A","골목상권","2110235","세화어린이공원","17","12","5","0","6","3","1","5","2","0","5","1","1","3","2","0","1","2","0","2","0"
"2022","1","A","골목상권","2110270","혜원여고","168","148","20","0","4","5","7","70","82","0","4","3","6","59","76","0","0","2","1","11","6"
"2022","1","R","전통시장","2130105","장미제일시장(중화동제일시장)","63","27","36","0","8","14","22","11","8","0","3","6","14","3","1","0","5","8","8","8","7"
"2022","1","R","전통시장","2130135","수유중앙골목시장(수유중앙시장)","24","12","12","0","0","3","4","5","12","0","0","2","2","0","8","0","0","1","2","5","4"
"2022","1","A","골목상권","2110331","돌곶이역 8번","436","292","144","3","54","146","112","76","45","0","17","105","82","53","35","3","37","41","30","23","10"
"2022","1","R","전통시장","2130106","중랑동부시장","166","56","110","1","20","40","34","39","32","0","1","8","7","21","19","1","19","32","27","18","13"
"2022","1","R","전통시장","2130077","조양시장","31","19","12","0","11","7","8","5","0","0","6","5","4","4","0","0","5","2","4","1","0"
"2022","1","R","전통시장","2130084","신성시장(신성골목시장)","21","6","15","0","3","5","8","4","1","0","0","1","2","2","1","0","3","4","6","2","0"
"2022","1","A","골목상권","2110256","면목2동체육관","477","321","156","2","56","66","82","140","131","1","21","35","45","109","110","1","35","31","37","31","21"
"2022","1","R","전통시장","2130064","금남시장","36","13","23","0","6","7","8","4","11","0","1","0","5","2","5","0","5","7","3","2","6"
"2022","1","A","골목상권","2110130","답십리역 6번","105","89","16","0","20","24","38","15","8","0","17","20","35","10","7","0","3","4","3","5","1"
"2022","1","A","골목상권","2110010","평창동서측","6687","3622","3065","12","676","1736","2550","1464","249","0","276","655","1387","1128","176","12","400","1081","1163","336","73"
"2022","1","A","골목상권","2110129","성원어린이공원","664","421","243","1","65","126","138","185","149","0","35","74","91","111","110","1","30","52","47","74","39"
"2022","1","A","골목상권","2110061","효창동주민센터","473","301","172","1","61","90","150","113","58","1","38","52","96","67","47","0","23","38","54","46","11"
"2022","1","A","골목상권","2110057","황학코아루아파트","57","39","18","0","8","11","16","9","13","0","4","5","14","7","9","0","4","6","2","2","4"
"2022","1","A","골목상권","2110124","뚝섬역교차로","1253","1006","247","7","170","155","222","312","387","6","94","111","169","268","358","1","76","44","53","44","29"
"2022","1","A","골목상권","2110161","중곡역 3번","236","135","101","3","11","33","58","65","66","0","2","16","37","40","40","3","9","17","21","25","26"
"2022","1","U","관광특구","1001493","동대문패션타운 관광특구","6054","2958","3096","36","1434","1695","1160","1061","668","13","543","737","662","600","403","23","891","958","498","461","265"
"2022","1","A","골목상권","2110782","영등포시장역 4번","127","87","40","1","13","24","48","27","14","1","5","16","36","17","12","0","8","8","12","10","2"
"2022","1","A","골목상권","2110165","국립정신건강센터","287","204","83","0","19","46","81","77","64","0","9","33","51","61","50","0","10","13","30","16","14"
"2022","1","R","전통시장","2130246","영등포청과시장(조광시장)","237","126","111","0","24","33","47","77","56","0","9","11","28","39","39","0","15","22","19","38","17"
"2022","1","A","골목상권","2110182","용두희망어린이공원","370","249","121","0","38","71","108","87","66","0","20","47","67","64","51","0","18","24","41","23","15"
"2022","1","A","골목상권","2110014","경복고등학교","194","82","112","0","28","54","40","44","28","0","4","14","21","24","19","0","24","40","19","20","9"
"2022","1","D","발달상권","2120013","이화사거리","7552","5465","2087","8","1309","2510","2065","1290","370","1","628","1731","1677","1167","261","7","681","779","388","123","109"
"2022","1","A","골목상권","2110099","유엔빌리지길","12646","10311","2335","33","1746","2596","3298","4558","415","25","904","1899","2859","4264","360","8","842","697","439","294","55"
"2022","1","A","골목상권","2110965","언주역 6번","1139","788","351","1","174","379","378","142","65","1","104","276","284","74","49","0","70","103","94","68","16"
"2022","1","A","골목상권","2110861","관악구신사동주민센터","1182","608","574","1","215","377","263","209","117","1","71","194","161","105","76","0","144","183","102","104","41"
"2022","1","D","발달상권","2120139","대림3동사거리","3619","2404","1215","14","423","867","992","727","596","5","220","632","783","462","302","9","203","235","209","265","294"
"2022","1","D","발달상권","2120015","종로6가","302","153","149","0","49","64","69","65","55","0","17","23","27","42","44","0","32","41","42","23","11"
"2022","1","D","발달상권","2120143","당산역","2723","2018","705","9","329","524","575","532","754","2","194","398","412","396","616","7","135","126","163","136","138"
"2022","1","A","골목상권","2110350","가오리역 2번","148","77","71","0","11","27","37","49","24","0","5","11","18","26","17","0","6","16","19","23","7"
"2022","1","D","발달상권","2120077","미아역","218","97","121","0","32","37","52","64","33","0","11","8","18","38","22","0","21","29","34","26","11"
"2022","1","A","골목상권","2110317","종암중학교","412","207","205","0","33","120","153","86","20","0","14","47","78","59","9","0","19","73","75","27","11"
"2022","1","A","골목상권","2110258","면동초등학교","260","99","161","0","32","49","79","66","34","0","1","20","28","34","16","0","31","29","51","32","18"
"2022","1","A","골목상권","2110259","사가정역 1번","543","425","118","2","48","108","172","159","54","2","29","73","131","140","50","0","19","35","41","19","4"
"2022","1","A","골목상권","2110094","오산중학교","26","12","14","0","0","1","4","13","8","0","0","0","2","6","4","0","0","1","2","7","4"
"2022","1","A","골목상권","2110238","배꽃어린이공원","66","48","18","0","6","7","15","23","15","0","4","5","9","15","15","0","2","2","6","8","0"
"2022","1","A","골목상권","2110123","마장역 3번","511","382","129","0","42","56","91","185","137","0","21","36","63","141","121","0","21","20","28","44","16"
"2022","1","D","발달상권","2120033","을지로4가역","874","443","431","7","128","213","194","204","128","1","45","108","99","91","99","6","83","105","95","113","29"
"2022","1","A","골목상권","2110086","이태원역 북측","9251","3612","5639","12","3187","3893","1655","431","73","3","733","1559","905","357","55","9","2454","2334","750","74","18"
"2022","1","A","골목상권","2111077","길동주민센터(강동도서관)","1272","737","535","4","121","258","294","321","274","1","49","138","167","188","194","3","72","120","127","133","80"
"2022","1","R","전통시장","2130324","길동복조리시장","154","85","69","3","27","32","47","40","5","2","13","18","31","19","2","1","14","14","16","21","3"
"2022","1","A","골목상권","2111076","둔촌2동주민센터","297","174","123","0","25","49","61","86","76","0","14","24","34","39","63","0","11","25","27","47","13"
"2022","1","A","골목상권","2111054","암사역 4번(삼성광나루아파트)","104","42","62","0","14","18","19","12","41","0","4","12","7","5","14","0","10","6","12","7","27"
"2022","1","R","전통시장","2130326","고덕 골목형상점가","935","850","85","0","8","37","165","395","330","0","4","31","147","360","308","0","4","6","18","35","22"
"2022","1","A","골목상권","2111060","암사역 2번(서울강동초등학교)","871","457","414","1","101","210","241","202","116","1","41","96","131","107","81","0","60","114","110","95","35"
"2022","1","D","발달상권","2120230","송파사거리(송파역)","876","470","406","4","96","176","202","193","205","1","38","99","115","92","125","3","58","77","87","101","80"
"2022","1","A","골목상권","2111037","Sh수협은행 오금동금융센터(아랫말어린이공원)","373","243","130","0","37","103","90","93","50","0","25","84","60","43","31","0","12","19","30","50","19"
"2022","1","A","골목상권","2111040","거여초등학교","346","137","209","0","26","86","124","77","33","0","9","27","48","30","23","0","17","59","76","47","10"
"2022","1","A","골목상권","2111061","암사역 1번","831","551","280","0","149","186","182","170","144","0","82","128","126","125","90","0","67","58","56","45","54"
"2022","1","A","골목상권","2111045","개미어린이공원","36","18","18","0","2","7","12","12","3","0","1","1","7","7","2","0","1","6","5","5","1"
"2022","1","A","골목상권","2111006","석촌고분역 1번","1112","721","391","0","127","292","337","203","153","0","56","169","242","135","119","0","71","123","95","68","34"
"2022","1","R","전통시장","2130311","새마을시장","377","246","131","1","60","78","104","75","59","0","28","48","80","55","35","1","32","30","24","20","24"
"2022","1","D","발달상권","2120246","길동역","3399","1536","1863","14","384","560","835","905","701","8","169","317","417","296","329","6","215","243","418","609","372"
"2022","1","A","골목상권","2111067","강동구립성내도서관","746","414","332","2","73","149","192","177","153","1","36","98","107","84","88","1","37","51","85","93","65"
"2022","1","D","발달상권","2120234","가락시장역","10268","6224","4044","11","1350","2490","2149","1678","2590","3","586","1468","1439","927","1801","8","764","1022","710","751","789"
"2022","1","A","골목상권","2110395","신한은행 방학동지점","163","42","121","0","17","20","44","42","40","0","0","2","11","9","20","0","17","18","33","33","20"
"2022","1","A","골목상권","2110403","방학1동주민센터","316","167","149","1","44","56","63","78","74","1","30","37","36","36","27","0","14","19","27","42","47"
"2022","1","D","발달상권","2120064","경희대학교(경희대)","97","44","53","0","14","27","21","13","22","0","9","13","10","4","8","0","5","14","11","9","14"
"2022","1","R","전통시장","2130017","동대문상가C동","12","9","3","0","1","4","4","2","1","0","1","4","3","0","1","0","0","0","1","2","0"
"2022","1","R","전통시장","2130019","동대문상가D동","28","21","7","0","6","5","5","4","8","0","4","2","4","4","7","0","2","3","1","0","1"
"2022","1","R","전통시장","2130066","행당시장상점가","397","182","215","0","49","86","115","100","47","0","17","38","54","45","28","0","32","48","61","55","19"
"2022","1","A","골목상권","2110131","성수동카페거리","4798","3110","1688","15","902","1536","1123","699","523","9","460","993","777","497","374","6","442","543","346","202","149"
"2022","1","D","발달상권","2120007","북촌(안국역)","10172","8081","2091","7","1112","3577","3084","1913","479","5","623","2851","2568","1659","375","2","489","726","516","254","104"
"2022","1","D","발달상권","2120198","구역삼세무서","11531","7246","4285","23","2691","3529","2889","1562","837","12","1141","2216","2115","1139","623","11","1550","1313","774","423","214"
"2022","1","D","발달상권","2120199","경복아파트교차로","3830","2283","1547","10","796","1196","781","572","475","4","317","721","498","390","353","6","479","475","283","182","122"
"2022","1","A","골목상권","2110002","독립문역 1번","475","121","354","1","146","140","118","44","26","1","25","25","41","14","15","0","121","115","77","30","11"
"2022","1","A","골목상권","2110987","영동대교남단","473","237","236","2","91","86","93","107","94","1","46","51","44","40","55","1","45","35","49","67","39"
"2022","1","A","골목상권","2110428","상계5동주민센터","491","217","274","1","43","52","106","158","131","0","14","25","45","70","63","1","29","27","61","88","68"
"2022","1","D","발달상권","2120163","사당역 11번(사당역먹자골목)","491","290","201","0","55","119","99","86","132","0","28","73","57","50","82","0","27","46","42","36","50"
"2022","1","A","골목상권","2110922","내방역 1번","224","114","110","1","42","48","47","43","43","0","13","23","27","23","28","1","29","25","20","20","15"
"2022","1","D","발달상권","2120164","내방역","8574","5973","2601","56","1923","2821","1862","1128","784","48","1160","1998","1383","799","585","8","763","823","479","329","199"
"2022","1","A","골목상권","2110905","방배노인종합복지관(이수중학교)","287","176","111","1","36","71","71","63","45","0","18","38","45","41","34","1","18","33","26","22","11"
"2022","1","A","골목상권","2110913","방현초등학교(방배119안전센터)","3305","2117","1188","7","572","1265","879","376","206","4","272","824","627","237","153","3","300","441","252","139","53"
"2022","1","A","골목상권","2110937","방아다리근린공원(횃불트리니티신학대학원대학교)","2465","1270","1195","7","634","861","542","318","103","6","246","507","335","113","63","1","388","354","207","205","40"
"2022","1","D","발달상권","2120181","교육개발원입구사거리","7278","4440","2838","316","2978","1563","1247","730","444","145","1506","983","939","536","331","171","1472","580","308","194","113"
"2022","1","D","발달상권","2120162","방배동카페골목","1253","717","536","61","207","200","219","215","351","57","126","142","110","93","189","4","81","58","109","122","162"
"2022","1","A","골목상권","2110927","잠원역","745","553","192","2","93","342","198","98","12","2","82","218","159","81","11","0","11","124","39","17","1"
"2022","1","A","골목상권","2110844","흑석2치안센터","7","5","2","0","2","1","1","0","3","0","1","1","1","0","2","0","1","0","0","0","1"
"2022","1","A","골목상권","2110842","흑리단길","43","14","29","0","7","8","8","12","8","0","2","2","3","2","5","0","5","6","5","10","3"
"2022","1","R","전통시장","2130265","노량진중앙시장","115","82","33","0","17","48","34","8","8","0","12","42","23","3","2","0","5","6","11","5","6"
"2022","1","A","골목상권","2110841","중대부중","88","36","52","0","11","17","16","25","19","0","5","7","5","11","8","0","6","10","11","14","11"
"2022","1","A","골목상권","2110941","언남고등학교","261","158","103","0","33","46","89","58","35","0","14","26","51","40","27","0","19","20","38","18","8"
"2022","1","A","골목상권","2110818","신대방역 3번","20","9","11","0","1","3","7","7","2","0","1","3","2","1","2","0","0","0","5","6","0"
"2022","1","D","발달상권","2120155","총신대학교","111","57","54","0","13","27","27","26","18","0","7","8","15","15","12","0","6","19","12","11","6"
"2022","1","D","발달상권","2120156","총신대입구역(이수, 총신대)","3255","1425","1830","14","615","769","718","629","510","7","201","327","374","254","262","7","414","442","344","375","248"
"2022","1","A","골목상권","2110847","예술인마을","460","225","235","3","53","139","142","78","45","3","13","62","76","38","33","0","40","77","66","40","12"
"2022","1","A","골목상권","2110826","장승배기역 4번","366","149","217","2","20","37","57","103","147","1","8","22","28","38","52","1","12","15","29","65","95"
"2022","1","A","골목상권","2110833","상도역 2번","266","172","94","2","20","64","76","77","27","0","17","51","48","37","19","2","3","13","28","40","8"
"2022","1","A","골목상권","2110750","시흥4동주민센터(서울신흥초등학교)","397","221","176","4","78","83","80","104","48","4","47","62","43","33","32","0","31","21","37","71","16"
"2022","1","D","발달상권","2120190","강남을지병원","11703","6183","5520","44","3417","3226","2498","1508","1010","14","1228","1648","1560","985","748","30","2189","1578","938","523","262"
"2022","1","A","골목상권","2110831","상도4동주민센터","72","40","32","0","3","13","14","29","13","0","3","6","6","18","7","0","0","7","8","11","6"
"2022","1","D","발달상권","2120134","구로전화국","2014","1668","346","0","107","157","172","223","1355","0","44","75","96","153","1300","0","63","82","76","70","55"
"2022","1","A","골목상권","2110725","가산동주민센터","85","59","26","0","6","20","22","20","17","0","3","15","16","12","13","0","3","5","6","8","4"
"2022","1","A","골목상권","2110681","온수역 1번","152","106","46","0","13","52","39","21","27","0","10","38","25","13","20","0","3","14","14","8","7"
"2022","1","R","전통시장","2130225","개봉중앙시장","147","59","88","0","15","21","39","44","28","0","3","4","19","22","11","0","12","17","20","22","17"
"2022","1","A","골목상권","2110702","개봉초등학교","131","93","38","1","15","18","33","34","30","1","10","13","23","24","22","0","5","5","10","10","8"
"2022","1","A","골목상권","2110720","대림역 2번","158","73","85","0","23","25","43","35","32","0","10","11","15","15","22","0","13","14","28","20","10"
"2022","1","A","골목상권","2110903","방배아이파크아파트","7222","2653","4569","7","1242","1778","2487","1322","386","1","333","597","951","599","172","6","909","1181","1536","723","214"
"2022","1","A","골목상권","2110633","개화산역 1번","115","89","26","2","29","34","27","15","8","2","28","22","19","10","8","0","1","12","8","5","0"
"2022","1","R","전통시장","2130236","비단길현대시장(현대시장)","139","42","97","0","13","23","49","40","14","0","4","3","12","17","6","0","9","20","37","23","8"
"2022","1","A","골목상권","2110635","공항시장역 3번","1482","399","1083","4","71","92","165","488","662","1","44","62","64","34","194","3","27","30","101","454","468"
"2022","1","A","골목상권","2110668","화곡2동주민센터","471","278","193","0","55","70","139","127","80","0","22","33","81","77","65","0","33","37","58","50","15"
"2022","1","D","발달상권","2120129","구로디지털단지","47750","31091","16659","195","10197","16227","12034","5678","3419","126","5117","10736","8454","3920","2738","69","5080","5491","3580","1758","681"
"2022","1","A","골목상권","2110707","구로창업지원센터","1045","760","285","4","141","266","246","253","135","3","78","195","185","186","113","1","63","71","61","67","22"
"2022","1","A","골목상권","2110610","계남근린공원","126","85","41","0","5","11","41","44","25","0","3","6","28","35","13","0","2","5","13","9","12"
"2022","1","A","골목상권","2110609","신정네거리역 2번","1377","1358","19","0","14","15","52","171","1125","0","10","11","45","168","1124","0","4","4","7","3","1"
"2022","1","R","전통시장","2130204","경창시장","100","50","50","0","5","12","27","27","29","0","2","5","12","16","15","0","3","7","15","11","14"
"2022","1","A","골목상권","2110619","목4동주민센터","311","203","108","1","51","87","89","64","19","1","16","52","58","57","19","0","35","35","31","7","0"
"2022","1","D","발달상권","2120172","교대입구교차로","10241","5712","4529","53","2062","2700","2445","1945","1036","33","854","1635","1489","1004","697","20","1208","1065","956","941","339"
"2022","1","A","골목상권","2110453","신사1동주민센터","515","288","227","0","43","81","121","155","115","0","20","25","65","85","93","0","23","56","56","70","22"
"2022","1","R","전통시장","2130170","제일시장","58","26","32","1","7","9","13","19","9","1","2","2","5","11","5","0","5","7","8","8","4"
"2022","1","A","골목상권","2110455","역촌노인복지관","678","360","318","2","69","118","187","198","104","0","34","63","89","105","69","2","35","55","98","93","35"
"2022","1","D","발달상권","2120195","성수대교남단","5611","2685","2926","39","1393","2394","1102","426","257","15","487","1194","634","208","147","24","906","1200","468","218","110"
"2022","1","A","골목상권","2110608","신월2동주민센터","873","453","420","1","51","116","229","271","205","1","23","69","118","125","117","0","28","47","111","146","88"
"2022","1","D","발달상권","2120188","압구정역","8579","3750","4829","134","2204","2146","1550","1314","1231","47","698","969","897","556","583","87","1506","1177","653","758","648"
"2022","1","A","골목상권","2110447","구산초등학교","12","7","5","0","2","2","3","1","4","0","1","2","1","1","2","0","1","0","2","0","2"
"2022","1","A","골목상권","2110467","은평요양병원","487","284","203","3","90","154","110","68","62","2","46","100","61","37","38","1","44","54","49","31","24"
"2022","1","D","발달상권","2120090","연신내역","687","262","425","5","180","133","134","129","106","1","64","55","49","45","48","4","116","78","85","84","58"
"2022","1","A","골목상권","2110605","목동센트럴아이파크앞","155","89","66","0","15","22","26","47","45","0","5","15","11","27","31","0","10","7","15","20","14"
"2022","1","A","골목상권","2110593","신월3동주민센터","304","157","147","0","38","65","76","87","38","0","12","32","45","44","24","0","26","33","31","43","14"
"2022","1","A","골목상권","2110475","백련산해모로아파트","241","126","115","1","23","42","76","68","31","1","10","24","44","28","19","0","13","18","32","40","12"
"2022","1","A","골목상권","2110478","응암1동주민센터","359","221","138","2","26","39","56","58","178","2","16","23","28","33","119","0","10","16","28","25","59"
"2022","1","A","골목상권","2110462","갈현건영아파트","354","220","134","1","41","64","104","81","63","1","23","38","61","50","47","0","18","26","43","31","16"
"2022","1","A","골목상권","2110604","신월4동주민센터","637","528","109","0","13","50","120","234","220","0","6","29","87","193","213","0","7","21","33","41","7"
"2022","1","D","발달상권","2120055","군자역","4255","2030","2225","33","1138","780","911","991","402","23","548","430","436","330","263","10","590","350","475","661","139"
"2022","1","A","골목상권","2110942","염곡동 구룡사(포이동성당)","3242","1952","1290","7","578","932","791","613","321","3","328","587","461","351","222","4","250","345","330","262","99"
"2022","1","A","골목상권","2110645","우장산역 4번","794","391","403","0","64","125","239","221","145","0","33","65","87","90","116","0","31","60","152","131","29"
"2022","1","A","골목상권","2110516","정원여중","114","85","29","0","24","19","35","22","14","0","17","14","26","19","9","0","7","5","9","3","5"
"2022","1","D","발달상권","2120166","방배역","5467","3282","2185","90","1234","1594","1033","699","817","26","523","920","713","451","649","64","711","674","320","248","168"
"2022","1","A","골목상권","2110736","독산119안전센터","450","196","254","0","45","52","74","114","165","0","21","31","34","41","69","0","24","21","40","73","96"
"2022","1","A","골목상권","2111086","한영중고","297","202","95","1","27","45","73","101","50","1","17","22","52","69","41","0","10","23","21","32","9"
"2022","1","A","골목상권","2110187","제기동역 6번","3124","2222","902","15","559","867","746","552","385","7","387","605","531","394","298","8","172","262","215","158","87"
"2022","1","A","골목상권","2110759","문래예술촌(문래창작촌)","4221","2165","2056","9","520","837","996","1286","573","5","266","550","589","466","289","4","254","287","407","820","284"
"2022","1","A","골목상권","2110558","경성고등학교","2338","1579","759","11","302","556","565","513","391","10","149","343","406","384","287","1","153","213","159","129","104"
"2022","1","A","골목상권","2110114","왕십리파출소","68","21","47","0","3","2","11","24","28","0","1","1","4","10","5","0","2","1","7","14","23"
"2022","1","A","골목상권","2110068","남영역 1번","1039","595","444","8","154","224","240","224","189","6","59","124","144","138","124","2","95","100","96","86","65"
"2022","1","A","골목상권","2111010","석촌역 7번","1428","975","453","3","162","289","351","325","298","1","88","176","244","224","242","2","74","113","107","101","56"
"2022","1","D","발달상권","2120173","교대역(법원.검찰청)","18197","10449","7748","74","3267","5392","4725","3068","1671","29","1418","3003","2843","1896","1260","45","1849","2389","1882","1172","411"
"2022","1","D","발달상권","2120196","서울세관","9687","5900","3787","15","1708","2897","2579","1614","874","2","604","1527","1719","1323","725","13","1104","1370","860","291","149"
"2022","1","D","발달상권","2120137","문래역(문래로데오거리)","50","21","29","2","11","8","13","12","4","0","4","1","7","7","2","2","7","7","6","5","2"
"2022","1","A","골목상권","2110427","노원 을지대학교병원","363","281","82","0","27","27","62","126","121","0","12","14","31","109","115","0","15","13","31","17","6"
"2022","1","A","골목상권","2110423","석계역 2번","280","104","176","0","27","29","65","73","86","0","9","15","31","29","20","0","18","14","34","44","66"
"2022","1","A","골목상권","2110408","가인초등학교","359","108","251","0","68","70","101","86","34","0","13","24","33","22","16","0","55","46","68","64","18"
"2022","1","A","골목상권","2110196","홍릉근린공원","23","12","11","0","1","6","8","5","3","0","1","4","3","2","2","0","0","2","5","3","1"
"2022","1","A","골목상권","2110993","개포지하차도 북측","70","53","17","0","3","9","19","23","16","0","2","7","16","18","10","0","1","2","3","5","6"
"2022","1","A","골목상권","2110407","도봉역 2번","562","338","224","1","32","77","115","203","134","1","8","41","57","126","105","0","24","36","58","77","29"
"2022","1","A","골목상권","2110490","녹번동근린공원","307","166","141","0","30","64","85","76","52","0","11","30","47","45","33","0","19","34","38","31","19"
"2022","1","D","발달상권","2120211","도성초등학교","984","516","468","7","180","282","189","161","165","3","68","120","112","117","96","4","112","162","77","44","69"
"2022","1","A","골목상권","2110963","역삼월드메르디앙아파트","780","547","233","1","126","185","226","154","88","0","79","146","171","97","54","1","47","39","55","57","34"
"2022","1","A","골목상권","2110181","신설동역 9번","1864","1212","652","12","209","232","286","440","685","12","150","162","188","282","418","0","59","70","98","158","267"
"2022","1","R","전통시장","2130278","미성동 도깨비시장 골목형상점가","75","16","59","0","0","16","28","24","7","0","0","7","5","2","2","0","0","9","23","22","5"
"2022","1","R","전통시장","2130276","신림중앙시장(조원동 펭귄시장)","43","27","16","0","1","2","14","12","14","0","0","2","7","9","9","0","1","0","7","3","5"
"2022","1","A","골목상권","2110894","관악동부센트레빌아파트(은천로35라길)","20","8","12","0","2","4","3","6","5","0","0","2","1","2","3","0","2","2","2","4","2"
"2022","1","R","전통시장","2130243","도림시장","6","4","2","0","0","1","4","0","1","0","0","1","3","0","0","0","0","0","1","0","1"
"2022","1","A","골목상권","2110875","보라매동주민센터(당곡고등학교)","16","13","3","0","3","2","5","4","2","0","2","2","3","4","2","0","1","0","2","0","0"
"2022","1","A","골목상권","2110814","서울지방병무청","673","364","309","1","51","117","155","236","113","1","23","79","97","104","60","0","28","38","58","132","53"
"2022","1","A","골목상권","2110900","낙성대역 1번(관악구민 종합체육센터)","457","257","200","1","95","125","123","89","24","1","49","65","69","54","19","0","46","60","54","35","5"
"2022","1","A","골목상권","2110897","서울대입구역 8번","219","139","80","0","16","45","69","64","25","0","7","24","40","44","24","0","9","21","29","20","1"
"2022","1","R","전통시장","2130197","마포시장","15","5","10","0","0","1","5","4","5","0","0","1","0","2","2","0","0","0","5","2","3"
"2022","1","A","골목상권","2110584","아현역 4번","49","13","36","0","4","7","14","13","11","0","0","0","2","5","6","0","4","7","12","8","5"
"2022","1","A","골목상권","2110887","서울산업정보학교(서울삼성초등학교)","19","11","8","0","1","4","7","6","1","0","0","0","4","6","1","0","1","4","3","0","0"
"2022","1","A","골목상권","2110505","홍남교남측","14","9","5","0","1","0","3","7","3","0","0","0","2","5","2","0","1","0","1","2","1"
"2022","1","A","골목상권","2110575","대흥동주민센터","206","156","50","2","25","47","36","48","48","2","11","35","25","40","43","0","14","12","11","8","5"
"2022","1","A","골목상권","2110548","마포구청역 4번","795","475","320","5","130","185","210","136","129","3","57","95","122","89","109","2","73","90","88","47","20"
"2022","1","A","골목상권","2110525","홍은종합사회복지관","61","17","44","0","10","12","15","10","14","0","1","3","0","4","9","0","9","9","15","6","5"
"2022","1","A","골목상권","2110520","경의중앙 신촌역","78","38","40","0","22","12","27","10","7","0","5","5","13","9","6","0","17","7","14","1","1"
"2022","1","R","전통시장","2130194","용강동 상점가","875","502","373","0","103","131","179","170","292","0","39","75","104","114","170","0","64","56","75","56","122"
"2022","1","A","골목상권","2110368","송천초등학교","196","176","20","0","9","16","36","71","64","0","5","11","32","66","62","0","4","5","4","5","2"
"2022","1","A","골목상권","2110537","충정로현대아파트","1514","848","666","1","362","525","328","177","121","0","150","263","215","134","86","1","212","262","113","43","35"
"2022","1","A","골목상권","2110367","강북구청","1943","976","967","5","195","512","483","522","226","4","64","205","237","340","126","1","131","307","246","182","100"
"2022","1","A","골목상권","2110354","삼각산119안전센터","22","5","17","0","2","3","10","5","2","0","0","0","2","1","2","0","2","3","8","4","0"
"2022","1","A","골목상권","2110379","KT&G 북부지사","12","3","9","1","1","1","3","3","3","0","0","0","1","1","1","1","1","1","2","2","2"
"2022","1","R","전통시장","2130141","강북북부골목시장","43","20","23","0","16","4","11","6","6","0","3","2","6","6","3","0","13","2","5","0","3"
"2022","1","R","전통시장","2130130","수유북부골목시장","20","14","6","0","1","1","7","5","6","0","0","0","6","3","5","0","1","1","1","2","1"
"2022","1","A","골목상권","2110378","송중동주민센터","23","13","10","0","1","4","6","9","3","0","1","2","2","6","2","0","0","2","4","3","1"
"2022","1","A","골목상권","2110380","강북문화정보도서관","48","15","33","0","12","10","12","10","4","0","0","3","5","4","3","0","12","7","7","6","1"
"2022","1","A","골목상권","2110369","성신여대운정그린캠퍼스","518","214","304","1","49","46","131","131","160","1","10","16","44","53","90","0","39","30","87","78","70"
"2022","1","A","골목상권","2110376","수송초등학교","224","142","82","0","26","47","62","60","29","0","12","29","38","41","22","0","14","18","24","19","7"
"2022","1","A","골목상권","2110703","개봉역","569","449","120","4","28","60","119","170","188","3","16","35","79","141","175","1","12","25","40","29","13"
"2022","1","A","골목상권","2110280","북정마을","78","40","38","0","6","12","25","24","11","0","2","4","11","15","8","0","4","8","14","9","3"
"2022","1","A","골목상권","2110341","북한산우이역 2번","492","408","84","0","15","25","80","255","117","0","4","10","52","235","107","0","11","15","28","20","10"
"2022","1","A","골목상권","2110344","화계중학교","12","10","2","0","7","1","1","2","1","0","5","1","1","2","1","0","2","0","0","0","0"
"2022","1","A","골목상권","2110312","안암역 2번","175","96","79","0","18","24","52","54","27","0","9","17","27","27","16","0","9","7","25","27","11"
"2022","1","R","전통시장","2130116","동성타워프라자","31","22","9","0","2","9","7","8","5","0","2","4","4","7","5","0","0","5","3","1","0"
"2022","1","A","골목상권","2110236","신묵초등학교","1015","836","179","0","185","302","228","255","45","0","135","246","194","228","33","0","50","56","34","27","12"
"2022","1","A","골목상권","2110251","장안중학교","147","104","43","0","8","34","46","39","20","0","3","23","34","27","17","0","5","11","12","12","3"
"2022","1","A","골목상권","2110365","미아역 5번","341","83","258","0","17","21","44","63","196","0","5","12","15","17","34","0","12","9","29","46","162"
"2022","1","A","골목상권","2110329","우리은행체육관","53","27","26","1","7","9","12","17","7","1","0","5","5","10","6","0","7","4","7","7","1"
"2022","1","A","골목상권","2110246","월드순복음교회","431","312","119","0","27","97","158","95","54","0","12","69","122","65","44","0","15","28","36","30","10"
"2022","1","R","전통시장","2130081","자양골목전통시장(자양골목시장)","54","36","18","0","7","17","14","9","7","0","5","12","9","6","4","0","2","5","5","3","3"
"2022","1","A","골목상권","2110159","구의역 4번","663","391","272","1","125","115","158","132","132","1","58","62","85","87","98","0","67","53","73","45","34"
"2022","1","A","골목상권","2110158","중곡3동주민센터","715","518","197","1","113","210","184","138","69","0","73","168","123","104","50","1","40","42","61","34","19"
"2022","1","A","골목상권","2110273","장스여성병원","610","446","164","7","31","37","75","209","251","0","4","8","37","168","229","7","27","29","38","41","22"
"2022","1","A","골목상권","2110244","중화역 4번","250","175","75","1","8","26","49","44","122","1","4","11","32","30","97","0","4","15","17","14","25"
"2022","1","R","전통시장","2130079","한아름시장","40","29","11","0","5","6","6","10","13","0","4","4","5","6","10","0","1","2","1","4","3"
"2022","1","A","골목상권","2110148","어린이대공원역 3번","17","12","5","0","3","3","6","5","0","0","0","2","5","5","0","0","3","1","1","0","0"
"2022","1","R","전통시장","2130112","사가정시장","86","28","58","0","13","17","24","19","13","0","0","3","6","8","11","0","13","14","18","11","2"
"2022","1","A","골목상권","2110077","삼광초등학교","385","317","68","0","37","86","148","98","16","0","21","66","130","88","12","0","16","20","18","10","4"
"2022","1","R","전통시장","2130067","왕십리도선동상점가","1670","335","1335","3","166","202","291","591","417","1","78","98","69","49","40","2","88","104","222","542","377"
"2022","1","R","전통시장","2130072","성동용답상가시장","132","71","61","0","21","19","35","39","18","0","9","9","16","26","11","0","12","10","19","13","7"
"2022","1","A","골목상권","2110579","마포역 4번","758","561","197","2","62","160","253","214","67","1","37","123","190","160","50","1","25","37","63","54","17"
"2022","1","R","전통시장","2130057","만리시장","12","9","3","0","0","2","1","4","5","0","0","1","1","3","4","0","0","1","0","1","1"
"2022","1","A","골목상권","2110083","서빙고역 1번","149","109","40","0","26","53","42","14","14","0","13","42","29","12","13","0","13","11","13","2","1"
"2022","1","R","전통시장","2130032","인현시장","167","123","44","0","3","25","47","54","38","0","3","16","35","40","29","0","0","9","12","14","9"
"2022","1","R","전통시장","2130044","에리어식스(벨포스트)","10","2","8","1","0","2","3","3","1","1","0","1","0","0","0","0","0","1","3","3","1"
"2022","1","R","전통시장","2130047","테크노상가(엘리시움)","160","112","48","0","10","26","34","61","29","0","5","20","21","42","24","0","5","6","13","19","5"
"2022","1","R","전통시장","2130048","동평화시장","18","9","9","0","7","8","0","3","0","0","3","4","0","2","0","0","4","4","0","1","0"
"2022","1","D","발달상권","2120037","동대문역사문화공원역","35320","17057","18263","421","11234","9194","6981","5237","2253","180","5605","5543","3901","1328","500","241","5629","3651","3080","3909","1753"
"2022","1","A","골목상권","2110043","충무초등학교","1202","670","532","12","212","307","331","223","117","7","97","155","169","152","90","5","115","152","162","71","27"
"2022","1","D","발달상권","2120027","명동역(명동재미로)","18097","8477","9620","67","2695","5851","6070","3074","340","9","859","2588","2522","2321","178","58","1836","3263","3548","753","162"
"2022","1","D","발달상권","2120004","종로구청","12937","7078","5859","9","1442","4392","4485","2080","529","4","432","2050","2756","1493","343","5","1010","2342","1729","587","186"
"2022","1","D","발달상권","2120053","건대입구역(건대)","859","491","368","5","147","141","172","187","207","2","40","61","95","130","163","3","107","80","77","57","44"
"2022","1","A","골목상권","2110360","수유초등학교","321","222","99","0","34","61","63","67","96","0","7","43","42","44","86","0","27","18","21","23","10"
"2022","1","A","골목상권","2110028","이화달팽이길","704","279","425","1","177","179","137","123","87","0","56","60","56","65","42","1","121","119","81","58","45"
"2022","1","D","발달상권","2120221","봉은사역","19513","12605","6908","22","4375","5782","3654","2813","2867","8","2402","4217","2849","1721","1408","14","1973","1565","805","1092","1459"
"2022","1","D","발달상권","2120049","왕십리역(왕십리)","1459","1004","455","1","183","301","377","468","129","1","92","187","272","371","81","0","91","114","105","97","48"
"2022","1","A","골목상권","2110091","리움미술관","1106","810","296","0","216","345","343","155","47","0","117","236","293","128","36","0","99","109","50","27","11"
"2022","1","A","골목상권","2110787","신길3동주민센터","171","122","49","0","19","35","47","42","28","0","8","25","36","31","22","0","11","10","11","11","6"
"2022","1","A","골목상권","2110546","양화대교북단","684","408","276","3","185","240","142","68","46","3","79","121","109","55","41","0","106","119","33","13","5"
"2022","1","A","골목상권","2110758","문래소공원","296","221","75","1","44","77","70","67","37","0","32","60","46","52","31","1","12","17","24","15","6"
"2022","1","A","골목상권","2110576","대흥역 3번","1605","1112","493","71","503","480","308","163","80","27","310","365","253","111","46","44","193","115","55","52","34"
"2022","1","A","골목상권","2110515","홍은중학교","399","312","87","1","46","119","119","68","46","1","33","93","94","52","39","0","13","26","25","16","7"
"2022","1","A","골목상권","2110519","서대문구보건소별관","470","175","295","0","58","96","113","139","64","0","15","37","46","42","35","0","43","59","67","97","29"
"2022","1","A","골목상권","2110503","명지대학교교회","230","123","107","0","27","52","59","64","28","0","9","30","26","36","22","0","18","22","33","28","6"
"2022","1","D","발달상권","2120042","숙대입구역(남영역, 남영동)","4057","2797","1260","20","750","1490","1024","558","215","8","370","894","831","510","184","12","380","596","193","48","31"
"2022","1","A","골목상권","2110418","광운대학교 남단","100","45","55","0","11","17","23","26","23","0","5","5","13","16","6","0","6","12","10","10","17"
"2022","1","A","골목상권","2110271","신내역 1번","97","74","23","0","8","17","25","29","18","0","5","14","18","23","14","0","3","3","7","6","4"
"2022","1","D","발달상권","2120074","안암역","59","28","31","1","12","16","12","8","10","0","5","9","7","2","5","1","7","7","5","6","5"
"2022","1","A","골목상권","2110067","배문고등학교","1574","907","667","1","219","377","391","329","257","0","85","177","202","230","213","1","134","200","189","99","44"
"2022","1","A","골목상권","2110092","NH농협은행 보광동지점","514","208","306","0","94","123","111","107","79","0","14","58","40","45","51","0","80","65","71","62","28"
"2022","1","A","골목상권","2110104","신금호역 4번","275","189","86","0","27","47","51","66","84","0","11","28","34","46","70","0","16","19","17","20","14"
"2022","1","U","관광특구","1001491","이태원 관광특구","5839","3064","2775","28","1377","2065","1290","768","311","18","514","986","777","541","228","10","863","1079","513","227","83"
"2022","1","R","전통시장","2130055","황학시장(서울중앙시장, 신중앙시장)","203","117","86","0","24","49","47","52","31","0","12","25","24","32","24","0","12","24","23","20","7"
"2022","1","A","골목상권","2110039","회현역 1번","49","26","23","0","2","8","12","14","13","0","0","4","9","8","5","0","2","4","3","6","8"
"2022","1","A","골목상권","2111071","천동초등학교","76","52","24","0","4","15","21","25","11","0","4","6","18","16","8","0","0","9","3","9","3"
"2022","1","A","골목상권","2111048","천호역 1번(천호문구완구거리)","189","104","85","3","18","52","45","45","26","2","10","24","26","25","17","1","8","28","19","20","9"
"2022","1","A","골목상권","2111049","천호지구대(천호동자전거거리)","507","277","230","2","75","90","96","118","126","0","36","50","40","68","83","2","39","40","56","50","43"
"2022","1","R","전통시장","2130320","암사종합시장","173","97","76","1","16","29","50","31","46","1","5","12","31","19","29","0","11","17","19","12","17"
"2022","1","A","골목상권","2111055","선사초등학교","673","29","644","0","14","28","137","373","121","0","4","7","8","6","4","0","10","21","129","367","117"
"2022","1","A","골목상권","2110390","방학초등학교","225","105","120","0","18","60","66","58","23","0","7","33","27","27","11","0","11","27","39","31","12"
"2022","1","R","전통시장","2130325","명일전통시장","89","30","59","0","8","10","13","28","30","0","3","6","5","8","8","0","5","4","8","20","22"
"2022","1","D","발달상권","2120235","문정역","907","621","286","1","116","196","202","236","156","0","69","151","148","144","109","1","47","45","54","92","47"
"2022","1","D","발달상권","2120227","잠실역","45438","24212","21226","163","8139","11821","12755","11278","1282","51","3785","7433","7435","4548","960","112","4354","4388","5320","6730","322"
"2022","1","D","발달상권","2120239","오금역","4700","3006","1694","17","851","1243","1186","911","492","11","456","826","848","495","370","6","395","417","338","416","122"
"2022","1","A","골목상권","2111039","벌말어린이공원","485","353","132","8","85","125","121","94","52","8","51","89","88","72","45","0","34","36","33","22","7"
"2022","1","D","발달상권","2120238","방이역","412","251","161","4","47","97","113","76","75","3","22","45","60","57","64","1","25","52","53","19","11"
"2022","1","A","골목상권","2111020","방이동고분군(방산고등학교)","304","225","79","1","20","103","84","54","42","0","7","73","64","48","33","1","13","30","20","6","9"
"2022","1","A","골목상권","2110210","서울시립대","341","253","88","1","9","19","24","34","254","1","4","12","10","21","205","0","5","7","14","13","49"
"2022","1","A","골목상권","2110388","도봉우체국","35","23","12","0","4","3","10","14","4","0","2","2","7","8","4","0","2","1","3","6","0"
"2022","1","A","골목상권","2111000","대왕초등학교(세곡동사거리서남측)","39","20","19","0","7","10","12","8","2","0","0","4","10","4","2","0","7","6","2","4","0"
"2022","1","A","골목상권","2110214","경희대후문","86","42","44","0","18","17","24","17","10","0","6","6","13","10","7","0","12","11","11","7","3"
"2022","1","A","골목상권","2110402","도봉구 정병원","471","221","250","1","85","98","98","106","83","0","24","38","54","59","46","1","61","60","44","47","37"
"2022","1","A","골목상권","2110203","떡전교사거리","99","63","36","1","9","15","32","29","13","1","0","7","26","20","9","0","9","8","6","9","4"
"2022","1","A","골목상권","2110229","장평중학교","1339","865","474","0","145","164","192","320","518","0","81","103","125","212","344","0","64","61","67","108","174"
"2022","1","A","골목상권","2110389","한일병원","209","120","89","0","23","37","57","53","39","0","10","19","35","30","26","0","13","18","22","23","13"
"2022","1","A","골목상권","2111041","거여역 8번","428","350","78","1","102","124","87","64","50","1","84","98","72","51","44","0","18","26","15","13","6"
"2022","1","A","골목상권","2110856","미성초등학교","538","295","243","3","58","85","170","150","72","1","28","44","99","71","52","2","30","41","71","79","20"
"2022","1","A","골목상권","2110895","샤로수길","1796","1222","574","3","307","721","360","233","172","2","170","534","234","152","130","1","137","187","126","81","42"
"2022","1","R","전통시장","2130097","답십리 건축자재시장","315","202","113","1","17","46","46","44","161","0","8","37","25","23","109","1","9","9","21","21","52"
"2022","1","A","골목상권","2110433","공릉역 2번","401","137","264","1","30","41","46","46","237","1","17","30","25","18","46","0","13","11","21","28","191"
"2022","1","A","골목상권","2110033","창신역 4번","166","89","77","0","26","42","35","40","23","0","6","22","17","25","19","0","20","20","18","15","4"
"2022","1","A","골목상권","2110962","도산공원북측","557","487","70","1","66","80","242","144","24","0","45","70","226","130","16","1","21","10","16","14","8"
"2022","1","D","발달상권","2120237","경찰병원역","8608","5226","3382","58","1222","1655","1718","1449","2506","24","537","1057","1126","725","1757","34","685","598","592","724","749"
"2022","1","A","골목상권","2110966","논현2동주민센터","1637","1017","620","18","470","498","300","218","133","7","256","298","200","147","109","11","214","200","100","71","24"
"2022","1","D","발달상권","2120200","학동사거리","9363","3808","5555","26","2868","3075","1848","1005","541","9","654","1122","937","687","399","17","2214","1953","911","318","142"
"2022","1","A","골목상권","2110950","논현역 7번","2981","1929","1052","1","829","1305","518","230","98","0","418","886","383","173","69","1","411","419","135","57","29"
"2022","1","D","발달상권","2120191","학동역","13862","8102","5760","40","2889","3759","2967","1864","2343","17","1120","2144","2011","1130","1680","23","1769","1615","956","734","663"
"2022","1","A","골목상권","2110918","방배역 3번","682","438","244","3","98","127","164","142","148","2","59","85","108","86","98","1","39","42","56","56","50"
"2022","1","A","골목상권","2110954","국기원","636","445","191","0","89","142","187","94","124","0","35","97","161","74","78","0","54","45","26","20","46"
"2022","1","D","발달상권","2120203","강남구청역","7726","4602","3124","27","1589","2070","1890","1381","769","8","650","1218","1293","882","551","19","939","852","597","499","218"
"2022","1","A","골목상권","2110986","삼성중앙역 7번","90","59","31","0","9","18","36","19","8","0","3","6","29","15","6","0","6","12","7","4","2"
"2022","1","D","발달상권","2120202","압구정로데오역(압구정로데오)","11735","6075","5660","41","2963","4419","2469","1425","418","11","793","2184","1593","1195","299","30","2170","2235","876","230","119"
"2022","1","A","골목상권","2110915","서래초등학교","2807","2202","605","14","421","877","1027","379","89","11","280","648","849","336","78","3","141","229","178","43","11"
"2022","1","A","골목상권","2110924","반포4동주민센터(몽마르뜨공원)","1330","886","444","5","203","305","407","298","112","1","85","181","300","236","83","4","118","124","107","62","29"
"2022","1","A","골목상권","2110925","서초중학교","873","496","377","0","104","137","244","222","166","0","38","65","146","132","115","0","66","72","98","90","51"
"2022","1","R","전통시장","2130273","남성사계시장(남성시장)","141","63","78","0","21","36","45","22","17","0","3","19","20","8","13","0","18","17","25","14","4"
"2022","1","R","전통시장","2130298","강남터미널지하도상점가2구역","2","1","1","0","1","0","0","0","1","0","1","0","0","0","0","0","0","0","0","0","1"
"2022","1","A","골목상권","2110201","전농119안전센터","27","11","16","0","2","1","9","10","5","0","1","0","3","4","3","0","1","1","6","6","2"
"2022","1","A","골목상권","2110943","법제교육센터(버들어린이공원)","1122","578","544","1","67","165","357","323","209","1","36","99","151","140","151","0","31","66","206","183","58"
"2022","1","D","발달상권","2120152","신대방삼거리역","594","291","303","1","66","127","155","154","91","1","22","63","84","74","47","0","44","64","71","80","44"
"2022","1","R","전통시장","2130235","대명여울빛거리시장(대명시장)","298","80","218","0","39","52","77","82","48","0","11","14","25","19","11","0","28","38","52","63","37"
"2022","1","R","전통시장","2130233","남문시장","76","47","29","0","5","8","18","22","23","0","2","3","9","12","21","0","3","5","9","10","2"
"2022","1","A","골목상권","2110738","문성초등학교","249","125","124","0","17","27","65","90","50","0","12","14","34","40","25","0","5","13","31","50","25"
"2022","1","A","골목상권","2110752","한울중학교","269","117","152","2","25","46","81","79","36","2","13","16","34","33","19","0","12","30","47","46","17"
"2022","1","A","골목상권","2110006","부암동주민센터","27","16","11","0","2","7","7","5","6","0","2","5","2","3","4","0","0","2","5","2","2"
"2022","1","A","골목상권","2110692","큰굴다리","233","148","85","0","12","52","54","66","49","0","7","19","35","49","38","0","5","33","19","17","11"
"2022","1","A","골목상권","2110682","온수역 8번","137","128","9","0","3","5","14","43","72","0","2","3","11","42","70","0","1","2","3","1","2"
"2022","1","R","전통시장","2130228","구로시장","10","5","5","0","0","4","6","0","0","0","0","1","4","0","0","0","0","3","2","0","0"
"2022","1","A","골목상권","2110932","서울시인재개발원","532","384","148","2","128","170","127","64","41","2","76","116","100","54","36","0","52","54","27","10","5"
"2022","1","D","발달상권","2120185","논현역","12764","7403","5361","29","2731","4125","3228","1879","772","10","1040","2435","2232","1195","491","19","1691","1690","996","684","281"
"2022","1","D","발달상권","2120194","언주역(차병원)","12628","8724","3904","37","2790","4202","2802","1923","874","14","1366","2863","2239","1588","654","23","1424","1339","563","335","220"
"2022","1","A","골목상권","2110683","오류고등학교","185","125","60","0","24","46","55","41","19","0","18","33","33","23","18","0","6","13","22","18","1"
"2022","1","A","골목상권","2110709","구로119안전센터","162","94","68","0","16","19","44","46","37","0","13","12","28","25","16","0","3","7","16","21","21"
"2022","1","D","발달상권","2120132","독산동","4203","2884","1319","13","512","908","1016","1074","680","12","350","650","695","701","476","1","162","258","321","373","204"
"2022","1","R","전통시장","2130216","화곡중앙시장","75","32","43","0","4","11","21","22","17","0","2","2","9","8","11","0","2","9","12","14","6"
"2022","1","D","발달상권","2120128","신도림역","1253","656","597","7","191","318","382","243","112","1","75","153","191","149","87","6","116","165","191","94","25"
"2022","1","A","골목상권","2110706","그라운드 고척","410","100","310","0","122","101","101","68","18","0","22","20","28","20","10","0","100","81","73","48","8"
"2022","1","D","발달상권","2120119","발산역(마곡)","1427","686","741","2","184","339","416","350","136","1","54","148","211","174","98","1","130","191","205","176","38"
"2022","1","A","골목상권","2110676","등촌역 7번","237","141","96","0","31","35","66","57","48","0","13","21","37","37","33","0","18","14","29","20","15"
"2022","1","D","발달상권","2120030","중부경찰서(영화인의거리)","11889","6798","5091","53","2154","3638","3423","1960","661","16","721","2139","2092","1366","464","37","1433","1499","1331","594","197"
"2022","1","A","골목상권","2110632","방화역 3번","1075","887","188","2","42","127","400","334","170","1","21","90","353","281","141","1","21","37","47","53","29"
"2022","1","A","골목상권","2110675","화곡4동주민센터","289","186","103","0","28","62","73","65","61","0","11","36","40","50","49","0","17","26","33","15","12"
"2022","1","A","골목상권","2110643","강서구다솔마을","653","413","240","1","97","165","199","139","52","0","47","101","136","93","36","1","50","64","63","46","16"
"2022","1","A","골목상권","2110616","양목초등학교","161","103","58","0","3","23","19","40","76","0","2","18","14","32","37","0","1","5","5","8","39"
"2022","1","A","골목상권","2110696","오류동역 1번","2453","1671","782","32","831","951","335","223","81","16","483","739","238","133","62","16","348","212","97","90","19"
"2022","1","A","골목상권","2110621","목동역 5번","111","57","54","0","9","22","22","38","20","0","0","12","13","19","13","0","9","10","9","19","7"
"2022","1","A","골목상권","2110618","강서고등학교","193","135","58","0","19","38","52","52","32","0","10","29","36","34","26","0","9","9","16","18","6"
"2022","1","R","전통시장","2130161","증산종합시장","8","5","3","0","0","1","2","2","3","0","0","0","1","2","2","0","0","1","1","0","1"
"2022","1","A","골목상권","2110228","장안근린공원","1992","1184","808","40","1381","313","92","101","65","24","788","223","60","54","35","16","593","90","32","47","30"
"2022","1","A","골목상권","2110446","내를건너서숲으로도서관","375","294","81","0","65","88","84","69","69","0","61","77","55","44","57","0","4","11","29","25","12"
"2022","1","D","발달상권","2120110","목동역 8번출구","1858","1400","458","2","142","216","286","247","965","1","42","102","166","181","908","1","100","114","120","66","57"
"2022","1","D","발달상권","2120108","신정네거리역","992","580","412","2","93","215","220","242","220","1","28","110","112","160","169","1","65","105","108","82","51"
"2022","1","A","골목상권","2110603","지향초등학교","205","119","86","0","13","56","60","44","32","0","5","30","37","25","22","0","8","26","23","19","10"
"2022","1","D","발달상권","2120130","구로디지털단지역","1136","620","516","1","169","376","236","212","142","0","59","208","125","125","103","1","110","168","111","87","39"
"2022","1","A","골목상권","2110480","연신내역 3번","117","34","83","0","7","27","37","29","17","0","0","7","12","9","6","0","7","20","25","20","11"
"2022","1","R","전통시장","2130223","고척근린시장","42","12","30","0","2","10","12","14","4","0","0","1","1","7","3","0","2","9","11","7","1"
"2022","1","A","골목상권","2110466","구산역 2번","87","46","41","0","12","17","26","24","8","0","4","5","16","15","6","0","8","12","10","9","2"
"2022","1","A","골목상권","2110443","수색역 1번","14","7","7","0","1","1","7","4","1","0","0","1","2","3","1","0","1","0","5","1","0"
"2022","1","A","골목상권","2110457","예일여고","484","284","200","1","60","89","88","132","114","0","27","47","47","71","92","1","33","42","41","61","22"
"2022","1","D","발달상권","2120146","한강성심병원","5045","2866","2179","18","1237","1249","1097","821","623","8","395","663","729","584","487","10","842","586","368","237","136"
"2022","1","A","골목상권","2110695","개봉1동주민센터","546","314","232","1","57","150","143","123","72","1","31","97","72","64","49","0","26","53","71","59","23"
"2022","1","A","골목상권","2110598","신월문화체육센터","428","195","233","0","21","58","112","150","87","0","5","28","45","66","51","0","16","30","67","84","36"
"2022","1","A","골목상권","2110999","윗방죽마을공원","268","130","138","2","19","43","44","83","77","1","12","27","27","39","24","1","7","16","17","44","53"
"2022","1","A","골목상권","2110544","망리단길","1203","718","485","1","179","248","331","253","191","1","107","153","171","147","139","0","72","95","160","106","52"
"2022","1","A","골목상권","2110060","효창공원앞역 6번","291","174","117","0","28","62","84","73","44","0","10","34","52","47","31","0","18","28","32","26","13"
"2022","1","A","골목상권","2111078","굽은다리역 4번","1728","1017","711","1","135","299","374","480","439","1","75","185","212","270","274","0","60","114","162","210","165"
"2022","1","R","전통시장","2130196","공덕시장","3948","2001","1947","52","1323","1296","891","287","99","28","467","646","599","181","80","24","856","650","292","106","19"
"2022","1","A","골목상권","2110705","고산초등학교","33","19","14","0","3","2","8","7","13","0","3","1","8","2","5","0","0","1","0","5","8"
"2022","1","A","골목상권","2111089","상일여고(상일초등학교)","758","508","250","0","51","131","184","236","156","0","32","81","128","155","112","0","19","50","56","81","44"
"2022","1","R","전통시장","2130248","영등포역지하도상점가","12","5","7","0","0","2","4","3","3","0","0","0","2","0","3","0","0","2","2","3","0"
"2022","1","A","골목상권","2110098","서울독일학교","242","91","151","0","57","85","68","23","9","0","15","22","34","15","5","0","42","63","34","8","4"
"2022","1","D","발달상권","2120117","강서농산물도매시장","430","263","167","0","12","60","121","145","92","0","9","46","75","82","51","0","3","14","46","63","41"
"2022","1","A","골목상권","2110248","먹골파출소","85","47","38","1","19","23","20","12","10","0","7","14","12","4","10","1","12","9","8","8","0"
"2022","1","R","전통시장","2130157","상계중앙시장","74","40","34","0","14","19","14","17","10","0","8","15","7","7","3","0","6","4","7","10","7"
"2022","1","A","골목상권","2110442","화랑대철도공원","76","20","56","0","1","4","14","49","8","0","0","2","4","10","4","0","1","2","10","39","4"
"2022","1","A","골목상권","2110384","문이교","248","138","110","0","37","20","50","81","60","0","12","8","21","51","46","0","25","12","29","30","14"
"2022","1","R","전통시장","2130098","회기시장","55","17","38","0","9","14","15","12","5","0","2","3","4","6","2","0","7","11","11","6","3"
"2022","1","A","골목상권","2110005","세검정","1006","510","496","3","125","296","290","195","97","0","36","137","157","121","59","3","89","159","133","74","38"
"2022","1","R","전통시장","2130150","창동골목시장","84","47","37","0","19","30","14","8","13","0","7","20","9","5","6","0","12","10","5","3","7"
"2022","1","A","골목상권","2110206","텃골근린공원","81","29","52","0","5","14","23","23","16","0","2","7","7","7","6","0","3","7","16","16","10"
"2022","1","R","전통시장","2130218","신월중앙시장","118","53","65","0","28","34","26","13","17","0","8","12","11","9","13","0","20","22","15","4","4"
"2022","1","A","골목상권","2110386","연산군묘","124","114","10","0","4","3","10","44","63","0","1","3","7","40","63","0","3","0","3","4","0"
"2022","1","A","골목상권","2110393","국민은행방학지점","49","13","36","0","2","10","17","15","5","0","0","0","4","6","3","0","2","10","13","9","2"
"2022","1","R","전통시장","2130147","쌍문역동측상점가","69","32","37","0","7","17","18","9","18","0","2","6","10","5","9","0","5","11","8","4","9"
"2022","1","A","골목상권","2110217","자동차부품상가","503","388","115","1","33","105","143","123","98","1","24","88","115","83","77","0","9","17","28","40","21"
"2022","1","A","골목상권","2110923","방배역 1번","210","153","57","0","34","56","55","41","24","0","21","38","42","34","18","0","13","18","13","7","6"
"2022","1","A","골목상권","2110215","회기역 1번","28","18","10","0","3","4","9","7","5","0","3","2","6","3","4","0","0","2","3","4","1"
"2022","1","D","발달상권","2120079","창동역","1326","796","530","0","151","232","320","304","319","0","54","108","172","195","267","0","97","124","148","109","52"
"2022","1","A","골목상권","2110189","제기동역 1번","1545","1089","456","1","233","490","343","170","308","0","98","349","286","137","219","1","135","141","57","33","89"
"2022","1","A","골목상권","2110997","대청초등학교","1724","959","765","4","230","291","391","383","425","2","111","162","200","210","274","2","119","129","191","173","151"
"2022","1","D","발달상권","2120212","한티역","713","378","335","1","115","178","190","137","92","1","36","85","116","78","62","0","79","93","74","59","30"
"2022","1","D","발달상권","2120218","코엑스","290","54","236","0","116","103","58","13","0","0","13","16","16","9","0","0","103","87","42","4","0"
"2022","1","A","골목상권","2110990","청담역 12번","262","109","153","2","61","92","56","36","15","0","12","32","29","23","13","2","49","60","27","13","2"
"2022","1","A","골목상권","2110204","간데메공원","411","268","143","3","83","97","82","89","57","3","57","64","46","58","40","0","26","33","36","31","17"
"2022","1","A","골목상권","2110012","성곡미술관","1061","503","558","0","262","337","262","118","82","0","72","159","150","73","49","0","190","178","112","45","33"
"2022","1","D","발달상권","2120206","개나리아파트","5280","3376","1904","87","1661","1418","1095","666","353","27","868","957","784","463","277","60","793","461","311","203","76"
"2022","1","A","골목상권","2110003","세검정초등학교","485","315","170","6","53","84","150","126","66","6","32","38","100","89","50","0","21","46","50","37","16"
"2022","1","R","전통시장","2130280","신림종합시장","8","7","1","0","0","0","0","2","6","0","0","0","0","1","6","0","0","0","0","1","0"
"2022","1","D","발달상권","2120144","영중로","2015","1072","943","1","254","394","507","598","261","1","142","276","288","230","135","0","112","118","219","368","126"
"2022","1","A","골목상권","2110769","대림차이나타운(대림역 12번)","18","8","10","0","3","4","6","4","1","0","0","1","4","2","1","0","3","3","2","2","0"
"2022","1","A","골목상권","2110779","대림갑을명가아파트","33","24","9","0","2","5","13","7","6","0","1","4","10","4","5","0","1","1","3","3","1"
"2022","1","A","골목상권","2110777","구로세무서","282","210","72","0","36","41","47","83","75","0","13","30","32","66","69","0","23","11","15","17","6"
"2022","1","A","골목상권","2110798","신풍역 2번","53","20","33","0","2","13","14","13","11","0","0","3","3","6","8","0","2","10","11","7","3"
"2022","1","A","골목상권","2110797","KT대방빌딩","52","10","42","1","7","10","12","11","11","0","0","0","1","3","6","1","7","10","11","8","5"
"2022","1","A","골목상권","2110791","신풍역 3번","25","17","8","0","1","5","9","9","1","0","0","2","6","8","1","0","1","3","3","1","0"
"2022","1","A","골목상권","2110805","신길새마을금고신길4동지점","45","27","18","0","6","12","12","8","7","0","2","7","6","5","7","0","4","5","6","3","0"
"2022","1","A","골목상권","2110807","신길역 3번","102","70","32","0","6","16","23","27","30","0","4","8","18","19","21","0","2","8","5","8","9"
"2022","1","A","골목상권","2110889","봉천역 6번","376","317","59","0","29","36","69","136","106","0","18","20","47","130","102","0","11","16","22","6","4"
"2022","1","A","골목상권","2110767","도림동주민센터","34","3","31","0","9","5","12","6","2","0","0","0","2","1","0","0","9","5","10","5","2"
"2022","1","A","골목상권","2110817","대방역 4번","286","227","59","1","38","51","90","59","47","0","19","35","79","53","41","1","19","16","11","6","6"
"2022","1","A","골목상권","2110879","신림현대아파트","17","7","10","0","2","3","5","5","2","0","1","2","2","2","0","0","1","1","3","3","2"
"2022","1","A","골목상권","2110585","마포경찰서","918","790","128","0","192","360","176","181","9","0","150","313","153","166","8","0","42","47","23","15","1"
"2022","1","A","골목상권","2110545","마포구청역 1번","880","496","384","1","74","169","241","262","133","1","30","100","116","154","95","0","44","69","125","108","38"
"2022","1","R","전통시장","2130191","홍대 걷고싶은 거리","367","225","142","6","65","65","81","82","68","4","40","41","54","47","39","2","25","24","27","35","29"
"2022","1","D","발달상권","2120100","망원역","900","436","464","3","192","236","215","153","101","1","49","107","117","103","59","2","143","129","98","50","42"
"2022","1","A","골목상권","2110581","염리초등학교","16","11","5","0","0","0","2","6","8","0","0","0","2","3","6","0","0","0","0","3","2"
"2022","1","R","전통시장","2130193","신수시장","34","19","15","0","4","7","12","5","6","0","1","5","5","4","4","0","3","2","7","1","2"
"2022","1","A","골목상권","2110571","신수동주민센터","635","358","277","5","109","159","187","126","49","5","57","88","98","74","36","0","52","71","89","52","13"
"2022","1","A","골목상권","2110524","연희세브란스병원","55","23","32","0","10","13","15","10","7","0","5","6","6","3","3","0","5","7","9","7","4"
"2022","1","A","골목상권","2110582","이대역 5번","59","19","40","0","6","11","16","16","10","0","0","4","4","6","5","0","6","7","12","10","5"
"2022","1","R","전통시장","2130173","백련시장","5","3","2","0","0","1","0","2","2","0","0","1","0","0","2","0","0","0","0","2","0"
"2022","1","A","골목상권","2110527","홍제역 2번","177","83","94","1","35","39","35","38","29","1","11","26","14","19","12","0","24","13","21","19","17"
"2022","1","A","골목상권","2110523","홍제성원아파트","25","11","14","0","0","6","7","7","5","0","0","1","3","5","2","0","0","5","4","2","3"
"2022","1","D","발달상권","2120105","상수역(홍대)","524","273","251","4","126","153","122","71","48","2","51","74","70","42","34","2","75","79","52","29","14"
"2022","1","D","발달상권","2120101","합정역","1932","1048","884","2","302","520","515","399","194","2","89","236","312","266","143","0","213","284","203","133","51"
"2022","1","A","골목상권","2110510","홍연시장","99","59","40","0","8","14","35","26","16","0","4","6","23","14","12","0","4","8","12","12","4"
"2022","1","A","골목상권","2110512","연희지하차도","357","183","174","0","44","70","106","104","33","0","17","46","47","52","21","0","27","24","59","52","12"
"2022","1","A","골목상권","2110219","삼육보건대학교","249","145","104","0","18","42","68","82","39","0","11","20","31","53","30","0","7","22","37","29","9"
"2022","1","A","골목상권","2110534","경기대학교","134","67","67","0","9","25","23","33","44","0","6","16","10","11","24","0","3","9","13","22","20"
"2022","1","R","전통시장","2130132","삼양골목시장(삼양시장)","57","19","38","0","10","13","12","14","8","0","0","4","5","5","5","0","10","9","7","9","3"
"2022","1","A","골목상권","2110339","국립4.19민주묘지","26","10","16","0","2","4","8","7","5","0","0","3","5","0","2","0","2","1","3","7","3"
"2022","1","R","전통시장","2130142","강북북부시장","7","5","2","0","1","1","0","2","3","0","0","1","0","2","2","0","1","0","0","0","1"
"2022","1","D","발달상권","2120078","미아사거리역","145","90","55","0","27","29","29","31","29","0","12","17","21","18","22","0","15","12","8","13","7"
"2022","1","A","골목상권","2110336","석관고등학교","94","84","10","0","3","17","16","37","21","0","3","15","13","34","19","0","0","2","3","3","2"
"2022","1","A","골목상권","2110404","신창초등학교","520","300","220","1","42","96","163","136","82","0","11","57","109","76","47","1","31","39","54","60","35"
"2022","1","A","골목상권","2110301","성신여대입구역 7번","484","209","275","1","73","84","96","134","96","0","31","37","39","62","40","1","42","47","57","72","56"
"2022","1","A","골목상권","2110288","동구여중","216","139","77","1","19","49","52","55","40","0","9","22","35","40","33","1","10","27","17","15","7"
"2022","1","A","골목상권","2110529","홍제3동주민센터","136","67","69","0","14","22","30","27","43","0","2","6","11","16","32","0","12","16","19","11","11"
"2022","1","R","전통시장","2130123","꿈의숲 장곡 골목형상점가","6","5","1","0","1","0","1","4","0","0","1","0","1","3","0","0","0","0","0","1","0"
"2022","1","D","발달상권","2120073","미아사거리","353","135","218","3","40","67","95","95","53","2","16","29","45","23","20","1","24","38","50","72","33"
"2022","1","R","전통시장","2130241","선유도역 골목형상점가","500","253","247","0","95","93","123","136","53","0","39","49","66","67","32","0","56","44","57","69","21"
"2022","1","A","골목상권","2110295","정릉우체국","679","248","431","0","166","178","163","119","53","0","36","67","49","52","44","0","130","111","114","67","9"
"2022","1","A","골목상권","2110348","강북문화예술회관","343","174","169","0","27","59","108","96","53","0","4","31","63","43","33","0","23","28","45","53","20"
"2022","1","A","골목상권","2110298","솔숲어린이공원","77","28","49","0","18","11","24","12","12","0","3","5","7","5","8","0","15","6","17","7","4"
"2022","1","A","골목상권","2110346","4.19민주묘지역 2번","96","48","48","0","12","13","19","19","33","0","3","7","8","7","23","0","9","6","11","12","10"
"2022","1","A","골목상권","2110302","보문역 8번","3818","3195","623","1","369","1436","715","829","468","1","257","1276","659","708","294","0","112","160","56","121","174"
"2022","1","A","골목상권","2110352","수유1동주민센터","305","121","184","0","28","55","103","86","33","0","11","24","37","32","17","0","17","31","66","54","16"
"2022","1","A","골목상권","2110497","가좌역 3번","299","247","52","0","13","33","86","117","50","0","3","16","74","113","41","0","10","17","12","4","9"
"2022","1","A","골목상권","2110304","보문역 4번","248","146","102","0","40","77","61","48","22","0","10","46","35","37","18","0","30","31","26","11","4"
"2022","1","A","골목상권","2110279","신내역 2번","9","8","1","0","0","1","4","4","0","0","0","1","3","4","0","0","0","0","1","0","0"
"2022","1","A","골목상권","2110268","망우3동주민센터","60","30","30","0","10","13","10","18","9","0","1","5","7","10","7","0","9","8","3","8","2"
"2022","1","R","전통시장","2130114","유영시장","31","20","11","0","9","5","3","8","6","0","7","2","2","5","4","0","2","3","1","3","2"
"2022","1","R","전통시장","2130115","우림골목시장","307","106","201","2","80","61","68","64","32","0","29","11","30","20","16","2","51","50","38","44","16"
"2022","1","A","골목상권","2110275","하나은행 망우동지점","63","33","30","0","4","9","19","16","15","0","3","6","9","5","10","0","1","3","10","11","5"
"2022","1","A","골목상권","2110315","종암아이파크2차","124","78","46","0","11","17","41","38","17","0","4","9","27","25","13","0","7","8","14","13","4"
"2022","1","A","골목상권","2110316","숭곡초등학교","439","217","222","2","68","114","129","88","38","2","19","58","73","42","23","0","49","56","56","46","15"
"2022","1","A","골목상권","2110328","상월곡역 3번","250","157","93","1","41","81","66","39","22","1","26","58","33","24","15","0","15","23","33","15","7"
"2022","1","D","발달상권","2120059","구삼강변맛길","3279","1781","1498","6","431","676","555","747","864","4","244","472","367","322","372","2","187","204","188","425","492"
"2022","1","A","골목상권","2110141","건대입구역 1번","213","138","75","1","23","49","67","48","25","1","11","27","51","32","16","0","12","22","16","16","9"
"2022","1","A","골목상권","2110180","광진정보도서관","5946","4025","1921","18","1620","2093","1180","672","363","5","885","1485","859","489","302","13","735","608","321","183","61"
"2022","1","A","골목상권","2110127","성수1가1동주민센터","290","157","133","0","31","55","56","100","48","0","11","40","31","47","28","0","20","15","25","53","20"
"2022","1","R","전통시장","2130061","이태원시장","32","20","12","0","18","3","4","6","1","0","12","1","3","3","1","0","6","2","1","3","0"
"2022","1","A","골목상권","2110059","새남터성지","385","307","78","0","38","71","113","138","25","0","21","48","99","124","15","0","17","23","14","14","10"
"2022","1","A","골목상권","2110260","면목역 3번","126","74","52","0","24","21","24","29","28","0","14","8","12","20","20","0","10","13","12","9","8"
"2022","1","A","골목상권","2110075","숙대입구역 1번","1630","736","894","9","270","506","417","289","139","5","69","188","182","181","111","4","201","318","235","108","28"
"2022","1","A","골목상권","2110050","약수역 7번","309","230","79","0","34","81","76","76","42","0","21","59","60","57","33","0","13","22","16","19","9"
"2022","1","D","발달상권","2120038","약수역","2289","1360","929","7","436","739","579","320","208","1","189","451","383","195","141","6","247","288","196","125","67"
"2022","1","D","발달상권","2120036","장충동족발거리(남소영길)","2289","1090","1199","14","616","783","556","223","97","0","122","393","365","155","55","14","494","390","191","68","42"
"2022","1","D","발달상권","2120035","퇴계로5가","2257","1368","889","7","650","570","525","321","184","3","282","379","388","200","116","4","368","191","137","121","68"
"2022","1","A","골목상권","2110047","다산성곽길","160","89","71","0","36","43","36","27","18","0","23","29","21","7","9","0","13","14","15","20","9"
"2022","1","R","전통시장","2130040","남평화시장","5","3","2","0","0","4","0","0","1","0","0","2","0","0","1","0","0","2","0","0","0"
"2022","1","R","전통시장","2130039","청계6가 지하도상가","36","26","10","0","1","1","7","6","21","0","1","1","5","5","14","0","0","0","2","1","7"
"2022","1","A","골목상권","2110160","광진경찰서","832","690","142","0","149","323","182","167","11","0","110","261","152","157","10","0","39","62","30","10","1"
"2022","1","A","골목상권","2110041","남산케이블카","967","435","532","2","118","152","175","254","266","2","51","69","83","87","143","0","67","83","92","167","123"
"2022","1","D","발달상권","2120029","을지로2가","7461","4461","3000","27","1938","2808","1698","798","192","7","787","1650","1165","693","159","20","1151","1158","533","105","33"
"2022","1","R","전통시장","2130028","을지입구지하상가(을지로지하보도쇼핑센터)","2","2","0","0","0","0","1","1","0","0","0","0","1","1","0","0","0","0","0","0","0"
"2022","1","A","골목상권","2110040","중구회현체육센터(정화예술대남산캠퍼스)","165","78","87","0","33","30","40","37","25","0","14","15","17","13","19","0","19","15","23","24","6"
"2022","1","R","전통시장","2130024","남대문시장(자유상가)","732","426","306","2","54","129","172","177","198","1","15","75","95","108","132","1","39","54","77","69","66"
"2022","1","D","발달상권","2120031","을지로3가역","6147","3450","2697","9","699","1541","1643","1286","969","0","223","730","924","892","681","9","476","811","719","394","288"
"2022","1","A","골목상권","2110080","해방촌예술마을","277","160","117","0","44","58","84","54","37","0","16","38","52","30","24","0","28","20","32","24","13"
"2022","1","A","골목상권","2110017","정독도서관","650","322","328","0","133","273","152","58","34","0","26","130","93","43","30","0","107","143","59","15","4"
"2022","1","A","골목상권","2110018","중앙고등학교","888","439","449","1","97","177","220","178","215","0","30","60","106","90","153","1","67","117","114","88","62"
"2022","1","A","골목상권","2110107","금호사거리","37","30","7","0","4","8","4","11","10","0","3","5","4","9","9","0","1","3","0","2","1"
"2022","1","R","전통시장","2130069","한양대앞상점가(한양시장, 왕십리맛골목)","32","19","13","0","6","6","4","8","8","0","4","4","0","5","6","0","2","2","4","3","2"
"2022","1","A","골목상권","2110765","문래동사거리","889","619","270","2","80","133","209","175","290","1","38","78","140","126","236","1","42","55","69","49","54"
"2022","1","A","골목상권","2110868","남부초등학교","232","126","106","0","20","29","45","49","89","0","11","23","22","28","42","0","9","6","23","21","47"
"2022","1","R","전통시장","2130283","신원시장","25","11","14","0","3","3","10","5","4","0","1","1","3","3","3","0","2","2","7","2","1"
"2022","1","D","발달상권","2120050","서울숲역","212","159","53","0","33","40","60","52","27","0","19","30","47","41","22","0","14","10","13","11","5"
"2022","1","A","골목상권","2110892","관악구 중앙길","709","341","368","0","69","110","159","221","150","0","25","55","76","105","80","0","44","55","83","116","70"
"2022","1","A","골목상권","2110810","영신초등학교","395","178","217","0","53","143","63","80","56","0","20","65","31","44","18","0","33","78","32","36","38"
"2022","1","A","골목상권","2110774","당산반도유보라팰리스아파트","472","355","117","0","59","119","131","96","67","0","34","81","109","80","51","0","25","38","22","16","16"
"2022","1","A","골목상권","2110557","홍대부속여중고앞","760","465","295","1","100","188","196","149","126","1","37","110","137","95","85","0","63","78","59","54","41"
"2022","1","A","골목상권","2110062","한강로동땡땡거리(은행나무길)","5667","3458","2209","9","735","1660","1587","1162","514","6","299","844","1074","890","345","3","436","816","513","272","169"
"2022","1","A","골목상권","2110351","수유북부시장옆","214","93","121","0","27","45","51","59","32","0","9","17","20","25","22","0","18","28","31","34","10"
"2022","1","A","골목상권","2110370","도봉세무서","367","255","112","0","17","61","76","105","108","0","11","31","42","80","91","0","6","30","34","25","17"
"2022","1","A","골목상권","2110293","삼선중학교","1730","860","870","4","248","467","527","319","165","3","116","277","268","111","85","1","132","190","259","208","80"
"2022","1","R","전통시장","2130110","면목골목시장(면목시장)","103","59","44","0","1","8","32","38","24","0","1","5","19","18","16","0","0","3","13","20","8"
"2022","1","R","전통시장","2130096","동부시장","14","9","5","0","0","0","1","1","12","0","0","0","0","0","9","0","0","0","1","1","3"
"2022","1","A","골목상권","2110096","한남힐사이드아파트","4186","2661","1525","5","1055","1176","900","902","148","3","457","705","613","757","126","2","598","471","287","145","22"
"2022","1","A","골목상권","2110074","서울역 12번","8149","1751","6398","152","5985","1340","330","181","161","9","598","652","233","134","125","143","5387","688","97","47","36"
"2022","1","A","골목상권","2110016","평창동동측","7589","3104","4485","10","716","2233","2858","1504","268","4","279","1021","1416","284","100","6","437","1212","1442","1220","168"
"2022","1","A","골목상권","2110089","서빙고동주민센터","752","503","249","1","94","230","220","107","100","0","33","136","159","88","87","1","61","94","61","19","13"
"2022","1","R","전통시장","2130319","성내전통시장","34","21","13","0","3","5","9","10","7","0","3","2","5","7","4","0","0","3","4","3","3"
"2022","1","A","골목상권","2111072","굽은다리역 1번(십자성마을)","739","467","272","1","56","119","199","185","179","0","18","70","114","126","139","1","38","49","85","59","40"
"2022","1","A","골목상권","2111080","굽은다리역 3번","434","235","199","0","44","77","100","110","103","0","12","52","63","58","50","0","32","25","37","52","53"
"2022","1","A","골목상권","2111028","문현중학교(장지역 1번)","424","194","230","0","54","66","132","116","56","0","29","36","49","50","30","0","25","30","83","66","26"
"2022","1","A","골목상권","2111042","거여역 1번(거여공원)","867","597","270","3","147","186","247","200","84","3","121","134","159","130","50","0","26","52","88","70","34"
"2022","1","U","관광특구","1001494","종로?청계 관광특구","32935","17150","15785","68","5357","9965","9483","6401","1661","15","2285","4911","4591","4158","1190","53","3072","5054","4892","2243","471"
"2022","1","A","골목상권","2110200","동대문경찰서","74","50","24","0","1","6","21","13","33","0","0","1","11","6","32","0","1","5","10","7","1"
"2022","1","A","골목상권","2110416","노원초등학교","468","244","224","4","61","110","118","126","49","2","24","73","58","58","29","2","37","37","60","68","20"
"2022","1","A","골목상권","2110877","신림역 8번","319","154","165","2","23","63","86","80","65","0","10","30","36","39","39","2","13","33","50","41","26"
"2022","1","D","발달상권","2120102","서교동(홍대)","7276","3402","3874","18","1521","2551","1814","899","473","11","496","1065","913","566","351","7","1025","1486","901","333","122"
"2022","1","A","골목상권","2110007","사직공원(한국사회과학도서관)","283","185","98","2","58","88","63","41","31","2","30","62","44","27","20","0","28","26","19","14","11"
"2022","1","A","골목상권","2110021","성균관대학교","387","297","90","2","15","39","109","145","77","2","7","26","88","125","49","0","8","13","21","20","28"
"2022","1","U","관광특구","1001495","잠실 관광특구","24375","14199","10176","120","4722","6565","5617","4514","2837","51","2484","4186","3496","2297","1685","69","2238","2379","2121","2217","1152"
"2022","1","A","골목상권","2110979","청담초등학교","2996","1912","1084","4","522","922","768","567","213","4","228","628","535","343","174","0","294","294","233","224","39"
"2022","1","A","골목상권","2111014","송파나루역 2번","525","275","250","1","43","76","121","190","94","0","21","42","69","83","60","1","22","34","52","107","34"
"2022","1","A","골목상권","2111017","송파나루역 3번","688","480","208","5","317","167","84","70","45","4","217","116","53","50","40","1","100","51","31","20","5"
"2022","1","A","골목상권","2110968","강남구청역 2번","1023","596","427","7","327","204","133","121","231","4","177","117","81","68","149","3","150","87","52","53","82"
"2022","1","A","골목상권","2110911","방배배수지체육공원","29","22","7","0","6","3","7","5","8","0","6","2","4","4","6","0","0","1","3","1","2"
"2022","1","A","골목상권","2110949","한남IC","1683","1193","490","5","288","565","435","305","85","2","112","398","347","261","73","3","176","167","88","44","12"
"2022","1","A","골목상권","2110904","이수역 5번","835","468","367","4","167","217","239","139","69","1","90","125","135","59","58","3","77","92","104","80","11"
"2022","1","A","골목상권","2110973","강남구청역 4번","1451","786","665","4","275","333","289","271","279","1","146","203","162","130","144","3","129","130","127","141","135"
"2022","1","D","발달상권","2120209","강남구청(청담역_8번, 강남세무서)","8984","2608","6376","34","2050","2683","2467","1170","580","9","538","752","537","393","379","25","1512","1931","1930","777","201"
"2022","1","A","골목상권","2110936","더케이호텔(양재리본타워2단지아파트)","832","552","280","3","109","260","215","175","70","0","53","154","159","131","55","3","56","106","56","44","15"
"2022","1","A","골목상권","2110938","바우뫼공원","1784","1137","647","1","294","551","489","326","123","0","172","392","303","169","101","1","122","159","186","157","22"
"2022","1","A","골목상권","2110933","한국상담대학원대학교","679","60","619","0","344","156","86","63","30","0","10","15","15","5","15","0","334","141","71","58","15"
"2022","1","A","골목상권","2110930","서초동성당","2178","1774","404","8","284","588","694","433","171","2","190","448","591","393","150","6","94","140","103","40","21"
"2022","1","A","골목상권","2110822","신대방삼거리역 4번(대림초등학교)","311","130","181","0","57","71","68","74","41","0","13","28","34","34","21","0","44","43","34","40","20"
"2022","1","A","골목상권","2110843","사당5동주민센터","181","135","46","1","22","25","55","52","26","0","16","17","34","44","24","1","6","8","21","8","2"
"2022","1","A","골목상권","2110846","남성역 1번","535","290","245","1","66","120","146","135","67","0","25","59","78","74","54","1","41","61","68","61","13"
"2022","1","A","골목상권","2110835","상도역 1번","285","161","124","0","81","92","57","35","20","0","32","59","36","16","18","0","49","33","21","19","2"
"2022","1","A","골목상권","2110411","도봉역 3번","413","368","45","1","13","35","58","137","169","0","10","22","45","130","161","1","3","13","13","7","8"
"2022","1","A","골목상권","2110934","우면주공아파트","998","677","321","6","198","291","253","164","86","5","83","217","195","113","64","1","115","74","58","51","22"
"2022","1","A","골목상권","2110830","상도초등학교","281","152","129","0","22","61","73","85","40","0","7","29","36","54","26","0","15","32","37","31","14"
"2022","1","D","발달상권","2120177","신논현역 1번","694","436","258","1","84","187","202","143","77","0","34","111","130","106","55","1","50","76","72","37","22"
"2022","1","A","골목상권","2110743","시흥초등학교(시흥1동우체국)","191","130","61","0","18","31","48","50","44","0","10","20","32","37","31","0","8","11","16","13","13"
"2022","1","A","골목상권","2110825","신대방삼거리역 1번","316","205","111","0","33","63","94","71","55","0","23","41","57","46","38","0","10","22","37","25","17"
"2022","1","A","골목상권","2110755","동일여자고등학교","199","53","146","0","10","24","47","74","44","0","4","9","16","12","12","0","6","15","31","62","32"
"2022","1","R","전통시장","2130232","독산동 맛나는거리상점가(독산동 맛나는거리)","33","24","9","0","3","12","5","10","3","0","2","9","4","6","3","0","1","3","1","4","0"
"2022","1","A","골목상권","2110680","온수역 5번(온수산업단지)","1184","1003","181","18","161","205","235","343","222","18","129","175","191","286","204","0","32","30","44","57","18"
"2022","1","A","골목상권","2110690","오류2동버들시장","625","318","307","1","105","200","143","105","71","0","42","115","72","46","43","1","63","85","71","59","28"
"2022","1","A","골목상권","2110730","서울축산농협 독산역지점(독산파출소)","660","376","284","1","80","105","117","201","156","1","30","58","54","113","120","0","50","47","63","88","36"
"2022","1","A","골목상권","2110719","영서중학교","52","44","8","0","6","9","9","14","14","0","6","7","8","13","10","0","0","2","1","1","4"
"2022","1","A","골목상권","2110708","화원어린이공원","64","27","37","0","8","12","12","23","9","0","1","4","5","9","8","0","7","8","7","14","1"
"2022","1","R","전통시장","2130214","송화벽화시장(송화골목시장)","119","44","75","2","23","18","25","33","18","0","6","7","9","13","9","2","17","11","16","20","9"
"2022","1","A","골목상권","2110651","화원중학교","377","214","163","2","29","50","102","105","89","1","19","31","68","52","43","1","10","19","34","53","46"
"2022","1","A","골목상권","2110669","화곡보람2차아파트","80","49","31","0","11","20","24","17","8","0","3","12","18","14","2","0","8","8","6","3","6"
"2022","1","A","골목상권","2110661","강서새말어린이공원","126","48","78","0","3","13","30","38","42","0","2","8","10","9","19","0","1","5","20","29","23"
"2022","1","A","골목상권","2110664","강서구청옆","111","48","63","0","14","10","31","43","13","0","11","7","10","9","11","0","3","3","21","34","2"
"2022","1","R","전통시장","2130221","남부골목시장(남부화곡시장, 남부시장)","188","69","119","0","22","32","50","57","27","0","5","5","15","22","22","0","17","27","35","35","5"
"2022","1","R","전통시장","2130217","화곡본동시장","36","16","20","0","3","5","10","13","5","0","1","3","5","6","1","0","2","2","5","7","4"
"2022","1","A","골목상권","2110837","숭실대입구역 1번","373","195","178","1","39","76","84","80","93","0","19","32","43","32","69","1","20","44","41","48","24"
"2022","1","A","골목상권","2110689","오류동역 3번","259","188","71","3","41","45","52","66","52","3","25","32","40","48","40","0","16","13","12","18","12"
"2022","1","A","골목상권","2110649","우장산역 1번","366","197","169","0","41","92","83","98","52","0","12","49","39","63","34","0","29","43","44","35","18"
"2022","1","A","골목상권","2110670","신곡초등학교","527","322","205","6","79","119","122","101","100","3","45","78","71","59","66","3","34","41","51","42","34"
"2022","1","A","골목상권","2110647","화곡역 5번","890","459","431","2","116","227","219","230","96","1","44","137","110","116","51","1","72","90","109","114","45"
"2022","1","A","골목상권","2110592","서울금융고등학교","449","344","105","0","19","35","74","156","165","0","9","13","45","128","149","0","10","22","29","28","16"
"2022","1","A","골목상권","2110596","서서울호수공원","417","272","145","2","48","90","107","113","57","0","28","56","74","71","43","2","20","34","33","42","14"
"2022","1","A","골목상권","2110597","신월1동주민센터","517","302","215","0","30","68","111","150","158","0","14","36","54","84","114","0","16","32","57","66","44"
"2022","1","A","골목상권","2110202","전농1동주민센터(전농시장)","111","68","43","0","14","35","31","20","11","0","9","19","21","14","5","0","5","16","10","6","6"
"2022","1","R","전통시장","2130163","응암오거리상점가","182","49","133","0","24","28","44","50","36","0","4","8","11","12","14","0","20","20","33","38","22"
"2022","1","A","골목상권","2110461","새절역 2번","39","21","18","0","2","8","11","10","8","0","2","2","6","6","5","0","0","6","5","4","3"
"2022","1","A","골목상권","2110594","신월중학교","453","225","228","0","54","166","104","96","33","0","14","66","56","59","30","0","40","100","48","37","3"
"2022","1","A","골목상권","2110485","연신내우체국","1259","678","581","0","7","24","35","160","1033","0","4","5","15","70","584","0","3","19","20","90","449"
"2022","1","R","전통시장","2130104","전곡시장","93","54","39","0","8","17","28","26","14","0","5","8","16","13","12","0","3","9","12","13","2"
"2022","1","R","전통시장","2130162","증산골목시장","7","3","4","0","0","2","2","1","2","0","0","0","0","1","2","0","0","2","2","0","0"
"2022","1","D","발달상권","2120175","남부터미널역","8239","5313","2926","32","1702","2478","1995","1290","742","6","856","1691","1361","852","547","26","846","787","634","438","195"
"2022","1","R","전통시장","2130165","대림골목시장(대림시장, 양지시장)","214","34","180","0","20","45","56","62","31","0","1","7","5","11","10","0","19","38","51","51","21"
"2022","1","A","골목상권","2110488","우리은행응암동지점","171","103","68","1","14","24","41","36","55","0","8","16","19","15","45","1","6","8","22","21","10"
"2022","1","A","골목상권","2110481","불광역 7번","193","86","107","0","13","43","41","57","39","0","2","22","11","24","27","0","11","21","30","33","12"
"2022","1","A","골목상권","2110460","구산역 4번","969","582","387","0","57","184","248","234","246","0","18","124","133","121","186","0","39","60","115","113","60"
"2022","1","A","골목상권","2110599","신월1파출소","378","268","110","3","50","89","94","93","49","2","34","68","63","65","36","1","16","21","31","28","13"
"2022","1","A","골목상권","2110958","역삼역 4번","994","759","235","1","96","197","300","295","105","1","46","133","254","240","85","0","50","64","46","55","20"
"2022","1","A","골목상권","2110472","연신내역 4번","336","156","180","2","52","77","80","68","57","1","16","43","30","37","29","1","36","34","50","31","28"
"2022","1","A","골목상권","2110449","증산역 3번","717","414","303","0","105","161","186","149","116","0","47","98","99","85","85","0","58","63","87","64","31"
"2022","1","R","전통시장","2130031","청계천공구상가","921","698","223","2","101","281","234","159","144","1","64","230","181","104","118","1","37","51","53","55","26"
"2022","1","A","골목상권","2110792","영등포역 2번","3400","1767","1633","28","563","880","843","862","224","11","229","398","466","530","133","17","334","482","377","332","91"
"2022","1","A","골목상권","2111012","석촌역 6번","732","332","400","2","91","127","180","183","149","2","23","56","83","93","75","0","68","71","97","90","74"
"2022","1","A","골목상권","2110620","목동보건지소","451","235","216","4","51","81","102","125","88","4","20","45","47","65","54","0","31","36","55","60","34"
"2022","1","D","발달상권","2120193","도산공원교차로","6384","3798","2586","15","1278","1918","1493","983","697","6","466","1071","1021","696","538","9","812","847","472","287","159"
"2022","1","A","골목상권","2110162","군자역 4번","613","365","248","0","127","162","131","110","83","0","98","118","75","42","32","0","29","44","56","68","51"
"2022","1","D","발달상권","2120148","국회의사당역(국회의사당)","31135","19451","11684","82","6815","10231","7641","4493","1873","27","3082","6187","5424","3397","1334","55","3733","4044","2217","1096","539"
"2022","1","A","골목상권","2110957","언북중학교","1251","831","420","1","262","379","317","147","145","1","146","241","215","109","119","0","116","138","102","38","26"
"2022","1","A","골목상권","2110751","난곡중학교","730","397","333","2","48","217","240","177","46","2","21","117","127","91","39","0","27","100","113","86","7"
"2022","1","A","골목상권","2110648","양천향교역 7번","13","5","8","0","1","7","1","3","1","0","0","3","1","1","0","0","1","4","0","2","1"
"2022","1","A","골목상권","2110492","하나고등학교","247","43","204","1","6","15","13","98","114","0","1","8","7","10","17","1","5","7","6","88","97"
"2022","1","D","발달상권","2120080","마들역","180","46","134","0","30","45","46","36","23","0","2","7","9","13","15","0","28","38","37","23","8"
"2022","1","A","골목상권","2110207","시립대앞사거리","50","26","24","0","4","12","12","10","12","0","2","8","6","3","7","0","2","4","6","7","5"
"2022","1","A","골목상권","2110213","청량초등학교","124","81","43","0","19","57","17","15","16","0","7","41","13","7","13","0","12","16","4","8","3"
"2022","1","R","전통시장","2130021","신설종합시장","50","37","13","1","1","10","12","13","13","0","0","9","10","10","8","1","1","1","2","3","5"
"2022","1","A","골목상권","2110209","답십리 장령당공원","81","51","30","0","3","11","28","19","20","0","1","5","16","15","14","0","2","6","12","4","6"
"2022","1","A","골목상권","2110419","수락산디자인거리","789","536","253","5","96","138","186","200","164","5","51","79","130","146","125","0","45","59","56","54","39"
"2022","1","A","골목상권","2110030","동대문역 3번","10","5","5","0","2","2","2","3","1","0","0","2","1","1","1","0","2","0","1","2","0"
"2022","1","R","전통시장","2130009","마전교지하쇼핑센터(구 한일상가)","24","16","8","0","0","2","3","7","12","0","0","2","2","4","8","0","0","0","1","3","4"
"2022","1","A","골목상권","2110440","상계3동4동주민센터","49","16","33","0","8","6","15","10","10","0","1","1","4","2","8","0","7","5","11","8","2"
"2022","1","U","관광특구","1001496","강남 마이스 관광특구","15904","8904","7000","59","3513","6185","4248","1596","303","25","1160","3361","2887","1246","225","34","2353","2824","1361","350","78"
"2022","1","A","골목상권","2110967","역삼역 8번","377","228","149","0","63","92","89","92","41","0","31","51","60","56","30","0","32","41","29","36","11"
"2022","1","A","골목상권","2110956","언주역 8번","1199","758","441","4","361","471","199","87","77","2","158","307","163","70","58","2","203","164","36","17","19"
"2022","1","R","전통시장","2130095","청량리전통시장","95","38","57","0","6","16","18","33","22","0","4","6","9","10","9","0","2","10","9","23","13"
"2022","1","A","골목상권","2110023","서울대병원","186","55","131","0","18","37","42","47","42","0","5","12","14","10","14","0","13","25","28","37","28"
"2022","1","R","전통시장","2130281","우림시장","1","0","1","0","0","0","1","0","0","0","0","0","0","0","0","0","0","0","1","0","0"
"2022","1","R","전통시장","2130277","조원동 펭귄시장(신림중앙시장)","98","56","42","1","15","26","31","19","6","1","8","18","16","9","4","0","7","8","15","10","2"
"2022","1","A","골목상권","2110891","구암초등학교","47","22","25","0","5","1","22","16","3","0","1","0","11","8","2","0","4","1","11","8","1"
"2022","1","A","골목상권","2110896","관악우성아파트","202","49","153","0","41","37","44","47","33","0","5","7","11","13","13","0","36","30","33","34","20"
"2022","1","A","골목상권","2110898","청림동주민센터(상도중학교)","66","27","39","0","16","14","14","16","6","0","5","3","8","7","4","0","11","11","6","9","2"
"2022","1","R","전통시장","2130257","영등포시장기계공구상가","158","116","42","0","11","26","33","47","41","0","7","16","22","37","34","0","4","10","11","10","7"
"2022","1","A","골목상권","2110799","영등포본동주민센터","119","86","33","5","21","16","11","22","44","3","12","10","6","15","40","2","9","6","5","7","4"
"2022","1","A","골목상권","2110761","문래동남성맨션","180","106","74","0","13","43","45","41","38","0","8","17","26","25","30","0","5","26","19","16","8"
"2022","1","A","골목상권","2110780","신길대성유니드아파트","223","171","52","0","22","42","71","56","32","0","18","34","51","41","27","0","4","8","20","15","5"
"2022","1","A","골목상권","2110901","인헌고등학교(인헌중학교)","262","154","108","3","44","64","75","55","21","3","23","40","40","32","16","0","21","24","35","23","5"
"2022","1","A","골목상권","2110885","영락고등학교","340","214","126","0","37","58","94","89","62","0","18","33","61","57","45","0","19","25","33","32","17"
"2022","1","A","골목상권","2110567","광흥창역 6번","91","61","30","0","16","26","27","12","10","0","8","20","13","11","9","0","8","6","14","1","1"
"2022","1","A","골목상권","2110540","망원나들목체육관","288","154","134","0","45","74","85","62","22","0","24","38","42","36","14","0","21","36","43","26","8"
"2022","1","A","골목상권","2110573","신촌역 6번","33","14","19","0","7","4","6","8","8","0","2","0","3","3","6","0","5","4","3","5","2"
"2022","1","A","골목상권","2110559","성산중학교","757","474","283","4","102","187","203","167","94","3","54","102","127","118","70","1","48","85","76","49","24"
"2022","1","A","골목상권","2110554","망원역 1번","1499","727","772","2","210","352","484","333","118","2","105","174","225","147","74","0","105","178","259","186","44"
"2022","1","A","골목상권","2110808","신길역 1번","67","48","19","0","3","22","21","13","8","0","3","15","14","9","7","0","0","7","7","4","1"
"2022","1","A","골목상권","2110511","연희초등학교","3766","3317","449","2","465","768","660","1520","351","1","363","658","539","1427","329","1","102","110","121","93","22"
"2022","1","D","발달상권","2120093","연희동","661","351","310","2","60","125","170","195","109","0","27","62","91","103","68","2","33","63","79","92","41"
"2022","1","R","전통시장","2130181","아현가구거리상점가","59","30","29","0","8","11","13","10","17","0","0","7","9","4","10","0","8","4","4","6","7"
"2022","1","A","골목상권","2110533","충정로역 7번","22","11","11","0","5","5","3","5","4","0","0","2","2","4","3","0","5","3","1","1","1"
"2022","1","A","골목상권","2110509","연희대우아파트앞","691","333","358","0","73","177","151","193","97","0","29","73","77","101","53","0","44","104","74","92","44"
"2022","1","A","골목상권","2110494","증산3교남측","31","24","7","0","1","8","7","9","6","0","0","7","5","7","5","0","1","1","2","2","1"
"2022","1","A","골목상권","2110542","마포구청역 7번","4013","2450","1563","16","528","715","782","1306","666","9","298","578","607","588","370","7","230","137","175","718","296"
"2022","1","A","골목상권","2110568","광흥창역 1번","67","32","35","0","12","21","14","15","5","0","4","10","6","9","3","0","8","11","8","6","2"
"2022","1","R","전통시장","2130143","방천골목시장","65","36","29","0","11","7","19","24","4","0","6","5","9","13","3","0","5","2","10","11","1"
"2022","1","A","골목상권","2110539","미근동","2792","1821","971","13","225","688","889","822","155","9","167","550","547","424","124","4","58","138","342","398","31"
"2022","1","A","골목상권","2110377","미아사거리역 3번","21","14","7","0","2","2","2","9","6","0","2","2","1","4","5","0","0","0","1","5","1"
"2022","1","R","전통시장","2130177","인왕시장(홍제골목형상점가)","44","7","37","0","1","1","8","7","27","0","0","0","1","3","3","0","1","1","7","4","24"
"2022","1","R","전통시장","2130182","영천시장","78","35","43","0","13","8","24","22","11","0","3","4","10","12","6","0","10","4","14","10","5"
"2022","1","A","골목상권","2110342","국립재활원","59","44","15","0","5","11","20","15","8","0","3","8","14","13","6","0","2","3","6","2","2"
"2022","1","A","골목상권","2110311","종암아이파크2차후문","49","21","28","0","3","5","24","7","10","0","2","2","6","4","7","0","1","3","18","3","3"
"2022","1","A","골목상권","2110296","성신여대입구역 4번","77","39","38","1","7","12","30","11","16","1","3","7","15","8","5","0","4","5","15","3","11"
"2022","1","A","골목상권","2110310","길음역 10번","45","14","31","0","12","8","5","15","5","0","4","1","2","4","3","0","8","7","3","11","2"
"2022","1","R","전통시장","2130118","정릉골 골목형상점가","67","30","37","0","11","13","11","19","13","0","0","2","6","12","10","0","11","11","5","7","3"
"2022","1","A","골목상권","2110282","국민대학교앞","1403","1162","241","15","213","430","341","239","165","14","151","387","296","212","102","1","62","43","45","27","63"
"2022","1","R","전통시장","2130119","정릉아리랑시장","15","4","11","0","0","4","5","5","1","0","0","0","0","3","1","0","0","4","5","2","0"
"2022","1","A","골목상권","2110287","정릉3동주민센터","70","50","20","0","9","12","18","19","12","0","5","8","15","12","10","0","4","4","3","7","2"
"2022","1","A","골목상권","2110319","종암동주민센터","277","111","166","1","45","49","65","62","55","0","8","19","24","32","28","1","37","30","41","30","27"
"2022","1","A","골목상권","2110294","서경대학교","391","262","129","0","35","30","93","120","113","0","18","14","46","87","97","0","17","16","47","33","16"
"2022","1","A","골목상권","2110361","삼양사거리역 1번","101","29","72","0","9","12","19","28","33","0","2","4","3","7","13","0","7","8","16","21","20"
"2022","1","R","전통시장","2130136","수유재래시장","29","11","18","0","6","5","7","5","6","0","2","1","0","2","6","0","4","4","7","3","0"
"2022","1","R","전통시장","2130172","모래내시장(서중시장)","41","13","28","0","5","12","8","10","6","0","0","2","3","5","3","0","5","10","5","5","3"
"2022","1","A","골목상권","2110327","상월곡역 2번","104","55","49","0","8","15","39","26","16","0","3","6","23","14","9","0","5","9","16","12","7"
"2022","1","A","골목상권","2110322","장위1동주민센터","237","158","79","0","14","15","42","74","92","0","9","11","30","52","56","0","5","4","12","22","36"
"2022","1","A","골목상권","2110290","북한산보국문역 1번","96","78","18","0","2","9","29","37","19","0","1","8","23","30","16","0","1","1","6","7","3"
"2022","1","R","전통시장","2130113","신아타운","148","27","121","1","31","31","28","39","18","1","4","9","3","4","6","0","27","22","25","35","12"
"2022","1","A","골목상권","2110276","신내IC북측","39","25","14","0","1","6","11","12","9","0","0","5","6","9","5","0","1","1","5","3","4"
"2022","1","A","골목상권","2110241","먹골역 5번","415","213","202","0","61","87","97","117","53","0","17","49","46","63","38","0","44","38","51","54","15"
"2022","1","R","전통시장","2130121","길음시장","91","19","72","0","36","24","10","8","13","0","2","5","3","2","7","0","34","19","7","6","6"
"2022","1","A","골목상권","2110326","장위동성당","84","40","44","0","2","9","16","13","44","0","1","2","6","5","26","0","1","7","10","8","18"
"2022","1","A","골목상권","2110267","망우역 2번","139","49","90","1","15","28","50","28","17","1","2","10","19","13","4","0","13","18","31","15","13"
"2022","1","D","발달상권","2120068","사가정역","145","45","100","3","38","31","25","22","26","0","1","5","12","12","15","3","37","26","13","10","11"
"2022","1","R","전통시장","2130074","영동교골목시장","21","15","6","0","6","9","2","3","1","0","3","9","0","2","1","0","3","0","2","1","0"
"2022","1","R","전통시장","2130080","자양종합시장(기능상실)","14","10","4","0","0","1","6","6","1","0","0","1","4","4","1","0","0","0","2","2","0"
"2022","1","R","전통시장","2130076","능동로골목시장","88","67","21","0","2","11","14","16","45","0","1","4","13","10","39","0","1","7","1","6","6"
"2022","1","A","골목상권","2110175","푸른동산공원","370","235","135","0","41","74","109","86","60","0","24","48","70","53","40","0","17","26","39","33","20"
"2022","1","A","골목상권","2110247","먹골역 1번","377","175","202","0","53","79","123","78","44","0","21","30","55","38","31","0","32","49","68","40","13"
"2022","1","A","골목상권","2110262","상봉역 3번","1532","879","653","2","221","447","543","268","51","0","119","337","282","107","34","2","102","110","261","161","17"
"2022","1","A","골목상권","2110149","세종대학교","122","72","50","0","15","21","31","23","32","0","8","13","19","7","25","0","7","8","12","16","7"
"2022","1","A","골목상권","2110100","옥수동우편취급국","46","31","15","0","5","18","13","6","4","0","0","15","7","5","4","0","5","3","6","1","0"
"2022","1","A","골목상권","2110176","해오름공원","758","432","326","1","70","206","221","168","92","1","30","116","125","90","70","0","40","90","96","78","22"
"2022","1","A","골목상권","2110132","성수2가3동주민센터","786","521","265","0","97","182","220","197","90","0","67","133","145","108","68","0","30","49","75","89","22"
"2022","1","A","골목상권","2110115","상왕십리역 3번","945","362","583","10","392","218","156","113","56","0","76","84","93","75","34","10","316","134","63","38","22"
"2022","1","A","골목상권","2110142","화양사거리","213","107","106","1","37","47","44","52","32","1","20","25","24","16","21","0","17","22","20","36","11"
"2022","1","A","골목상권","2110082","용산구청","1571","779","792","2","165","447","417","439","101","2","45","147","200","302","83","0","120","300","217","137","18"
"2022","1","A","골목상권","2110078","이촌동점보아파트","69","29","40","0","12","15","17","13","12","0","3","8","7","5","6","0","9","7","10","8","6"
"2022","1","R","전통시장","2130060","신흥시장","4","1","3","0","0","2","0","2","0","0","0","1","0","0","0","0","0","1","0","2","0"
"2022","1","A","골목상권","2110081","해방촌 남동측","291","170","121","0","46","68","58","64","55","0","14","37","30","41","48","0","32","31","28","23","7"
"2022","1","A","골목상권","2110120","서울숲카페거리","79","49","30","0","8","12","35","18","6","0","3","8","23","10","5","0","5","4","12","8","1"
"2022","1","A","골목상권","2110051","한양공고앞 교차로","111","82","29","0","17","23","33","26","12","0","12","16","24","20","10","0","5","7","9","6","2"
"2022","1","R","전통시장","2130045","광희패션몰","49","29","20","0","1","5","11","17","15","0","0","2","7","11","9","0","1","3","4","6","6"
"2022","1","R","전통시장","2130050","청평화시장","120","50","70","1","18","26","31","29","15","1","9","13","5","15","7","0","9","13","26","14","8"
"2022","1","A","골목상권","2110071","한강미주맨션아파트","281","182","99","0","36","68","68","55","54","0","20","44","40","41","37","0","16","24","28","14","17"
"2022","1","D","발달상권","2120043","서울역","22578","15322","7256","58","4087","7782","5513","3664","1474","27","2087","4897","4201","3033","1077","31","2000","2885","1312","631","397"
"2022","1","R","전통시장","2130075","노룬산시장(노룬산골목시장)","23","13","10","0","4","5","10","2","2","0","3","3","6","0","1","0","1","2","4","2","1"
"2022","1","A","골목상권","2110208","시조사삼거리","75","56","19","0","2","14","7","17","35","0","1","7","2","11","35","0","1","7","5","6","0"
"2022","1","R","전통시장","2130042","약수시장","158","67","91","2","36","30","40","21","29","2","9","9","19","8","20","0","27","21","21","13","9"
"2022","1","A","골목상권","2110211","전곡마을마당공원","626","445","181","1","66","101","170","194","94","0","45","73","129","143","55","1","21","28","41","51","39"
"2022","1","A","골목상권","2110128","성원중학교","1237","712","525","1","127","206","296","338","269","1","66","118","185","203","139","0","61","88","111","135","130"
"2022","1","D","발달상권","2120006","종각역","33181","16028","17153","59","5900","11133","9928","5489","672","14","2254","4920","4677","3672","491","45","3646","6213","5251","1817","181"
"2022","1","D","발달상권","2120009","종로3가역","8495","4786","3709","19","1355","2296","2026","1582","1217","8","563","1230","1198","953","834","11","792","1066","828","629","383"
"2022","1","A","골목상권","2110266","면목동우체국","225","182","43","0","10","31","38","79","67","0","1","19","30","69","63","0","9","12","8","10","4"
"2022","1","A","골목상권","2110121","한양대역 4번","45","30","15","0","3","10","8","11","13","0","2","5","5","7","11","0","1","5","3","4","2"
"2022","1","A","골목상권","2110396","쌍문역1번(쌍리단길)","259","94","165","2","41","49","52","76","39","0","13","15","22","29","15","2","28","34","30","47","24"
"2022","1","R","전통시장","2130010","종로신진시장","200","113","87","0","20","29","55","48","48","0","14","17","24","26","32","0","6","12","31","22","16"
"2022","1","A","골목상권","2110116","청계천박물관","4884","3674","1210","30","342","780","1090","1772","870","26","217","571","881","1319","660","4","125","209","209","453","210"
"2022","1","R","전통시장","2130065","무학봉상점가","144","67","77","0","22","29","34","37","22","0","4","10","14","22","17","0","18","19","20","15","5"
"2022","1","R","전통시장","2130052","서울중앙시장(신중앙시장)","479","342","137","0","106","156","101","61","55","0","80","110","57","45","50","0","26","46","44","16","5"
"2022","1","A","골목상권","2110221","의릉","95","69","26","0","10","12","36","29","8","0","6","10","24","22","7","0","4","2","12","7","1"
"2022","1","A","골목상권","2110095","한강진역 3번","1186","801","385","16","160","326","321","298","65","8","61","235","227","226","44","8","99","91","94","72","21"
"2022","1","R","전통시장","2130290","영림시장","417","183","234","0","74","101","107","92","43","0","14","49","43","44","33","0","60","52","64","48","10"
"2022","1","A","골목상권","2110869","신림역 5번(신림동주민센터, 신림동별빛거리)","1026","681","345","1","79","136","248","233","329","1","36","73","143","155","273","0","43","63","105","78","56"
"2022","1","A","골목상권","2110882","신성초등학교","733","444","289","1","95","131","215","168","123","0","52","67","122","109","94","1","43","64","93","59","29"
"2022","1","A","골목상권","2110883","은천초등학교(은천교앞)","212","126","86","2","21","44","71","49","25","1","12","25","43","29","16","1","9","19","28","20","9"
"2022","1","D","발달상권","2120014","종로5가역","4887","2839","2048","375","1123","1351","1205","597","236","112","456","860","851","397","163","263","667","491","354","200","73"
"2022","1","R","전통시장","2130179","이화여대 3,5,7길 상점가","147","65","82","3","34","15","41","31","23","1","12","3","14","17","18","2","22","12","27","14","5"
"2022","1","A","골목상권","2110555","홍익지구대","335","161","174","1","58","69","68","50","89","0","16","32","34","21","58","1","42","37","34","29","31"
"2022","1","A","골목상권","2110338","인수초등학교","190","135","55","0","34","59","43","46","8","0","18","42","33","35","7","0","16","17","10","11","1"
"2022","1","A","골목상권","2110334","석관중앙교회","170","105","65","0","21","43","31","41","34","0","8","19","19","29","30","0","13","24","12","12","4"
"2022","1","D","발달상권","2120021","시청역_8번","24117","15220","8897","74","4137","8250","7186","3526","944","13","1738","4529","5241","3020","679","61","2399","3721","1945","506","265"
"2022","1","A","골목상권","2110093","우사단길","2482","1548","934","2","325","1015","734","327","79","1","101","529","548","305","64","1","224","486","186","22","15"
"2022","1","A","골목상권","2110172","광진초등학교","351","227","124","0","42","73","97","92","47","0","17","48","61","65","36","0","25","25","36","27","11"
"2022","1","A","골목상권","2110257","상봉역 7번","397","330","67","0","17","18","50","133","179","0","6","11","34","118","161","0","11","7","16","15","18"
"2022","1","A","골목상권","2110110","상왕십리역 6번","93","55","38","1","12","22","24","18","16","1","7","12","13","10","12","0","5","10","11","8","4"
"2022","1","A","골목상권","2110069","숙대입구","829","295","534","3","200","295","168","86","77","3","34","90","82","40","46","0","166","205","86","46","31"
"2022","1","R","전통시장","2130062","보광시장","31","12","19","0","0","6","10","13","2","0","0","3","4","4","1","0","0","3","6","9","1"
"2022","1","D","발달상권","2120046","이태원(이태원역)","2276","1295","981","24","817","682","338","220","195","15","389","421","205","134","131","9","428","261","133","86","64"
"2022","1","A","골목상권","2110058","성심여자고등학교","947","659","288","10","141","228","254","194","120","3","71","162","181","141","101","7","70","66","73","53","19"
"2022","1","R","전통시장","2130053","백학시장","160","69","91","0","22","24","46","37","31","0","8","8","20","15","18","0","14","16","26","22","13"
"2022","1","A","골목상권","2110088","오산고등학교","1696","1140","556","16","439","504","454","203","80","7","263","350","312","150","58","9","176","154","142","53","22"
"2022","1","A","골목상권","2111083","GS강동자이아파트","411","245","166","0","67","62","70","100","112","0","47","43","41","44","70","0","20","19","29","56","42"
"2022","1","A","골목상권","2111082","중앙보훈병원","64","44","20","0","3","9","11","23","18","0","1","3","5","18","17","0","2","6","6","5","1"
"2022","1","R","전통시장","2130323","둔촌역전통시장","171","86","85","0","3","14","23","36","95","0","2","6","8","14","56","0","1","8","15","22","39"
"2022","1","A","골목상권","2111065","천일초등학교","75","34","41","2","6","20","18","22","7","2","5","10","7","5","5","0","1","10","11","17","2"
"2022","1","A","골목상권","2111069","천호1동주민센터","79","54","25","0","8","17","17","26","11","0","4","12","14","14","10","0","4","5","3","12","1"
"2022","1","D","발달상권","2120245","둔촌역","1884","1135","749","7","312","460","446","371","288","6","169","309","271","195","185","1","143","151","175","176","103"
"2022","1","A","골목상권","2111079","둔촌고등학교(둔촌중학교)","395","202","193","1","52","59","66","79","138","1","32","35","35","28","71","0","20","24","31","51","67"
"2022","1","A","골목상권","2111038","보인중학교","416","270","146","0","26","66","113","123","88","0","11","38","85","88","48","0","15","28","28","35","40"
"2022","1","D","발달상권","2120224","수서역","12418","6339","6079","23","1900","3177","3167","2346","1805","12","860","1669","1497","1232","1069","11","1040","1508","1670","1114","736"
"2022","1","A","골목상권","2110383","덕성여대시반거리","33","21","12","0","0","3","13","10","7","0","0","2","9","5","5","0","0","1","4","5","2"
"2022","1","A","골목상권","2111033","문정동성당","70","30","40","0","5","4","16","16","29","0","2","3","8","9","8","0","3","1","8","7","21"
"2022","1","A","골목상권","2111073","둔촌동역 1번(한산중학교)","973","578","395","1","134","224","250","206","158","1","58","122","160","124","113","0","76","102","90","82","45"
"2022","1","A","골목상권","2110399","창2동주민센터","852","519","333","8","114","210","262","189","69","8","71","159","139","94","48","0","43","51","123","95","21"
"2022","1","A","골목상권","2111007","석촌고분역 4번","936","480","456","0","107","215","255","242","117","0","43","116","142","109","70","0","64","99","113","133","47"
"2022","1","A","골목상권","2110218","답십리사거리","158","83","75","0","14","25","45","60","14","0","5","12","22","33","11","0","9","13","23","27","3"
"2022","1","A","골목상권","2110022","경신고등학교","537","396","141","11","142","162","128","59","35","10","100","123","94","43","26","1","42","39","34","16","9"
"2022","1","A","골목상권","2111044","남천초등학교","557","264","293","1","95","146","167","113","35","0","35","71","76","56","26","1","60","75","91","57","9"
"2022","1","D","발달상권","2120065","회기역","326","207","119","3","48","55","89","76","55","1","27","39","49","49","42","2","21","16","40","27","13"
"2022","1","D","발달상권","2120083","등나무근린공원","1184","787","397","0","166","325","271","283","139","0","114","228","171","179","95","0","52","97","100","104","44"
"2022","1","R","전통시장","2130152","오!도봉거리 상점가","61","34","27","0","5","14","19","13","10","0","1","5","10","10","8","0","4","9","9","3","2"
"2022","1","A","골목상권","2110550","합정역 8번","1578","740","838","1","240","411","414","333","179","0","84","165","221","171","99","1","156","246","193","162","80"
"2022","1","A","골목상권","2110263","면목역 1번","128","69","59","0","12","27","34","24","31","0","6","12","11","14","26","0","6","15","23","10","5"
"2022","1","A","골목상권","2111034","오동나무공원(송파레미니스1단지)","1443","1020","423","3","244","367","352","318","159","3","155","253","264","223","122","0","89","114","88","95","37"
"2022","1","R","전통시장","2130056","용산용문시장","65","34","31","0","7","15","18","10","15","0","4","6","7","6","11","0","3","9","11","4","4"
"2022","1","A","골목상권","2110394","방학중학교","193","116","77","0","15","32","46","48","52","0","8","18","23","29","38","0","7","14","23","19","14"
"2022","1","A","골목상권","2110079","후암동주민센터","1084","584","500","4","223","262","267","196","132","3","73","156","156","105","91","1","150","106","111","91","41"
"2022","1","D","발달상권","2120012","대학로(혜화역)","2061","929","1132","10","357","603","507","318","266","5","105","208","252","171","188","5","252","395","255","147","78"
"2022","1","A","골목상권","2110225","촬영소사거리","330","204","126","0","22","36","68","83","121","0","9","25","42","55","73","0","13","11","26","28","48"
"2022","1","A","골목상권","2111030","방이역 2번","665","419","246","1","57","107","147","217","136","0","28","68","94","128","101","1","29","39","53","89","35"
"2022","1","A","골목상권","2110231","장안교","11","8","3","0","0","1","4","5","1","0","0","1","3","4","0","0","0","0","1","1","1"
"2022","1","D","발달상권","2120228","석촌역(석촌호수)","4494","2725","1769","7","707","1306","1038","695","741","1","288","851","680","410","495","6","419","455","358","285","246"
"2022","1","D","발달상권","2120084","공릉역","712","546","166","3","33","59","110","240","267","1","11","22","63","205","244","2","22","37","47","35","23"
"2022","1","R","전통시장","2130313","방이시장","3469","1526","1943","5","449","529","612","1126","748","4","159","335","346","371","311","1","290","194","266","755","437"
"2022","1","A","골목상권","2111005","삼전역 3번","1865","1358","507","0","320","617","459","302","167","0","215","449","339","222","133","0","105","168","120","80","34"
"2022","1","D","발달상권","2120149","여의도역(여의도)","69255","45888","23367","184","11383","22550","19240","12096","3802","34","5884","14085","14147","9350","2388","150","5499","8465","5093","2746","1414"
"2022","1","A","골목상권","2110961","언주역 3번","962","673","289","5","172","286","248","140","111","3","97","184","187","112","90","2","75","102","61","28","21"
"2022","1","D","발달상권","2120208","청담사거리(청담동명품거리)","10577","4635","5942","38","3354","3776","2024","878","507","13","1031","1619","1113","501","358","25","2323","2157","911","377","149"
"2022","1","A","골목상권","2110944","서울나래학교(염곡어린이공원)","1053","735","318","10","133","246","201","217","246","8","98","194","153","139","143","2","35","52","48","78","103"
"2022","1","A","골목상권","2110037","신설동역 12번","208","124","84","0","16","46","51","61","34","0","6","20","32","41","25","0","10","26","19","20","9"
"2022","1","A","골목상권","2110951","신사은행나무공원","273","75","198","0","35","83","96","51","8","0","6","24","27","15","3","0","29","59","69","36","5"
"2022","1","A","골목상권","2110230","장안현대홈타운1차아파트","161","101","60","0","15","32","52","45","17","0","6","22","33","28","12","0","9","10","19","17","5"
"2022","1","A","골목상권","2110916","내방역 4번","1152","592","560","9","216","272","301","208","146","6","58","167","187","91","83","3","158","105","114","117","63"
"2022","1","D","발달상권","2120215","포스코사거리","61656","40699","20957","170","9756","22505","18176","8404","2645","29","4305","14324","13853","6406","1782","141","5451","8181","4323","1998","863"
"2022","1","A","골목상권","2110995","봉은사역 4번","5085","3711","1374","9","978","2002","1271","637","188","2","575","1477","990","523","144","7","403","525","281","114","44"
"2022","1","D","발달상권","2120216","경기고교사거리(경기고교앞사거리)","4934","3621","1313","8","712","1628","1666","772","148","5","291","1070","1431","703","121","3","421","558","235","69","27"
"2022","1","D","발달상권","2120180","양재화물트럭터미널앞","2562","2146","416","13","637","812","554","409","137","10","466","711","481","363","115","3","171","101","73","46","22"
"2022","1","D","발달상권","2120207","선정릉역","12151","7422","4729","32","2685","4209","2741","1595","889","16","1111","2464","1939","1147","745","16","1574","1745","802","448","144"
"2022","1","A","골목상권","2110908","구반포역","1525","377","1148","0","66","111","397","806","145","0","42","54","71","141","69","0","24","57","326","665","76"
"2022","1","D","발달상권","2120178","신사역","10933","5953","4980","34","2539","2847","2355","1810","1348","13","871","1570","1480","999","1020","21","1668","1277","875","811","328"
"2022","1","A","골목상권","2110851","경문고등학교(동작동성당)","485","233","252","0","79","136","140","102","28","0","32","53","66","66","16","0","47","83","74","36","12"
"2022","1","R","전통시장","2130314","풍납시장","202","99","103","1","24","42","50","60","25","1","15","27","22","18","16","0","9","15","28","42","9"
"2022","1","A","골목상권","2110838","상도1동주민센터앞","131","122","9","0","3","32","30","35","31","0","3","27","27","35","30","0","0","5","3","0","1"
"2022","1","R","전통시장","2130262","상도도깨비 골목형상점가","18","8","10","0","1","0","12","2","3","0","0","0","6","0","2","0","1","0","6","2","1"
"2022","1","D","발달상권","2120183","양재천카페거리","3558","2626","932","12","586","972","848","551","589","10","364","717","638","413","484","2","222","255","210","138","105"
"2022","1","D","발달상권","2120182","양재시민의숲역(양재동꽃시장, aT센터)","6144","4255","1889","33","1041","1652","1482","1259","677","14","539","1144","1089","924","545","19","502","508","393","335","132"
"2022","1","R","전통시장","2130274","사당1동먹자골목상점가(사당1동먹자골목)","389","218","171","4","91","100","81","63","50","3","45","64","37","35","34","1","46","36","44","28","16"
"2022","1","A","골목상권","2110746","금천금빛공원(은행나무사거리서측)","70","48","22","0","5","11","22","21","11","0","3","9","13","15","8","0","2","2","9","6","3"
"2022","1","D","발달상권","2120170","삼호가든사거리","2026","1161","865","8","279","587","623","346","183","7","113","333","412","168","128","1","166","254","211","178","55"
"2022","1","R","전통시장","2130234","푸른터시장(기능상실)","3","2","1","0","0","1","0","2","0","0","0","1","0","1","0","0","0","0","0","1","0"
"2022","1","A","골목상권","2110821","보라매역 2번","595","353","242","0","73","109","140","135","138","0","34","65","79","87","88","0","39","44","61","48","50"
"2022","1","A","골목상권","2110729","가산동우체국","151","112","39","0","19","30","40","39","23","0","14","19","30","30","19","0","5","11","10","9","4"
"2022","1","A","골목상권","2110753","시흥동 은행나무사거리","617","387","230","0","69","100","149","166","133","0","28","68","90","96","105","0","41","32","59","70","28"
"2022","1","A","골목상권","2110740","금천해태공원","650","283","367","1","135","136","138","170","70","1","47","55","58","71","51","0","88","81","80","99","19"
"2022","1","A","골목상권","2110694","세곡초등학교","445","249","196","2","55","149","90","98","51","0","24","76","51","60","38","2","31","73","39","38","13"
"2022","1","A","골목상권","2110716","구로나눔길","666","398","268","1","132","256","164","77","36","0","39","154","115","60","30","1","93","102","49","17","6"
"2022","1","A","골목상권","2110711","구로초등학교","818","332","486","4","62","122","166","288","176","2","26","70","82","75","77","2","36","52","84","213","99"
"2022","1","D","발달상권","2120189","강남역","72613","38819","33794","234","17636","24305","18411","9151","2876","59","6629","13226","10962","5914","2029","175","11007","11079","7449","3237","847"
"2022","1","D","발달상권","2120205","매봉역","13950","9370","4580","95","2838","4203","3126","1781","1907","44","1450","2959","2521","1302","1094","51","1388","1244","605","479","813"
"2022","1","U","관광특구","1001492","명동 남대문 북창동 다동 무교동 관광특구","104830","53674","51156","423","27134","34007","23384","15726","4156","137","8860","16080","15133","10824","2640","286","18274","17927","8251","4902","1516"
"2022","1","A","골목상권","2110655","발산역 5번","587","355","232","0","97","156","147","112","75","0","29","94","98","76","58","0","68","62","49","36","17"
"2022","1","D","발달상권","2120116","송정역","117","64","53","0","17","27","28","20","25","0","9","11","15","10","19","0","8","16","13","10","6"
"2022","1","R","전통시장","2130213","방신전통시장","112","77","35","0","13","20","25","29","25","0","10","18","14","14","21","0","3","2","11","15","4"
"2022","1","A","골목상권","2110677","등촌역 1번","410","321","89","1","50","80","83","91","105","1","24","51","70","76","99","0","26","29","13","15","6"
"2022","1","A","골목상권","2110640","방화역 1번","1019","638","381","3","139","292","240","195","150","3","62","119","167","158","129","0","77","173","73","37","21"
"2022","1","A","골목상권","2110611","신정역 1번","316","212","104","2","35","61","100","82","36","2","21","44","61","52","32","0","14","17","39","30","4"
"2022","1","A","골목상권","2110623","갈산공원","118","94","24","0","27","32","24","27","8","0","23","26","21","19","5","0","4","6","3","8","3"
"2022","1","A","골목상권","2110627","신정롯데캐슬아파트","512","310","202","24","127","127","89","83","62","13","69","79","57","49","43","11","58","48","32","34","19"
"2022","1","A","골목상권","2110955","논현초등학교","3430","2238","1192","19","719","823","793","625","451","13","417","568","554","389","297","6","302","255","239","236","154"
"2022","1","A","골목상권","2110601","신월1동우편취급국","1200","814","386","3","116","180","274","437","190","1","61","115","183","309","145","2","55","65","91","128","45"
"2022","1","R","전통시장","2130199","신월3동 골목시장","18","8","10","0","1","4","4","9","0","0","0","1","3","4","0","0","1","3","1","5","0"
"2022","1","A","골목상권","2110463","응암3동주민센터","123","54","69","0","7","23","36","26","31","0","3","6","14","11","20","0","4","17","22","15","11"
"2022","1","D","발달상권","2120111","목동사거리","1828","710","1118","1","551","601","341","219","115","0","101","248","161","116","84","1","450","353","180","103","31"
"2022","1","A","골목상권","2110617","등촌역 4번","274","192","82","0","47","75","77","51","24","0","37","55","51","33","16","0","10","20","26","18","8"
"2022","1","A","골목상권","2110470","신진과학기술고등학교","127","78","49","0","30","22","40","25","10","0","12","11","31","19","5","0","18","11","9","6","5"
"2022","1","A","골목상권","2110476","역촌역 2번","56","26","30","0","2","8","22","17","7","0","1","3","9","7","6","0","1","5","13","10","1"
"2022","1","A","골목상권","2110850","사당역 10번","969","487","482","4","217","207","185","162","194","1","54","88","92","95","157","3","163","119","93","67","37"
"2022","1","R","전통시장","2130169","대조시장","67","31","36","0","5","11","21","23","7","0","1","3","11","11","5","0","4","8","10","12","2"
"2022","1","D","발달상권","2120088","구산역","799","279","520","2","86","117","175","272","147","2","30","65","68","59","55","0","56","52","107","213","92"
"2022","1","R","전통시장","2130164","역촌중앙시장","9","3","6","0","0","1","2","2","4","0","0","0","1","1","1","0","0","1","1","1","3"
"2022","1","A","골목상권","2110454","선정중학교","481","268","213","3","56","71","142","108","101","2","42","35","53","66","70","1","14","36","89","42","31"
"2022","1","R","전통시장","2130160","수일시장","7","2","5","0","0","2","1","2","2","0","0","0","0","1","1","0","0","2","1","1","1"
"2022","1","A","골목상권","2110468","응암역 3번","1129","494","635","2","141","256","316","256","158","0","44","114","140","109","87","2","97","142","176","147","71"
"2022","1","D","발달상권","2120032","충무로역","11403","5304","6099","36","1756","2560","3266","2711","1074","15","589","1271","1554","1201","674","21","1167","1289","1712","1510","400"
"2022","1","A","골목상권","2111074","명일역 1번","148","77","71","2","31","38","40","16","21","1","9","23","23","10","11","1","22","15","17","6","10"
"2022","1","A","골목상권","2111021","방이역 4번","7674","5867","1807","22","792","1328","1977","2139","1416","15","392","911","1551","1769","1229","7","400","417","426","370","187"
"2022","1","A","골목상권","2110939","양재역 8번(양재동우체국)","5945","4103","1842","23","971","1415","1465","1168","903","15","500","989","1056","798","745","8","471","426","409","370","158"
"2022","1","D","발달상권","2120213","삼성중앙역","8472","5131","3341","50","1855","2469","1898","1065","1135","12","828","1511","1297","712","771","38","1027","958","601","353","364"
"2022","1","A","골목상권","2110935","한전아트센터","379","264","115","2","53","108","105","72","39","2","33","82","75","46","26","0","20","26","30","26","13"
"2022","1","A","골목상권","2110972","강남세브란스병원미래의학연구센터","2628","1440","1188","17","539","669","692","581","130","4","240","428","438","258","72","13","299","241","254","323","58"
"2022","1","A","골목상권","2110985","청담근린공원","1338","948","390","0","193","447","374","226","98","0","98","346","275","157","72","0","95","101","99","69","26"
"2022","1","A","골목상권","2110659","화곡역 4번","867","512","355","11","102","182","240","188","144","9","52","115","144","110","82","2","50","67","96","78","62"
"2022","1","R","전통시장","2130014","동문시장","3","1","2","0","0","2","0","0","1","0","0","0","0","0","1","0","0","2","0","0","0"
"2022","1","D","발달상권","2120140","문래동주민센터","6162","3296","2866","22","1447","1840","1635","916","302","11","558","993","992","517","225","11","889","847","643","399","77"
"2022","1","A","골목상권","2111081","둔촌푸르지오아파트","78","50","28","0","8","17","18","18","17","0","4","12","13","6","15","0","4","5","5","12","2"
"2022","1","A","골목상권","2110108","성동구립금호도서관","6","1","5","0","0","1","4","1","0","0","0","0","0","1","0","0","0","1","4","0","0"
"2022","1","D","발달상권","2120099","월드컵경기장역(월드컵경기장)","84","57","27","0","11","20","26","14","13","0","6","16","21","7","7","0","5","4","5","7","6"
"2022","1","R","전통시장","2130085","용두시장","4","2","2","0","0","0","1","2","1","0","0","0","0","1","1","0","0","0","1","1","0"
"2022","1","R","전통시장","2130103","이경시장","16","8","8","0","0","1","2","2","11","0","0","1","1","1","5","0","0","0","1","1","6"
"2022","1","A","골목상권","2110026","종로5가역 4번","190","120","70","0","22","41","73","27","27","0","9","28","47","14","22","0","13","13","26","13","5"
"2022","1","A","골목상권","2110420","광운대역 1번","814","483","331","7","235","312","188","43","29","0","114","236","92","23","18","7","121","76","96","20","11"
"2022","1","R","전통시장","2130002","세종마을음식문화거리(금천교시장)","564","392","172","4","56","109","120","121","154","0","26","74","75","90","127","4","30","35","45","31","27"
"2022","1","D","발달상권","2120085","은행사거리","317","121","196","4","51","48","80","78","56","3","11","14","21","40","32","1","40","34","59","38","24"
"2022","1","R","전통시장","2130099","전농로터리시장","7","3","4","0","1","0","2","3","1","0","0","0","1","1","1","0","1","0","1","2","0"
"2022","1","A","골목상권","2110031","창신역 1번","44","31","13","0","7","14","5","11","7","0","4","8","4","8","7","0","3","6","1","3","0"
"2022","1","D","발달상권","2120005","삼청동","3053","2795","258","1","399","712","898","817","226","0","340","633","848","776","198","1","59","79","50","41","28"
"2022","1","R","전통시장","2130018","동대문문구완구거리(동대문문구완구시장)","215","124","91","0","27","45","50","52","41","0","12","24","33","31","24","0","15","21","17","21","17"
"2022","1","R","전통시장","2130033","대림상가(청계상가)","169","121","48","0","7","29","54","39","40","0","3","19","35","30","34","0","4","10","19","9","6"
"2022","1","A","골목상권","2110019","창덕궁","325","215","110","0","47","91","82","71","34","0","21","65","53","49","27","0","26","26","29","22","7"
"2022","1","A","골목상권","2110976","언북초등학교","578","332","246","1","111","188","126","86","66","0","41","115","83","49","44","1","70","73","43","37","22"
"2022","1","D","발달상권","2120219","은마아파트","17161","5791","11370","202","3396","3816","3174","4058","2515","83","1254","1870","1373","817","394","119","2142","1946","1801","3241","2121"
"2022","1","A","골목상권","2110424","상계초등학교","388","157","231","2","42","50","96","106","92","2","18","32","32","42","31","0","24","18","64","64","61"
"2022","1","A","골목상권","2110422","노원역 9번","277","221","56","0","27","70","94","54","32","0","24","59","79","37","22","0","3","11","15","17","10"
"2022","1","R","전통시장","2130092","청량리농수산물시장","12","9","3","0","0","1","3","5","3","0","0","0","3","3","3","0","0","1","0","2","0"
"2022","1","A","골목상권","2110866","난우중학교","171","91","80","0","20","36","34","62","19","0","14","20","12","29","16","0","6","16","22","33","3"
"2022","1","A","골목상권","2110893","관악소방서(문영여고)","353","303","50","0","39","110","66","113","25","0","29","96","57","99","22","0","10","14","9","14","3"
"2022","1","A","골목상권","2110890","봉천역 1번(관악초등학교)","261","152","109","1","22","44","95","70","29","0","4","22","59","46","21","1","18","22","36","24","8"
"2022","1","R","전통시장","2130284","관악종합시장(신원시장)","17","10","7","0","0","1","3","10","3","0","0","1","1","6","2","0","0","0","2","4","1"
"2022","1","A","골목상권","2110871","신원동주민센터","159","101","58","1","12","40","45","37","24","0","8","25","27","25","16","1","4","15","18","12","8"
"2022","1","A","골목상권","2110876","서원동주민센터(신관중학교)","49","29","20","0","5","9","16","9","10","0","2","4","10","4","9","0","3","5","6","5","1"
"2022","1","R","전통시장","2130293","봉천중앙시장","154","42","112","0","17","13","29","46","49","0","5","7","14","14","2","0","12","6","15","32","47"
"2022","1","A","골목상권","2110862","난곡초등학교(난곡동벽화마을)","84","41","43","0","4","13","14","34","19","0","2","6","11","15","7","0","2","7","3","19","12"
"2022","1","R","전통시장","2130249","동남상가","10","8","2","0","2","0","0","4","4","0","1","0","0","4","3","0","1","0","0","0","1"
"2022","1","D","발달상권","2120157","신림역(신림)","593","255","338","1","95","115","145","125","112","0","19","40","81","48","67","1","76","75","64","77","45"
"2022","1","A","골목상권","2110886","관악해태어린이공원","188","103","85","1","38","50","41","36","22","1","18","28","21","23","12","0","20","22","20","13","10"
"2022","1","A","골목상권","2110795","도림초등학교","533","356","177","0","20","49","80","128","256","0","8","36","48","74","190","0","12","13","32","54","66"
"2022","1","A","골목상권","2110785","영등포푸르지오아파트","161","84","77","2","13","17","39","44","46","2","8","12","24","14","24","0","5","5","15","30","22"
"2022","1","A","골목상권","2110768","도림2동유수지내체육시설","294","155","139","0","20","43","63","73","95","0","7","22","32","41","53","0","13","21","31","32","42"
"2022","1","D","발달상권","2120135","양평역","5072","3013","2059","32","1300","1280","1187","776","497","11","626","825","676","441","434","21","674","455","511","335","63"
"2022","1","A","골목상권","2110794","영동초등학교","632","494","138","0","87","115","178","167","85","0","47","89","148","135","75","0","40","26","30","32","10"
"2022","1","A","골목상권","2110574","서강대학교","173","123","50","0","35","41","49","38","10","0","17","30","41","30","5","0","18","11","8","8","5"
"2022","1","A","골목상권","2110506","연희임광아파트","110","66","44","0","5","12","39","29","25","0","1","8","20","19","18","0","4","4","19","10","7"
"2022","1","A","골목상권","2110508","서연중학교","1028","470","558","9","149","249","175","268","178","3","66","152","81","93","75","6","83","97","94","175","103"
"2022","1","R","전통시장","2130178","이대 앞 스타트업 상점가","32","7","25","0","5","5","10","6","6","0","1","0","4","0","2","0","4","5","6","6","4"
"2022","1","A","골목상권","2110552","성미산체육관","646","469","177","1","110","162","148","159","66","0","72","121","99","129","48","1","38","41","49","30","18"
"2022","1","A","골목상권","2110504","명지전문대","139","35","104","0","8","17","27","38","49","0","3","4","6","11","11","0","5","13","21","27","38"
"2022","1","R","전통시장","2130176","유진상가","38","23","15","0","20","16","1","1","0","0","9","13","1","0","0","0","11","3","0","1","0"
"2022","1","R","전통시장","2130180","포방터시장","59","34","25","0","13","11","15","6","14","0","4","4","11","5","10","0","9","7","4","1","4"
"2022","1","A","골목상권","2110027","혜화역 1번","617","366","251","1","73","116","131","98","198","0","28","74","65","54","145","1","45","42","66","44","53"
"2022","1","A","골목상권","2110517","서대문소방서","1051","692","359","8","225","280","242","207","89","5","104","187","179","161","56","3","121","93","63","46","33"
"2022","1","R","전통시장","2130139","강북종합전통시장(강북종합골목시장)","166","114","52","0","16","45","61","28","16","0","11","33","42","19","9","0","5","12","19","9","7"
"2022","1","A","골목상권","2110381","번동주공2단지","171","88","83","5","31","28","38","55","14","4","11","14","21","30","8","1","20","14","17","25","6"
"2022","1","R","전통시장","2130004","낙원시장(낙원지하시장(대일상가))","364","258","106","0","29","70","99","78","88","0","14","51","68","57","68","0","15","19","31","21","20"
"2022","1","A","골목상권","2110284","정릉북한산국립공원입구","644","558","86","0","13","85","200","250","96","0","8","69","176","220","85","0","5","16","24","30","11"
"2022","1","A","골목상권","2110285","홍대부중","814","559","255","9","219","220","210","100","56","6","118","172","163","69","31","3","101","48","47","31","25"
"2022","1","D","발달상권","2120095","홍제역","922","520","402","1","73","107","260","362","119","0","17","56","137","222","88","1","56","51","123","140","31"
"2022","1","R","전통시장","2130134","솔샘시장(미아6,7동골목시장)","73","30","43","1","7","19","25","18","3","0","3","4","12","8","3","1","4","15","13","10","0"
"2022","1","R","전통시장","2130138","수유프라자","142","24","118","1","31","24","16","42","28","0","1","4","5","4","10","1","30","20","11","38","18"
"2022","1","R","전통시장","2130137","수유전통시장(수유시장, 수유골목시장)","89","31","58","0","5","10","19","26","29","0","0","3","8","8","12","0","5","7","11","18","17"
"2022","1","A","골목상권","2110853","KT구로지사","213","127","86","0","21","47","65","50","30","0","9","26","44","27","21","0","12","21","21","23","9"
"2022","1","A","골목상권","2110250","화랑대역 7번","111","69","42","0","7","20","32","34","18","0","5","12","15","23","14","0","2","8","17","11","4"
"2022","1","A","골목상권","2110234","중랑역 4번","96","41","55","0","15","16","23","25","17","0","2","5","10","14","10","0","13","11","13","11","7"
"2022","1","R","전통시장","2130108","태능엔터피아(태릉시장)","3","1","2","0","0","0","1","2","0","0","0","0","0","1","0","0","0","0","1","1","0"
"2022","1","A","골목상권","2110314","종암경찰서","953","701","252","1","127","272","224","287","42","0","72","207","163","231","28","1","55","65","61","56","14"
"2022","1","A","골목상권","2110353","수유동우체국","187","91","96","0","4","18","48","60","57","0","1","12","33","27","18","0","3","6","15","33","39"
"2022","1","A","골목상권","2110362","우이천 계성교","205","110","95","1","24","34","61","63","22","0","11","19","28","35","17","1","13","15","33","28","5"
"2022","1","R","전통시장","2130133","우이골목시장(우이시장)","69","61","8","0","7","7","19","20","16","0","6","6","17","17","15","0","1","1","2","3","1"
"2022","1","A","골목상권","2110245","KB국민은행 중화동지점","108","69","39","0","5","18","41","27","17","0","4","10","24","17","14","0","1","8","17","10","3"
"2022","1","A","골목상권","2110253","중곡초등학교","181","106","75","0","31","31","44","49","26","0","10","17","23","35","21","0","21","14","21","14","5"
"2022","1","A","골목상권","2110242","면목5동주민센터","164","112","52","0","21","28","56","30","29","0","12","23","31","22","24","0","9","5","25","8","5"
"2022","1","A","골목상권","2110151","자양한강도서관","249","175","74","4","35","52","63","66","29","3","24","37","49","41","21","1","11","15","14","25","8"
"2022","1","D","발달상권","2120061","올림픽대교북단","1094","864","230","1","228","403","324","95","43","0","165","326","290","55","28","1","63","77","34","40","15"
"2022","1","A","골목상권","2110173","구남초등학교","195","106","89","0","34","50","46","44","21","0","16","28","21","25","16","0","18","22","25","19","5"
"2022","1","A","골목상권","2110171","중곡4동주민센터","59","36","23","0","4","8","7","22","18","0","1","2","3","15","15","0","3","6","4","7","3"
"2022","1","R","전통시장","2130083","중곡제일시장(중곡제일골목시장, 광성시장)","111","68","43","0","15","21","29","24","22","0","7","14","20","10","17","0","8","7","9","14","5"
"2022","1","A","골목상권","2110178","장로회신학대학교","194","123","71","0","25","44","42","56","27","0","15","34","21","38","15","0","10","10","21","18","12"
"2022","1","A","골목상권","2110102","옥수역 6번","3362","1140","2222","0","968","1050","724","422","198","0","202","328","319","197","94","0","766","722","405","225","104"
"2022","1","R","전통시장","2130111","동원전통종합시장(동원시장, 동원전통시장 상점가)","224","109","115","0","24","37","49","82","32","0","11","17","21","38","22","0","13","20","28","44","10"
"2022","1","A","골목상권","2110055","황학동벼룩시장","29","19","10","0","1","4","6","11","7","0","1","3","5","6","4","0","0","1","1","5","3"
"2022","1","A","골목상권","2110117","성동구보건소","103","73","30","1","14","27","19","33","9","1","10","20","11","25","6","0","4","7","8","8","3"
"2022","1","R","전통시장","2130038","평화시장(통일상가, 동화상가)","930","630","300","3","110","293","273","172","79","0","61","165","211","134","59","3","49","128","62","38","20"
"2022","1","A","골목상권","2110038","경향신문사","2636","1651","985","0","377","783","808","593","75","0","119","436","540","491","65","0","258","347","268","102","10"
"2022","1","D","발달상권","2120023","서울시청","10242","5534","4708","15","2234","3260","2778","1425","530","4","852","1657","1658","983","380","11","1382","1603","1120","442","150"
"2022","1","D","발달상권","2120026","을지로입구역","30610","18501","12109","14","4275","11589","8473","5661","598","4","1729","5846","5959","4562","401","10","2546","5743","2514","1099","197"
"2022","1","A","골목상권","2110865","남강고등학교(남강중학교)","336","143","193","4","66","72","69","85","40","2","16","34","28","34","29","2","50","38","41","51","11"
"2022","1","A","골목상권","2110269","용마문화복지센터","169","98","71","0","19","53","52","28","17","0","13","32","30","19","4","0","6","21","22","9","13"
"2022","1","D","발달상권","2120072","성신여대","1048","537","511","18","137","211","213","271","198","11","46","86","103","152","139","7","91","125","110","119","59"
"2022","1","A","골목상권","2110975","매봉역 1번","10837","6932","3905","34","2175","2199","3202","3019","208","21","1010","1161","2184","2402","154","13","1165","1038","1018","617","54"
"2022","1","A","골목상권","2110177","동의초등학교","135","90","45","0","11","31","32","35","26","0","3","15","21","27","24","0","8","16","11","8","2"
"2022","1","A","골목상권","2110167","용마초등학교","376","220","156","2","22","56","99","109","88","0","9","20","52","62","77","2","13","36","47","47","11"
"2022","1","A","골목상권","2110136","경수초등학교","4745","2743","2002","43","1169","1097","978","875","583","32","439","633","615","593","431","11","730","464","363","282","152"
"2022","1","D","발달상권","2120001","서대문역","1510","1022","488","1","265","530","359","278","77","1","106","344","272","237","62","0","159","186","87","41","15"
"2022","1","D","발달상권","2120048","금호역","80","31","49","0","16","10","18","24","12","0","2","2","6","13","8","0","14","8","12","11","4"
"2022","1","R","전통시장","2130148","방학동도깨비시장","60","33","27","0","6","9","16","18","11","0","4","3","8","14","4","0","2","6","8","4","7"
"2022","1","A","골목상권","2110169","성동초등학교","221","112","109","1","25","30","68","59","38","0","12","12","32","32","24","1","13","18","36","27","14"
"2022","1","R","전통시장","2130007","광장시장(광장전통시장)","466","310","156","0","39","77","97","129","124","0","22","41","73","77","97","0","17","36","24","52","27"
"2022","1","A","골목상권","2110153","중곡1동주민센터","241","83","158","1","42","57","67","57","17","0","14","22","22","17","8","1","28","35","45","40","9"
"2022","1","A","골목상권","2110878","미림여고","368","218","150","3","43","114","101","78","29","0","19","63","68","43","25","3","24","51","33","35","4"
"2022","1","A","골목상권","2110392","발바닥공원","43","17","26","0","2","8","7","10","16","0","0","0","3","3","11","0","2","8","4","7","5"
"2022","1","A","골목상권","2110113","응봉산","77","43","34","0","14","15","14","16","18","0","4","11","7","6","15","0","10","4","7","10","3"
"2022","1","A","골목상권","2110854","조원동주민센터","55","39","16","0","4","5","17","21","8","0","3","5","9","15","7","0","1","0","8","6","1"
"2022","1","R","전통시장","2130294","관악중부시장","102","40","62","1","5","10","22","39","25","0","2","3","7","16","12","1","3","7","15","23","13"
"2022","1","A","골목상권","2110899","낙성대역 5번(관악중학교)","690","448","242","0","167","185","166","123","49","0","107","135","96","71","39","0","60","50","70","52","10"
"2022","1","R","전통시장","2130001","통인시장","59","29","30","0","4","14","11","12","18","0","2","4","6","6","11","0","2","10","5","6","7"
"2022","1","D","발달상권","2120145","영등포역(영등포)","3856","1817","2039","22","673","1021","921","702","517","0","202","441","486","388","300","22","471","580","435","314","217"
"2022","1","A","골목상권","2110590","만리재","97","50","47","0","19","23","23","25","7","0","6","12","11","16","5","0","13","11","12","9","2"
"2022","1","R","전통시장","2130183","상암동상점가","816","607","209","1","89","204","283","187","52","0","49","150","227","143","38","1","40","54","56","44","14"
"2022","1","A","골목상권","2110543","중암중학교","38","25","13","0","6","8","14","7","3","0","3","5","8","6","3","0","3","3","6","1","0"
"2022","1","A","골목상권","2110541","동교초등학교","377","221","156","0","43","59","101","96","78","0","23","37","63","50","48","0","20","22","38","46","30"
"2022","1","A","골목상권","2110309","대광초등학교","354","252","102","0","37","57","103","96","61","0","18","39","69","75","51","0","19","18","34","21","10"
"2022","1","A","골목상권","2110535","영천시장입구","797","440","357","2","77","119","179","281","139","2","36","62","110","152","78","0","41","57","69","129","61"
"2022","1","A","골목상권","2110076","삼각지역 14번","537","175","362","0","46","143","158","153","37","0","11","49","61","45","9","0","35","94","97","108","28"
"2022","1","A","골목상권","2110308","길음역 8번","174","85","89","0","17","36","56","41","24","0","8","17","26","20","14","0","9","19","30","21","10"
"2022","1","R","전통시장","2130117","정릉시장","119","62","57","0","4","15","34","41","25","0","2","8","20","18","14","0","2","7","14","23","11"
"2022","1","A","골목상권","2110277","러스크서울병원","178","100","78","0","16","32","39","52","39","0","6","15","23","29","27","0","10","17","16","23","12"
"2022","1","A","골목상권","2110261","사가정역 4번","167","90","77","1","16","29","49","50","22","1","8","15","25","26","15","0","8","14","24","24","7"
"2022","1","A","골목상권","2110300","삼선동주민센터","2735","1587","1148","3","248","710","769","844","161","2","97","300","444","629","115","1","151","410","325","215","46"
"2022","1","A","골목상권","2110255","상봉역 4번","327","208","119","0","39","52","78","92","66","0","20","24","46","62","56","0","19","28","32","30","10"
"2022","1","A","골목상권","2110163","성자초등학교","272","134","138","0","37","44","65","72","54","0","13","26","31","26","38","0","24","18","34","46","16"
"2022","1","A","골목상권","2110154","광진정말공원","307","161","146","1","43","62","79","78","44","1","19","37","35","37","32","0","24","25","44","41","12"
"2022","1","A","골목상권","2110150","중곡1동 마을마당","1179","698","481","1","197","352","252","217","160","1","83","194","161","132","127","0","114","158","91","85","33"
"2022","1","R","전통시장","2130078","화양제일골목시장","65","23","42","0","6","17","20","18","4","0","1","7","8","6","1","0","5","10","12","12","3"
"2022","1","A","골목상권","2110070","용산세무서","184","130","54","0","21","54","55","24","30","0","8","37","41","18","26","0","13","17","14","6","4"
"2022","1","A","골목상권","2110063","효창공원앞역 5번","530","347","183","8","47","104","139","132","100","6","25","71","93","87","65","2","22","33","46","45","35"
"2022","1","R","전통시장","2130054","황학동주방가구거리상점가","374","266","108","0","25","80","116","106","47","0","18","60","77","74","37","0","7","20","39","32","10"
"2022","1","A","골목상권","2110048","장충동주민센터","5312","2706","2606","21","867","1339","1511","1367","207","5","338","768","756","707","132","16","529","571","755","660","75"
"2022","1","D","발달상권","2120024","회현역","2167","1364","803","2","341","795","582","250","197","1","146","473","416","192","136","1","195","322","166","58","61"
"2022","1","A","골목상권","2110085","경리단길남측","532","260","272","4","98","163","148","67","52","2","40","59","78","41","40","2","58","104","70","26","12"
"2022","1","A","골목상권","2111084","길동신동아아파트","169","104","65","2","27","32","37","58","13","2","21","23","24","25","9","0","6","9","13","33","4"
"2022","1","A","골목상권","2111057","천호공원(해공체육문화센터)","255","113","142","2","53","50","64","61","25","2","15","19","30","33","14","0","38","31","34","28","11"
"2022","1","A","골목상권","2111058","성내중학교","451","317","134","0","51","92","129","121","58","0","37","63","90","82","45","0","14","29","39","39","13"
"2022","1","D","발달상권","2120243","천호역","1353","629","724","6","186","250","315","291","305","2","63","108","142","123","191","4","123","142","173","168","114"
"2022","1","A","골목상권","2111053","성내천어린이공원(하니사랑길)","6288","4564","1724","6","799","940","1025","1564","1954","3","542","693","750","1053","1523","3","257","247","275","511","431"
"2022","1","D","발달상권","2120248","명일역","860","332","528","4","114","141","223","204","174","2","41","59","84","69","77","2","73","82","139","135","97"
"2022","1","A","골목상권","2111008","석촌고분역 3번","1600","1210","390","1","185","292","294","400","428","1","151","243","216","259","340","0","34","49","78","141","88"
"2022","1","A","골목상권","2111043","마천공원","32","13","19","0","1","3","7","12","9","0","0","0","1","6","6","0","1","3","6","6","3"
"2022","1","R","전통시장","2130317","마천중앙시장","107","77","30","0","15","35","24","17","16","0","11","24","12","14","16","0","4","11","12","3","0"
"2022","1","D","발달상권","2120242","강동구청역","4528","2937","1591","33","536","1064","1055","893","947","13","287","678","695","560","704","20","249","386","360","333","243"
"2022","1","A","골목상권","2110382","솔밭공원역 1번","32","25","7","0","1","9","8","7","7","0","0","5","6","7","7","0","1","4","2","0","0"
"2022","1","A","골목상권","2111059","강동역 4번(강풀만화거리)","819","430","389","3","90","160","193","170","203","1","48","75","93","94","119","2","42","85","100","76","84"
"2022","1","D","발달상권","2120063","청량리역(청량리)","1182","514","668","3","225","221","239","246","248","2","66","86","89","116","155","1","159","135","150","130","93"
"2022","1","R","전통시장","2130016","동대문상가B동","2","1","1","0","0","1","1","0","0","0","0","0","1","0","0","0","0","1","0","0","0"
"2022","1","D","발달상권","2120233","몽촌토성역","10357","5705","4652","28","1787","2711","2252","2152","1427","22","1123","1846","1193","782","739","6","664","865","1059","1370","688"
"2022","1","A","골목상권","2110185","용두초등학교","122","77","45","0","13","22","31","32","24","0","5","13","18","22","19","0","8","9","13","10","5"
"2022","1","A","골목상권","2110438","경춘선숲길 우측","230","110","120","0","26","54","83","52","15","0","12","21","38","30","9","0","14","33","45","22","6"
"2022","1","A","골목상권","2111024","경찰병원역 4번(건너말공원)","240","150","90","0","27","53","63","68","29","0","16","33","45","35","21","0","11","20","18","33","8"
"2022","1","A","골목상권","2110374","송중초등학교","491","272","219","5","33","60","145","140","108","5","9","29","73","70","86","0","24","31","72","70","22"
"2022","1","D","발달상권","2120070","한성대입구역","466","180","286","2","83","69","78","113","121","2","21","31","37","38","51","0","62","38","41","75","70"
"2022","1","A","골목상권","2111032","방이역 1번","3885","2552","1333","4","235","340","605","719","1982","3","139","237","411","469","1293","1","96","103","194","250","689"
"2022","1","A","골목상권","2110429","공릉동 국수거리","2074","916","1158","3","224","284","511","689","363","1","91","167","248","234","175","2","133","117","263","455","188"
"2022","1","D","발달상권","2120039","신당역","2321","1230","1091","31","793","486","404","333","274","11","347","244","225","219","184","20","446","242","179","114","90"
"2022","1","A","골목상권","2110008","배화여자대학교(박노수미술관)","552","379","173","1","52","82","133","180","104","0","16","46","102","135","80","1","36","36","31","45","24"
"2022","1","A","골목상권","2110959","신구중학교","271","140","131","0","14","66","82","79","30","0","7","36","49","29","19","0","7","30","33","50","11"
"2022","1","A","골목상권","2111019","한성백제역 3번","1524","1000","524","2","207","448","428","254","185","2","103","303","300","164","128","0","104","145","128","90","57"
"2022","1","A","골목상권","2110980","개포지구대옆","663","482","181","0","90","198","202","111","62","0","45","142","168","72","55","0","45","56","34","39","7"
"2022","1","A","골목상권","2110946","청계산원터골","48","24","24","0","2","6","8","16","16","0","2","3","6","3","10","0","0","3","2","13","6"
"2022","1","A","골목상권","2110970","학동초등학교","378","236","142","1","66","98","102","65","46","0","27","49","66","57","37","1","39","49","36","8","9"
"2022","1","R","전통시장","2130145","쌍문역둘리상점가","244","202","42","0","39","44","77","62","22","0","28","35","65","56","18","0","11","9","12","6","4"
"2022","1","A","골목상권","2111027","문정초등학교","1403","775","628","3","148","289","326","247","390","1","67","160","211","126","210","2","81","129","115","121","180"
"2022","1","A","골목상권","2110988","청담역 3번","1594","1016","578","1","243","425","364","346","215","1","82","247","247","262","177","0","161","178","117","84","38"
"2022","1","D","발달상권","2120161","방배동가구거리(사당동가구거리)","2517","1833","684","3","187","342","315","347","1323","2","78","178","165","202","1208","1","109","164","150","145","115"
"2022","1","A","골목상권","2110929","남부터미널역 1번","21130","10703","10427","21","4446","4558","3912","7143","1050","4","1209","1890","1718","5123","759","17","3237","2668","2194","2020","291"
"2022","1","A","골목상권","2110834","동작구자원봉사센터","38","22","16","0","3","5","6","10","14","0","2","2","6","5","7","0","1","3","0","5","7"
"2022","1","R","전통시장","2130266","만양로상점가","129","75","54","0","6","37","51","21","14","0","1","23","33","14","4","0","5","14","18","7","10"
"2022","1","D","발달상권","2120184","포이사거리(삼호물산)","10139","7003","3136","20","1553","3044","2666","1705","1151","10","846","2068","2010","1212","857","10","707","976","656","493","294"
"2022","1","D","발달상권","2120192","뱅뱅사거리","27462","18935","8527","73","5758","8273","6703","4372","2283","38","3280","5616","5106","3189","1706","35","2478","2657","1597","1183","577"
"2022","1","A","골목상권","2110824","대방역 3번","296","102","194","1","48","91","92","42","22","0","11","26","29","23","13","1","37","65","63","19","9"
"2022","1","D","발달상권","2120160","사당역(사당)","9153","4750","4403","14","1560","2594","2716","1534","735","4","617","1307","1324","997","501","10","943","1287","1392","537","234"
"2022","1","R","전통시장","2130264","상도약수골목형상점가","65","35","30","1","14","8","15","20","7","0","4","3","9","12","7","1","10","5","6","8","0"
"2022","1","A","골목상권","2110852","이수역 9번","198","121","77","0","26","35","54","38","45","0","12","20","30","23","36","0","14","15","24","15","9"
"2022","1","D","발달상권","2120154","장승배기역","479","199","280","1","61","123","126","106","62","0","16","58","67","35","23","1","45","65","59","71","39"
"2022","1","D","발달상권","2120165","서래마을카페거리(서래마을)","3467","2266","1201","11","605","1119","949","516","267","3","277","716","707","369","194","8","328","403","242","147","73"
"2022","1","A","골목상권","2110829","장승배기역 5번","536","417","119","0","195","137","79","53","72","0","177","106","49","40","45","0","18","31","30","13","27"
"2022","1","A","골목상권","2110754","삼성산자연공원(서울금천초등학교)","199","75","124","1","21","41","47","39","50","0","6","18","28","10","13","1","15","23","19","29","37"
"2022","1","A","골목상권","2110742","KT금천빌딩(금천구시설관리공단)","426","237","189","0","42","83","106","125","70","0","21","57","71","54","34","0","21","26","35","71","36"
"2022","1","D","발달상권","2120133","서울시흥동우체국(홈플러스시흥점)","142","55","87","1","14","22","27","42","36","1","5","10","12","11","16","0","9","12","15","31","20"
"2022","1","A","골목상권","2110732","가산초등학교(세일중학교)","338","239","99","1","41","60","98","76","62","0","22","34","71","60","52","1","19","26","27","16","10"
"2022","1","A","골목상권","2110710","남구로역 3번","606","370","236","3","83","96","105","121","198","3","46","63","63","68","127","0","37","33","42","53","71"
"2022","1","A","골목상권","2110693","오류동역 4번","17","9","8","0","1","3","5","4","4","0","1","3","2","2","1","0","0","0","3","2","3"
"2022","1","A","골목상권","2110728","두산초등학교","4560","2778","1782","8","88","138","245","530","3551","8","64","86","123","279","2218","0","24","52","122","251","1333"
"2022","1","A","골목상권","2110727","독산역 1번 출입구","659","514","145","4","72","152","169","191","71","4","48","118","128","165","51","0","24","34","41","26","20"
"2022","1","R","전통시장","2130303","영동전통시장","242","95","147","0","21","60","67","58","36","0","7","19","22","24","23","0","14","41","45","34","13"
"2022","1","A","골목상권","2110940","양재근린공원(양재2동주민센터)","1043","755","288","9","186","346","264","145","93","8","116","256","200","103","72","1","70","90","64","42","21"
"2022","1","A","골목상권","2110744","독산동성당","531","327","204","0","49","107","129","152","94","0","36","71","75","86","59","0","13","36","54","66","35"
"2022","1","A","골목상권","2110724","금천구립가산도서관","366","254","112","1","42","76","122","89","36","1","33","60","90","45","25","0","9","16","32","44","11"
"2022","1","A","골목상권","2110684","서울공연예술고등학교","157","72","85","2","28","31","36","36","24","0","7","17","19","19","10","2","21","14","17","17","14"
"2022","1","A","골목상권","2110641","공항고등학교","345","236","109","2","46","95","100","79","23","1","30","72","61","52","20","1","16","23","39","27","3"
"2022","1","A","골목상권","2110644","신광명마을","333","288","45","1","24","22","60","107","119","1","7","13","52","100","115","0","17","9","8","7","4"
"2022","1","D","발달상권","2120121","까치산역","344","135","209","2","49","40","67","101","85","2","12","14","27","41","39","0","37","26","40","60","46"
"2022","1","A","골목상권","2110654","까치산역 4번","1021","686","335","2","68","147","249","380","175","1","38","81","139","281","146","1","30","66","110","99","29"
"2022","1","A","골목상권","2110639","신방화역 8번","523","369","154","1","74","61","88","153","146","1","17","22","51","139","139","0","57","39","37","14","7"
"2022","1","A","골목상권","2110699","덕의초등학교","150","89","61","0","15","24","32","48","31","0","8","15","15","28","23","0","7","9","17","20","8"
"2022","1","A","골목상권","2110631","방화초등학교","359","177","182","2","35","71","73","103","75","2","21","42","39","38","35","0","14","29","34","65","40"
"2022","1","A","골목상권","2110673","뜸부기어린이공원","253","143","110","0","37","52","62","64","38","0","21","29","31","34","28","0","16","23","31","30","10"
"2022","1","A","골목상권","2110637","송정역 2번","540","357","183","4","62","117","114","147","96","0","34","74","81","100","68","4","28","43","33","47","28"
"2022","1","A","골목상권","2110671","등촌1동주민센터","5012","3056","1956","13","1252","1442","1027","802","476","5","391","945","826","556","333","8","861","497","201","246","143"
"2022","1","A","골목상권","2110614","목동로데오거리","596","292","304","0","69","85","114","216","112","0","42","44","58","103","45","0","27","41","56","113","67"
"2022","1","A","골목상권","2110662","까치산역 1번","1480","885","595","4","245","501","396","234","100","4","129","301","207","171","73","0","116","200","189","63","27"
"2022","1","A","골목상권","2110612","신정역 5번","644","303","341","1","85","88","143","197","130","0","44","62","74","70","53","1","41","26","69","127","77"
"2022","1","A","골목상권","2110625","신정2동주민센터","726","454","272","2","98","196","215","155","60","0","51","124","146","94","39","2","47","72","69","61","21"
"2022","1","R","전통시장","2130200","신월7동 골목시장(약수시장, 우성상가)","27","18","9","0","0","3","9","6","9","0","0","0","7","4","7","0","0","3","2","2","2"
"2022","1","A","골목상권","2110199","홍릉시장","65","41","24","0","11","15","18","14","7","0","8","8","10","9","6","0","3","7","8","5","1"
"2022","1","A","골목상권","2110212","답십리초등학교","204","144","60","0","26","37","42","67","32","0","18","26","27","50","23","0","8","11","15","17","9"
"2022","1","A","골목상권","2110994","개포고등학교","494","382","112","7","65","161","123","110","28","4","47","134","103","73","21","3","18","27","20","37","7"
"2022","1","A","골목상권","2110613","신정네거리역 4번","80","20","60","0","8","25","24","19","4","0","2","6","7","4","1","0","6","19","17","15","3"
"2022","1","R","전통시장","2130202","신영시장","40","13","27","0","3","4","13","16","4","0","2","0","3","6","2","0","1","4","10","10","2"
"2022","1","A","골목상권","2110595","메디힐병원","731","459","272","0","80","148","163","185","155","0","34","85","86","136","118","0","46","63","77","49","37"
"2022","1","R","전통시장","2130208","목동깨비시장(목3동시장)","148","67","81","0","13","20","55","37","23","0","7","6","18","19","17","0","6","14","37","18","6"
"2022","1","A","골목상권","2110444","수색성당","170","73","97","0","13","53","46","45","13","0","5","27","13","17","11","0","8","26","33","28","2"
"2022","1","A","골목상권","2110445","덕산중학교","61","45","16","0","18","14","15","6","8","0","10","9","12","6","8","0","8","5","3","0","0"
"2022","1","A","골목상권","2110473","구산역 1번","436","241","195","0","34","59","113","107","123","0","24","27","53","49","88","0","10","32","60","58","35"
"2022","1","D","발달상권","2120112","등촌역","1633","1138","495","10","223","388","373","358","281","6","100","270","265","265","232","4","123","118","108","93","49"
"2022","1","A","골목상권","2110498","증산역 1번","222","102","120","0","15","32","75","68","32","0","7","9","31","32","23","0","8","23","44","36","9"
"2022","1","A","골목상권","2110626","양화초등학교","652","271","381","1","127","138","149","147","90","0","37","57","76","63","38","1","90","81","73","84","52"
"2022","1","A","골목상권","2110469","응암정보도서관","340","184","156","1","38","58","102","103","38","0","11","29","59","56","29","1","27","29","43","47","9"
"2022","1","A","골목상권","2111035","오금공원(오주중학교)","531","398","133","0","41","90","148","148","104","0","32","66","121","102","77","0","9","24","27","46","27"
"2022","1","A","골목상권","2110586","서울서부지방법원","1461","863","598","2","376","402","333","188","160","1","231","267","164","98","102","1","145","135","169","90","58"
"2022","1","A","골목상권","2110133","서울교통공사","122","93","29","0","19","25","33","21","24","0","12","18","29","17","17","0","7","7","4","4","7"
"2022","1","A","골목상권","2110387","쌍문초등학교","335","185","150","0","38","53","98","88","58","0","13","29","51","47","45","0","25","24","47","41","13"
"2022","1","A","골목상권","2110781","대림한신아파트","182","112","70","0","23","29","51","38","41","0","8","16","34","23","31","0","15","13","17","15","10"
"2022","1","A","골목상권","2110881","구립대학경로당(관악산샘말공원)","1601","1304","297","1","317","452","460","271","100","1","225","376","399","232","71","0","92","76","61","39","29"
"2022","1","D","발달상권","2120094","신촌역(신촌역, 신촌로터리)","5355","2430","2925","67","2390","1192","681","594","431","23","999","589","299","279","241","44","1391","603","382","315","190"
"2022","1","A","골목상권","2110053","청구역 1번","281","166","115","0","52","69","69","54","37","0","23","45","43","27","28","0","29","24","26","27","9"
"2022","1","A","골목상권","2111026","문정역 2번","2304","1506","798","7","431","634","546","428","258","3","236","427","385","239","216","4","195","207","161","189","42"
"2022","1","D","발달상권","2120169","서초역","15771","7185","8586","70","3824","4195","3945","2657","1080","30","1313","1990","1801","1235","816","40","2511","2205","2144","1422","264"
"2022","1","A","골목상권","2110624","목동문화체육센터","382","234","148","0","93","118","75","65","31","0","40","79","46","50","19","0","53","39","29","15","12"
"2022","1","R","전통시장","2130299","엔터식스 강남점","1850","1551","299","18","189","270","602","601","170","5","97","197","542","558","152","13","92","73","60","43","18"
"2022","1","A","골목상권","2110439","당고개역 5번","63","21","42","0","3","7","6","19","28","0","0","4","2","7","8","0","3","3","4","12","20"
"2022","1","R","전통시장","2130166","응암시장(신응암시장)","17","10","7","0","0","3","2","5","7","0","0","0","1","3","6","0","0","3","1","2","1"
"2022","1","R","전통시장","2130307","도곡시장","57","25","32","0","3","7","15","13","19","0","1","4","4","6","10","0","2","3","11","7","9"
"2022","1","A","골목상권","2110417","월계역 3번","26","14","12","0","11","9","2","4","0","0","4","6","2","2","0","0","7","3","0","2","0"
"2022","1","A","골목상권","2110193","고려대역 4번","48","37","11","0","5","11","11","10","11","0","3","5","10","10","9","0","2","6","1","0","2"
"2022","1","R","전통시장","2130093","동서시장","5","3","2","0","0","0","1","2","2","0","0","0","1","0","2","0","0","0","0","2","0"
"2022","1","R","전통시장","2130090","청량리종합시장","19","13","6","0","1","4","3","5","6","0","1","2","3","3","4","0","0","2","0","2","2"
"2022","1","A","골목상권","2110441","영신여고","172","78","94","0","19","38","41","45","29","0","7","20","16","23","12","0","12","18","25","22","17"
"2022","1","A","골목상권","2110222","회기역 2번","20","17","3","0","0","3","2","6","9","0","0","2","2","4","9","0","0","1","0","2","0"
"2022","1","A","골목상권","2110406","도봉산역 1번","659","595","64","0","13","37","147","294","168","0","6","25","133","278","153","0","7","12","14","16","15"
"2022","1","R","전통시장","2130187","영진시장","29","14","15","0","4","5","11","7","2","0","2","2","6","2","2","0","2","3","5","5","0"
"2022","1","A","골목상권","2110198","동대문중앙새마을금고본점","67","26","41","0","1","0","18","37","11","0","0","0","8","10","8","0","1","0","10","27","3"
"2022","1","R","전통시장","2130207","신정1동 골목시장(신정제일시장)","38","21","17","0","8","9","10","7","4","0","3","5","6","4","3","0","5","4","4","3","1"
"2022","1","A","골목상권","2110414","장석교회","61","47","14","0","5","13","15","20","8","0","3","11","11","17","5","0","2","2","4","3","3"
"2022","1","A","골목상권","2110996","대치2동주민센터","1959","1227","732","2","83","278","351","342","903","0","48","209","277","247","446","2","35","69","74","95","457"
"2022","1","A","골목상권","2110984","포이초등학교(개포목련어린이공원)","1556","1046","510","2","236","342","331","306","339","0","140","241","211","199","255","2","96","101","120","107","84"
"2022","1","A","골목상권","2110857","미성동주민센터","431","229","202","9","60","64","70","108","120","9","34","48","41","46","51","0","26","16","29","62","69"
"2022","1","A","골목상권","2110858","신대방역 1번","66","33","33","0","5","9","17","7","28","0","0","1","6","2","24","0","5","8","11","5","4"
"2022","1","A","골목상권","2110880","신림역 1번","995","275","720","0","379","296","157","128","35","0","78","87","66","33","11","0","301","209","91","95","24"
"2022","1","A","골목상권","2110788","영등포시장역 3번","28","22","6","0","4","5","7","9","3","0","3","5","6","6","2","0","1","0","1","3","1"
"2022","1","A","골목상권","2110796","한림대학교한강성심병원","87","52","35","1","7","19","26","19","15","0","4","11","17","9","11","1","3","8","9","10","4"
"2022","1","D","발달상권","2120142","대림역","1559","847","712","2","235","282","348","386","306","0","69","145","190","230","213","2","166","137","158","156","93"
"2022","1","A","골목상권","2110771","대림역 11번","955","604","351","0","22","38","128","210","557","0","21","30","73","131","349","0","1","8","55","79","208"
"2022","1","A","골목상권","2110813","보라매역 6번","286","167","119","3","22","37","50","74","100","3","15","21","24","39","65","0","7","16","26","35","35"
"2022","1","R","전통시장","2130256","신동시장","2","2","0","0","0","0","0","1","1","0","0","0","0","1","1","0","0","0","0","0","0"
"2022","1","R","전통시장","2130247","우리시장","21","16","5","0","3","4","6","3","5","0","1","3","5","3","4","0","2","1","1","0","1"
"2022","1","A","골목상권","2110815","공군호텔","2240","785","1455","4","425","514","476","507","314","0","88","195","167","170","165","4","337","319","309","337","149"
"2022","1","A","골목상권","2110764","문래역 3번","541","223","318","0","93","127","159","102","60","0","27","39","54","54","49","0","66","88","105","48","11"
"2022","1","R","전통시장","2130192","동진시장","10","6","4","0","1","1","4","3","1","0","1","1","1","2","1","0","0","0","3","1","0"
"2022","1","A","골목상권","2110553","가좌역 2번","257","150","107","0","23","42","73","79","40","0","14","23","39","41","33","0","9","19","34","38","7"
"2022","1","R","전통시장","2130189","서교시장","24","10","14","0","2","1","7","6","8","0","0","1","2","3","4","0","2","0","5","3","4"
"2022","1","A","골목상권","2110564","홍대입구역 3번","471","211","260","0","54","125","161","78","53","0","19","47","103","22","20","0","35","78","58","56","33"
"2022","1","A","골목상권","2110873","당곡중학교","343","166","177","0","68","79","86","74","36","0","29","39","39","36","23","0","39","40","47","38","13"
"2022","1","A","골목상권","2110809","장훈고등학교","112","61","51","0","7","15","30","23","37","0","3","5","11","17","25","0","4","10","19","6","12"
"2022","1","A","골목상권","2110572","서강대역 1번","470","254","216","1","63","130","117","116","43","1","32","67","58","66","30","0","31","63","59","50","13"
"2022","1","A","골목상권","2110560","마포FM","292","140","152","0","26","64","87","77","38","0","10","26","40","36","28","0","16","38","47","41","10"
"2022","1","D","발달상권","2120136","영등포구청역","6617","3299","3318","20","1193","1504","1423","1444","1033","12","575","848","775","592","497","8","618","656","648","852","536"
"2022","1","D","발달상권","2120097","충정로역","2246","1354","892","0","321","658","631","407","229","0","172","390","397","254","141","0","149","268","234","153","88"
"2022","1","A","골목상권","2110538","충정로역 3번","284","178","106","0","12","42","56","66","108","0","5","27","35","42","69","0","7","15","21","24","39"
"2022","1","A","골목상권","2110528","서울여자간호대학교","309","149","160","0","11","22","32","69","175","0","10","12","16","22","89","0","1","10","16","47","86"
"2022","1","A","골목상권","2110401","도봉구민회관","243","65","178","0","29","32","38","87","57","0","4","14","14","22","11","0","25","18","24","65","46"
"2022","1","A","골목상권","2110587","공덕동주민센터","238","121","117","1","36","43","69","53","36","1","15","25","41","23","16","0","21","18","28","30","20"
"2022","1","A","골목상권","2110363","송천동주민센터","19","12","7","0","0","4","3","7","5","0","0","3","1","4","4","0","0","1","2","3","1"
"2022","1","R","전통시장","2130128","돌곶이시장(석관황금시장)","191","157","34","0","30","36","41","72","12","0","28","26","29","62","12","0","2","10","12","10","0"
"2022","1","A","골목상권","2110335","석계역 7번","249","172","77","1","19","32","66","64","67","0","13","18","34","45","62","1","6","14","32","19","5"
"2022","1","D","발달상권","2120076","수유역","1930","865","1065","7","241","303","422","465","492","4","62","102","176","240","281","3","179","201","246","225","211"
"2022","1","D","발달상권","2120071","성북구청","255","127","128","0","36","55","64","62","38","0","14","22","38","31","22","0","22","33","26","31","16"
"2022","1","A","골목상권","2110324","월곡역 4번","99","55","44","0","31","21","19","18","10","0","9","10","13","14","9","0","22","11","6","4","1"
"2022","1","A","골목상권","2110318","KT월곡지사","148","78","70","0","21","29","45","36","17","0","10","19","22","14","13","0","11","10","23","22","4"
"2022","1","A","골목상권","2110375","서울북부고용노동지청","178","99","79","1","23","32","47","52","23","0","18","26","25","19","11","1","5","6","22","33","12"
"2022","1","A","골목상권","2110292","정릉역 2번","43","17","26","0","2","7","21","7","6","0","1","5","6","3","2","0","1","2","15","4","4"
"2022","1","A","골목상권","2110289","북한산보국문역 2번","144","105","39","0","9","28","49","32","26","0","6","23","30","24","22","0","3","5","19","8","4"
"2022","1","A","골목상권","2110357","가오리역 1번","725","611","114","0","25","36","171","340","153","0","4","18","146","310","133","0","21","18","25","30","20"
"2022","1","D","발달상권","2120217","대치사거리","2779","1478","1301","11","552","771","700","452","293","10","220","379","381","264","224","1","332","392","319","188","69"
"2022","1","A","골목상권","2110299","정릉역 1번","372","241","131","1","33","49","83","95","111","0","9","12","40","74","106","1","24","37","43","21","5"
"2022","1","R","전통시장","2130109","묵1동도깨비시장","47","33","14","0","2","9","16","9","11","0","1","5","13","5","9","0","1","4","3","4","2"
"2022","1","A","골목상권","2110281","길상사","13811","12087","1724","12","1418","3093","4057","4963","268","1","960","2426","3678","4822","200","11","458","667","379","141","68"
"2022","1","A","골목상권","2110272","신내1동주민센터","471","318","153","0","45","69","93","149","115","0","15","35","60","103","105","0","30","34","33","46","10"
"2022","1","A","골목상권","2110155","광진구청","8356","7701","655","0","240","853","2408","4046","809","0","172","765","2256","3748","760","0","68","88","152","298","49"
"2022","1","D","발달상권","2120060","강변역(테크노마트)","3189","2348","841","12","402","686","870","703","516","2","209","509","686","549","393","10","193","177","184","154","123"
"2022","1","D","발달상권","2120056","구의역","2200","1115","1085","7","350","431","596","491","325","6","119","173","290","313","214","1","231","258","306","178","111"
"2022","1","A","골목상권","2110101","옥정중학교","218","121","97","0","55","51","65","31","16","0","24","34","43","13","7","0","31","17","22","18","9"
"2022","1","D","발달상권","2120010","원남동사거리","4107","2297","1810","50","1544","1305","655","383","170","2","585","793","487","297","133","48","959","512","168","86","37"
"2022","1","D","발달상권","2120054","어린이대공원역","1243","826","417","0","90","153","311","440","249","0","25","88","205","321","187","0","65","65","106","119","62"
"2022","1","A","골목상권","2110087","이태원엔틱가구거리","463","213","250","0","185","174","58","31","15","0","54","89","43","17","10","0","131","85","15","14","5"
"2022","1","A","골목상권","2110591","충정로역 6번","627","422","205","0","99","158","178","126","66","0","55","103","135","92","37","0","44","55","43","34","29"
"2022","1","D","발달상권","2120018","중림동","2187","1366","821","2","393","736","598","293","165","2","207","425","357","237","138","0","186","311","241","56","27"
"2022","1","D","발달상권","2120051","뚝섬역","3944","2582","1362","20","703","946","867","651","757","15","446","646","549","445","481","5","257","300","318","206","276"
"2022","1","R","전통시장","2130070","뚝섬역상점가","1016","697","319","6","178","259","217","222","134","4","105","179","143","157","109","2","73","80","74","65","25"
"2022","1","D","발달상권","2120034","중구청(퇴계로4가)","1538","1044","494","7","107","227","400","437","360","5","47","128","262","325","277","2","60","99","138","112","83"
"2022","1","A","골목상권","2110045","동대문역사문화공원역 5번","234","174","60","0","24","54","64","55","37","0","11","38","46","47","32","0","13","16","18","8","5"
"2022","1","D","발달상권","2120058","구의사거리","688","333","355","2","92","158","174","181","81","1","33","79","80","77","63","1","59","79","94","104","18"
"2022","1","A","골목상권","2110166","구의1동주민센터","552","292","260","1","70","121","177","115","68","1","20","59","99","60","53","0","50","62","78","55","15"
"2022","1","R","전통시장","2130059","후암시장","64","40","24","0","6","12","16","11","19","0","4","5","10","7","14","0","2","7","6","4","5"
"2022","1","D","발달상권","2120022","북창동(시청역_6번)","5197","3160","2037","24","1010","1611","1149","767","636","2","391","936","852","543","436","22","619","675","297","224","200"
"2022","1","A","골목상권","2110134","성수119안전센터","771","587","184","4","65","108","185","252","157","4","38","78","143","200","124","0","27","30","42","52","33"
"2022","1","A","골목상권","2110118","왕십리역 9번","697","487","210","1","90","182","204","129","91","0","62","110","144","93","78","1","28","72","60","36","13"
"2022","1","A","골목상권","2110125","사근동살곶이상점가","135","83","52","2","25","39","35","21","13","2","13","21","24","13","10","0","12","18","11","8","3"
"2022","1","R","전통시장","2130068","마장축산물시장","975","630","345","1","102","202","250","248","172","1","68","127","155","165","114","0","34","75","95","83","58"
"2022","1","A","골목상권","2110432","대진고등학교","894","734","160","0","55","146","248","343","102","0","27","96","214","311","86","0","28","50","34","32","16"
"2022","1","A","골목상권","2110097","한남초등학교","3116","1920","1196","1","597","1644","757","90","27","0","278","975","575","71","21","1","319","669","182","19","6"
"2022","1","D","발달상권","2120106","마포역","11462","7104","4358","12","1804","2735","2677","2306","1928","8","917","1662","1889","1435","1193","4","887","1073","788","871","735"
"2022","1","D","발달상권","2120210","선릉역","48780","26797","21983","117","11358","13636","11065","7952","4652","54","5356","8026","6479","4158","2724","63","6002","5610","4586","3794","1928"
"2022","1","A","골목상권","2110884","봉천역 4번(봉천110안전센터)","372","284","88","1","17","30","61","98","165","0","1","8","49","84","142","1","16","22","12","14","23"
"2022","1","D","발달상권","2120104","연남동(홍대)","5955","3176","2779","20","1117","1491","1289","1103","935","12","428","824","772","620","520","8","689","667","517","483","415"
"2022","1","A","골목상권","2110220","외대앞역 1번","190","109","81","0","28","36","54","46","26","0","7","17","33","34","18","0","21","19","21","12","8"
"2022","1","A","골목상권","2110111","대현산장미원","51","40","11","0","6","7","6","17","15","0","6","4","4","13","13","0","0","3","2","4","2"
"2022","1","A","골목상권","2110513","연희파출소","457","241","216","0","51","87","110","130","79","0","17","46","58","69","51","0","34","41","52","61","28"
"2022","1","D","발달상권","2120044","삼각지역","1611","1164","447","5","313","408","385","330","170","5","185","303","315","234","122","0","128","105","70","96","48"
"2022","1","D","발달상권","2120040","용산전자상가(용산역)","8014","5960","2054","43","1390","2727","2224","1236","394","30","882","2007","1729","997","315","13","508","720","495","239","79"
"2022","1","D","발달상권","2120041","신용산역(용산역)","16270","5741","10529","72","4012","5520","4509","1569","588","25","1308","1921","1510","595","382","47","2704","3599","2999","974","206"
"2022","1","A","골목상권","2110066","서울역 15번","748","467","281","6","152","227","156","125","82","3","81","151","104","66","62","3","71","76","52","59","20"
"2022","1","R","전통시장","2130101","답십리현대시장","8","5","3","0","0","1","3","2","2","0","0","1","1","2","1","0","0","0","2","0","1"
"2022","1","A","골목상권","2110254","오거리공원","257","89","168","1","19","75","79","51","32","0","6","15","35","21","12","1","13","60","44","30","20"
"2022","1","A","골목상권","2110090","한국폴리텍대학서울정수캠퍼스","3968","2447","1521","1","446","1358","1632","500","31","1","173","548","1231","467","27","0","273","810","401","33","4"
"2022","1","A","골목상권","2110054","청구역 3번","1537","849","688","3","259","378","315","336","246","1","90","204","220","211","123","2","169","174","95","125","123"
"2022","1","A","골목상권","2110137","성수초등학교","6605","4295","2310","31","1016","1740","1836","1344","638","22","557","1152","1250","828","486","9","459","588","586","516","152"
"2022","1","A","골목상권","2111062","둔촌동역 3번(성내3동주민센터)","751","501","250","5","134","198","194","144","76","5","81","139","126","91","59","0","53","59","68","53","17"
"2022","1","A","골목상권","2111056","천호태영아파트","191","53","138","0","27","35","64","36","29","0","4","5","19","15","10","0","23","30","45","21","19"
"2022","1","D","발달상권","2120002","서촌(경복궁역)","2008","1079","929","37","492","680","426","224","149","0","190","388","263","133","105","37","302","292","163","91","44"
"2022","1","A","골목상권","2111052","암사역 3번(천호동자전거거리)","357","228","129","1","26","71","117","94","48","1","11","47","76","58","35","0","15","24","41","36","13"
"2022","1","A","골목상권","2111022","석촌중학교(방이육교)","567","255","312","1","48","105","141","206","66","0","28","66","72","57","32","1","20","39","69","149","34"
"2022","1","A","골목상권","2110013","체부동홍종문가옥","119","70","49","0","5","26","31","25","32","0","2","11","18","13","26","0","3","15","13","12","6"
"2022","1","A","골목상권","2111047","마천1치안센터","111","73","38","0","9","17","34","34","17","0","6","14","19","22","12","0","3","3","15","12","5"
"2022","1","D","발달상권","2120247","굽은다리역","565","307","258","4","91","118","142","102","108","1","37","76","71","55","67","3","54","42","71","47","41"
"2022","1","A","골목상권","2110398","쌍문2동우체국","474","326","148","0","30","65","96","153","130","0","11","27","50","124","114","0","19","38","46","29","16"
"2022","1","A","골목상권","2111088","고덕동성당","123","54","69","0","15","32","32","31","13","0","4","15","10","15","10","0","11","17","22","16","3"
"2022","1","A","골목상권","2111023","문정역 1번","939","576","363","2","133","202","263","204","135","0","86","139","184","100","67","2","47","63","79","104","68"
"2022","1","D","발달상권","2120229","방이동먹자골목","7319","4732","2587","12","1062","2182","1915","1302","846","5","588","1347","1338","913","541","7","474","835","577","389","305"
"2022","1","A","골목상권","2110385","효문고등학교","37","22","15","0","3","9","12","4","9","0","2","5","3","4","8","0","1","4","9","0","1"
"2022","1","A","골목상권","2110391","샘말어린이공원","373","154","219","0","29","54","74","53","163","0","14","28","40","26","46","0","15","26","34","27","117"
"2022","1","A","골목상권","2110400","도봉구보건소","191","111","80","0","20","35","53","51","32","0","9","22","32","26","22","0","11","13","21","25","10"
"2022","1","A","골목상권","2110024","혜회동주민센터","928","263","665","0","135","264","294","184","51","0","17","64","90","55","37","0","118","200","204","129","14"
"2022","1","R","전통시장","2130301","양재시장","35","22","13","0","2","10","9","7","7","0","1","7","6","3","5","0","1","3","3","4","2"
"2022","1","A","골목상권","2111085","묘곡초등학교(고덕아이파크아파트)","800","452","348","0","68","111","152","196","273","0","35","72","80","84","181","0","33","39","72","112","92"
"2022","1","D","발달상권","2120249","고덕역","1359","916","443","3","172","305","337","317","225","1","75","198","249","221","172","2","97","107","88","96","53"
"2022","1","R","전통시장","2130015","창신골목시장","22","12","10","0","0","2","8","9","3","0","0","2","6","2","2","0","0","0","2","7","1"
"2022","1","A","골목상권","2110405","방학역 1번","1123","365","758","3","130","176","308","427","79","3","67","109","82","70","34","0","63","67","226","357","45"
"2022","1","D","발달상권","2120086","태릉입구역","382","205","177","0","42","78","82","102","78","0","24","43","35","49","54","0","18","35","47","53","24"
"2022","1","D","발달상권","2120066","장한평역(장한평)","7424","4770","2654","43","1531","1839","1491","1235","1285","10","739","1202","991","818","1010","33","792","637","500","417","275"
"2022","1","A","골목상권","2110029","동대문역 1번","235","61","174","0","11","31","57","79","57","0","1","7","19","20","14","0","10","24","38","59","43"
"2022","1","A","골목상권","2110020","서울국제고등학교","639","315","324","1","145","288","122","57","26","1","44","146","75","32","17","0","101","142","47","25","9"
"2022","1","A","골목상권","2110992","도곡초등학교","2179","1144","1035","3","269","440","484","524","459","1","108","253","258","260","264","2","161","187","226","264","195"
"2022","1","D","발달상권","2120214","영동대교남단교차로","3990","2902","1088","7","489","1173","1108","931","282","3","271","811","866","755","196","4","218","362","242","176","86"
"2022","1","R","전통시장","2130304","신사상가","138","79","59","1","12","22","32","42","29","0","3","8","11","32","25","1","9","14","21","10","4"
"2022","1","D","발달상권","2120226","석촌고분역","2408","1777","631","8","277","341","447","352","983","7","130","207","264","234","935","1","147","134","183","118","48"
"2022","1","A","골목상권","2111036","투구봉어린이공원","209","119","90","1","22","40","55","62","29","1","7","20","26","39","26","0","15","20","29","23","3"
"2022","1","A","골목상권","2110945","본마을노인복지센터(서초구립내곡도서관)","191","114","77","3","44","57","37","33","17","3","14","31","25","28","13","0","30","26","12","5","4"
"2022","1","D","발달상권","2120222","삼성역","43324","24141","19183","244","8091","13641","10294","6385","4669","119","3186","7703","6883","3711","2539","125","4905","5938","3411","2674","2130"
"2022","1","A","골목상권","2110982","강남구보훈회관","166","74","92","0","31","34","41","41","19","0","7","13","25","14","15","0","24","21","16","27","4"
"2022","1","A","골목상권","2110819","신대방역 4번","510","262","248","0","64","99","128","93","126","0","15","37","58","62","90","0","49","62","70","31","36"
"2022","1","A","골목상권","2110839","숭실대입구역 4번","187","67","120","0","10","51","57","46","23","0","2","14","22","11","18","0","8","37","35","35","5"
"2022","1","R","전통시장","2130268","상도전통시장","239","104","135","0","33","60","53","58","35","0","12","23","23","24","22","0","21","37","30","34","13"
"2022","1","A","골목상권","2110832","노량진초등학교","377","171","206","0","38","51","93","141","54","0","14","22","57","55","23","0","24","29","36","86","31"
"2022","1","A","골목상권","2110734","금천파출소","92","47","45","0","7","11","21","29","24","0","3","5","14","13","12","0","4","6","7","16","12"
"2022","1","A","골목상권","2110745","독산동정훈단지","251","191","60","0","11","20","33","86","101","0","3","12","22","64","90","0","8","8","11","22","11"
"2022","1","A","골목상권","2110741","독산2동주민센터","444","159","285","0","69","117","96","108","54","0","43","35","26","33","22","0","26","82","70","75","32"
"2022","1","A","골목상권","2110733","금천어울림복지센터","374","293","81","3","34","89","74","90","84","3","22","67","59","66","76","0","12","22","15","24","8"
"2022","1","A","골목상권","2110691","개봉중학교","395","205","190","0","37","65","119","115","59","0","20","38","49","52","46","0","17","27","70","63","13"
"2022","1","A","골목상권","2110828","노량진역 6번","3010","2066","944","9","471","1047","854","467","162","3","252","711","639","357","104","6","219","336","215","110","58"
"2022","1","A","골목상권","2110685","금강수목원아파트","181","143","38","0","13","32","53","57","26","0","10","25","38","47","23","0","3","7","15","10","3"
"2022","1","R","전통시장","2130231","독산동 우시장","611","476","135","2","31","74","126","196","182","0","16","55","97","145","163","2","15","19","29","51","19"
"2022","1","D","발달상권","2120126","디지털단지오거리","135","86","49","0","11","30","48","26","20","0","2","16","38","15","15","0","9","14","10","11","5"
"2022","1","A","골목상권","2110701","고척동성당","567","379","188","2","126","185","125","92","37","0","81","133","82","54","29","2","45","52","43","38","8"
"2022","1","A","골목상권","2110713","구로보건소","2668","1817","851","5","474","650","706","533","300","3","323","472","514","332","173","2","151","178","192","201","127"
"2022","1","A","골목상권","2110714","구로4동주민센터","271","156","115","0","34","44","57","79","57","0","8","19","32","53","44","0","26","25","25","26","13"
"2022","1","A","골목상권","2110722","G타워","1221","876","345","5","246","423","354","139","54","5","163","311","281","79","37","0","83","112","73","60","17"
"2022","1","A","골목상권","2110747","석수역 1번 출입구","823","612","211","0","46","84","169","227","297","0","27","52","102","165","266","0","19","32","67","62","31"
"2022","1","D","발달상권","2120028","명동(명동거리)","12797","7708","5089","41","2137","3592","3670","2246","1111","16","1028","1982","2334","1641","707","25","1109","1610","1336","605","404"
"2022","1","A","골목상권","2110697","개봉3동주민센터","244","152","92","1","55","64","52","43","29","1","27","41","33","30","20","0","28","23","19","13","9"
"2022","1","A","골목상권","2110712","남구로역 5번","233","108","125","1","32","36","66","64","34","0","10","17","24","32","25","1","22","19","42","32","9"
"2022","1","A","골목상권","2110665","곰달래도서관","469","285","184","0","36","92","123","138","80","0","25","60","79","74","47","0","11","32","44","64","33"
"2022","1","A","골목상권","2110678","염창무학아파트","242","188","54","1","30","57","84","47","23","1","15","49","67","39","17","0","15","8","17","8","6"
"2022","1","A","골목상권","2110009","자하문터널","950","463","487","0","211","332","229","125","53","0","92","164","106","65","36","0","119","168","123","60","17"
"2022","1","A","골목상권","2110717","남구로역 2번","570","271","299","0","108","155","142","104","61","0","49","84","75","34","29","0","59","71","67","70","32"
"2022","1","R","전통시장","2130212","공항시장","8","6","2","0","1","0","3","2","2","0","1","0","3","0","2","0","0","0","0","2","0"
"2022","1","R","전통시장","2130211","신정2동 골목시장(오목교중앙시장)","51","18","33","0","3","10","18","17","3","0","1","3","8","4","2","0","2","7","10","13","1"
"2022","1","R","전통시장","2130205","신곡종합시장(신월6동 골목시장)","141","103","38","1","17","36","39","32","16","0","10","27","33","18","15","1","7","9","6","14","1"
"2022","1","A","골목상권","2110607","금빛새마을금고본점","53","31","22","0","2","10","11","19","11","0","1","4","5","12","9","0","1","6","6","7","2"
"2022","1","A","골목상권","2110622","달마을공원","458","261","197","0","58","90","102","138","70","0","26","47","63","65","60","0","32","43","39","73","10"
"2022","1","A","골목상권","2110628","신목동역","496","319","177","0","58","88","124","120","106","0","30","58","82","89","60","0","28","30","42","31","46"
"2022","1","A","골목상권","2110499","연가초등학교","282","123","159","0","44","47","83","67","41","0","8","22","32","35","26","0","36","25","51","32","15"
"2022","1","A","골목상권","2110479","연신내역 2번","304","177","127","1","50","83","64","66","40","0","28","71","33","32","13","1","22","12","31","34","27"
"2022","1","A","골목상권","2110638","신방화역 2번","372","202","170","3","53","75","88","87","66","3","22","40","44","43","50","0","31","35","44","44","16"
"2022","1","A","골목상권","2110459","응암역 2번","547","198","349","1","50","105","159","154","78","0","9","38","77","41","33","1","41","67","82","113","45"
"2022","1","A","골목상권","2110452","새절역 3번","420","347","73","1","17","47","78","132","145","1","11","29","58","113","135","0","6","18","20","19","10"
"2022","1","D","발달상권","2120091","본서부병원","516","192","324","1","51","69","119","165","111","0","20","28","51","55","38","1","31","41","68","110","73"
"2022","1","R","전통시장","2130209","목사랑시장(목4동시장)","111","61","50","0","7","15","23","42","24","0","2","13","10","20","16","0","5","2","13","22","8"
"2022","1","A","골목상권","2110458","선일여고","404","211","193","1","34","87","96","122","64","0","19","52","49","54","37","1","15","35","47","68","27"
"2022","1","A","골목상권","2110491","불광중학교","195","90","105","0","13","35","71","56","20","0","8","20","32","18","12","0","5","15","39","38","8"
"2022","1","A","골목상권","2110227","답십리공원","216","82","134","0","13","28","73","82","20","0","10","14","25","21","12","0","3","14","48","61","8"
"2022","1","A","골목상권","2110486","은평구청","629","292","337","0","86","110","146","178","109","0","55","72","56","64","45","0","31","38","90","114","64"
"2022","1","D","발달상권","2120087","응암역","441","272","169","0","45","84","114","106","92","0","17","50","78","60","67","0","28","34","36","46","25"
"2022","1","D","발달상권","2120045","남영동 먹자골목","4044","1580","2464","7","424","908","1421","1162","122","1","257","576","502","205","39","6","167","332","919","957","83"
"2022","1","D","발달상권","2120141","영등포청과시장교차로","601","418","183","2","71","137","188","115","88","1","36","85","133","86","77","1","35","52","55","29","11"
"2022","1","R","전통시장","2130159","공릉동 도깨비시장","101","47","54","0","12","22","24","26","17","0","4","8","9","15","11","0","8","14","15","11","6"
"2022","1","A","골목상권","2110226","장안1동주민센터","1882","1005","877","2","147","247","333","512","641","2","87","148","213","253","302","0","60","99","120","259","339"
"2022","1","D","발달상권","2120103","홍대입구역(홍대)","9580","5991","3589","87","2167","2434","2066","1613","1213","61","1145","1486","1404","988","907","26","1022","948","662","625","306"
"2022","1","A","골목상권","2110274","서일대학교","552","385","167","0","49","66","143","153","141","0","10","43","97","121","114","0","39","23","46","32","27"
"2022","1","A","골목상권","2110998","은곡마을(은곡마을공원)","23","15","8","0","2","8","6","5","2","0","0","4","5","5","1","0","2","4","1","0","1"
"2022","1","A","골목상권","2111002","한국교통안전공단 강남자동차검사소","317","115","202","0","22","63","65","96","71","0","7","31","21","26","30","0","15","32","44","70","41"
"2022","1","A","골목상권","2110687","천왕역 3번(오류2동주민센터, 서울오류남초등학교)","21","16","5","0","2","3","5","6","5","0","1","3","4","4","4","0","1","0","1","2","1"
"2022","1","A","골목상권","2111011","잠실나루역","9608","7747","1861","42","1275","3018","2795","2046","432","18","924","2492","2309","1674","330","24","351","526","486","372","102"
"2022","1","R","전통시장","2130184","마포농수산물시장","77","40","37","0","2","12","24","26","13","0","1","8","12","14","5","0","1","4","12","12","8"
"2022","1","D","발달상권","2120098","DMC(디지털미디어시티)","8846","5391","3455","19","1691","3228","2856","875","177","11","813","1995","1821","616","135","8","878","1233","1035","259","42"
"2022","1","R","전통시장","2130155","시영B상가(중계 그린아파트 B 상가)","12","8","4","0","1","5","3","3","0","0","0","5","2","1","0","0","1","0","1","2","0"
"2022","1","A","골목상권","2110426","상계2동주민센터","337","169","168","0","32","57","83","96","69","0","15","30","39","45","40","0","17","27","44","51","29"
"2022","1","R","전통시장","2130094","청량리청과물시장","54","24","30","0","7","13","17","7","10","0","0","4","10","2","8","0","7","9","7","5","2"
"2022","1","A","골목상권","2110186","종암초등학교","94","71","23","0","5","13","15","30","31","0","1","12","9","23","26","0","4","1","6","7","5"
"2022","1","A","골목상권","2110216","전농중학교","208","68","140","1","32","48","62","50","15","1","11","14","18","18","6","0","21","34","44","32","9"
"2022","1","A","골목상권","2110430","중계초등학교","307","114","193","0","20","36","65","106","80","0","9","11","21","29","44","0","11","25","44","77","36"
"2022","1","A","골목상권","2110920","방배역 2번(백석예술대학교)","359","205","154","0","23","53","125","118","40","0","5","29","65","75","31","0","18","24","60","43","9"
"2022","1","A","골목상권","2110001","이북5도청사","1066","638","428","4","133","292","240","262","135","0","51","173","162","172","80","4","82","119","78","90","55"
"2022","1","A","골목상권","2110032","수족관거리","31","16","15","0","3","6","4","13","5","0","2","2","2","7","3","0","1","4","2","6","2"
"2022","1","D","발달상권","2120204","르네상스호텔사거리","41471","20644","20827","102","8167","11056","10671","10081","1394","54","5016","7567","4988","2062","957","48","3151","3489","5683","8019","437"
"2022","1","A","골목상권","2110484","역촌역 3번","500","203","297","6","62","136","132","103","61","5","34","48","43","35","38","1","28","88","89","68","23"
"2022","1","A","골목상권","2110425","계상초등학교","130","54","76","2","18","10","35","38","27","2","5","5","18","14","10","0","13","5","17","24","17"
"2022","1","A","골목상권","2110991","삼성중앙역 5번","1246","794","452","1","111","415","339","275","105","1","28","243","229","216","77","0","83","172","110","59","28"
"2022","1","R","전통시장","2130253","영신상가(제일상가)","9","7","2","0","2","3","0","2","2","0","2","3","0","1","1","0","0","0","0","1","1"
"2022","1","R","전통시장","2130288","신림현대종합상가","2","0","2","0","1","1","0","0","0","0","0","0","0","0","0","0","1","1","0","0","0"
"2022","1","A","골목상권","2110981","국악고교사거리","361","216","145","2","57","77","110","81","34","0","27","36","72","56","25","2","30","41","38","25","9"
"2022","1","A","골목상권","2110197","세종대왕기념관교차로","67","46","21","0","8","19","26","9","5","0","4","15","19","7","1","0","4","4","7","2","4"
"2022","1","A","골목상권","2110867","국제신학대학원대학교(남서울중학교)","202","117","85","0","8","34","39","53","68","0","2","15","21","32","47","0","6","19","18","21","21"
"2022","1","A","골목상권","2110783","영등포시장역 1번","292","154","138","1","26","37","35","67","126","1","19","27","16","33","58","0","7","10","19","34","68"
"2022","1","R","전통시장","2130244","대림중앙시장","95","39","56","3","14","16","21","15","26","2","9","8","10","4","6","1","5","8","11","11","20"
"2022","1","A","골목상권","2110789","대림성모병원","491","182","309","0","104","137","115","93","42","0","16","44","49","43","30","0","88","93","66","50","12"
"2022","1","A","골목상권","2110804","신풍역 1번","312","187","125","0","15","37","62","63","135","0","4","15","29","35","104","0","11","22","33","28","31"
"2022","1","A","골목상권","2110812","신길6동주민센터","363","245","118","0","69","115","106","50","23","0","34","78","85","29","19","0","35","37","21","21","4"
"2022","1","A","골목상권","2110802","신길동홍어거리","336","159","177","1","59","113","86","61","16","0","18","45","44","40","12","1","41","68","42","21","4"
"2022","1","A","골목상권","2110773","당산역 13번","272","218","54","0","46","65","45","40","76","0","36","53","32","34","63","0","10","12","13","6","13"
"2022","1","A","골목상권","2110888","청룡동주민센터","94","53","41","0","5","9","11","22","47","0","3","2","4","6","38","0","2","7","7","16","9"
"2022","1","R","전통시장","2130295","인헌시장(원당종합시장)","122","48","74","0","20","27","38","23","14","0","3","9","16","12","8","0","17","18","22","11","6"
"2022","1","A","골목상권","2110784","신대림초등학교","76","42","34","0","3","11","18","36","8","0","0","7","12","18","5","0","3","4","6","18","3"
"2022","1","R","전통시장","2130198","아현시장","203","45","158","1","51","84","52","10","5","0","8","5","26","4","2","1","43","79","26","6","3"
"2022","1","A","골목상권","2110556","절두산순교성지","176","112","64","3","17","42","58","39","17","3","8","27","39","24","11","0","9","15","19","15","6"
"2022","1","R","전통시장","2130011","충신시장","88","44","44","0","19","19","20","17","13","0","7","11","8","8","10","0","12","8","12","9","3"
"2022","1","A","골목상권","2110577","용강동주민센터","145","105","40","0","15","42","47","31","10","0","12","31","38","17","7","0","3","11","9","14","3"
"2022","1","D","발달상권","2120151","보라매공원","2417","1455","962","6","401","736","707","383","184","4","194","433","450","237","137","2","207","303","257","146","47"
"2022","1","A","골목상권","2110501","연희어린이공원","214","82","132","0","12","33","40","75","54","0","3","20","15","18","26","0","9","13","25","57","28"
"2022","1","D","발달상권","2120150","63빌딩","7632","4749","2883","29","989","1932","2741","1691","250","5","494","1296","1379","1422","153","24","495","636","1362","269","97"
"2022","1","A","골목상권","2110569","홍대땡땡거리","358","153","205","2","62","108","97","53","36","1","18","48","46","19","21","1","44","60","51","34","15"
"2022","1","A","골목상권","2110500","남가좌동현대아파트","74","54","20","0","12","13","23","22","4","0","8","9","17","17","3","0","4","4","6","5","1"
"2022","1","A","골목상권","2110763","영등포구청역 2번","480","353","127","2","84","147","107","84","56","0","53","100","79","72","49","2","31","47","28","12","7"
"2022","1","R","전통시장","2130242","대림중앙 골목형상점가","68","21","47","0","4","14","21","24","5","0","1","6","5","5","4","0","3","8","16","19","1"
"2022","1","A","골목상권","2110778","구로디지털단지역 4번","1615","878","737","0","248","461","489","233","184","0","122","282","196","145","133","0","126","179","293","88","51"
"2022","1","A","골목상권","2110522","홍제역 3번","8","3","5","0","3","0","1","1","3","0","0","0","0","1","2","0","3","0","1","0","1"
"2022","1","A","골목상권","2110536","돈의문센트레빌아파트입구","141","105","36","0","12","23","61","32","13","0","7","17","50","21","10","0","5","6","11","11","3"
"2022","1","A","골목상권","2110355","삼양사거리역 2번","306","254","52","0","8","26","44","103","125","0","1","10","31","94","118","0","7","16","13","9","7"
"2022","1","A","골목상권","2110526","봉원사","241","122","119","1","21","43","58","58","60","1","8","22","26","28","37","0","13","21","32","30","23"
"2022","1","A","골목상권","2110366","광산사거리","91","64","27","0","17","20","17","22","15","0","13","13","11","16","11","0","4","7","6","6","4"
"2022","1","R","전통시장","2130005","세운상가가동","137","96","41","0","7","34","35","22","39","0","5","23","28","8","32","0","2","11","7","14","7"
"2022","1","A","골목상권","2110371","삼양입구사거리","49","23","26","0","2","7","10","19","11","0","0","3","5","10","5","0","2","4","5","9","6"
"2022","1","A","골목상권","2110332","돌곶이역 3번","164","63","101","0","28","29","42","47","18","0","6","18","19","14","6","0","22","11","23","33","12"
"2022","1","A","골목상권","2110286","한성대입구역 5번","978","468","510","17","187","284","317","122","51","8","70","126","143","83","38","9","117","158","174","39","13"
"2022","1","A","골목상권","2110306","미아초등학교","291","194","97","2","13","46","66","71","93","0","3","25","39","45","82","2","10","21","27","26","11"
"2022","1","A","골목상권","2110760","선유도역 6번","1792","1091","701","8","273","444","499","376","192","6","170","256","275","219","165","2","103","188","224","157","27"
"2022","1","A","골목상권","2110340","인수중학교","176","99","77","0","24","55","50","29","18","0","8","43","31","7","10","0","16","12","19","22","8"
"2022","1","A","골목상권","2110305","보문역 5번","883","661","222","3","165","255","173","133","154","1","99","199","129","103","130","2","66","56","44","30","24"
"2022","1","A","골목상권","2110307","길음역 7번","158","71","87","0","29","32","52","27","18","0","7","17","23","12","12","0","22","15","29","15","6"
"2022","1","R","전통시장","2130107","중랑동부시장(중랑교종합상가)","13","3","10","0","0","1","4","5","3","0","0","0","0","1","2","0","0","1","4","4","1"
"2022","1","A","골목상권","2110157","자양동우체국","1097","891","206","10","352","279","244","141","71","7","300","237","180","106","61","3","52","42","64","35","10"
"2022","1","A","골목상권","2110103","옥수터널","13","11","2","1","0","2","2","6","2","0","0","2","2","5","2","1","0","0","0","1","0"
"2022","1","A","골목상권","2110252","장안제일시장","712","505","207","1","64","101","159","195","192","1","42","73","87","131","171","0","22","28","72","64","21"
"2022","1","A","골목상권","2110152","중곡어린이공원","338","300","38","0","17","29","64","119","109","0","10","21","55","109","105","0","7","8","9","10","4"
"2022","1","D","발달상권","2120069","상봉역","932","597","335","6","147","258","263","151","107","4","102","158","163","99","71","2","45","100","100","52","36"
"2022","1","A","골목상권","2110105","금동어린이공원","43","20","23","0","1","9","12","12","9","0","0","3","3","8","6","0","1","6","9","4","3"
"2022","1","A","골목상권","2110135","성동세무서","355","182","173","0","41","69","96","66","83","0","7","34","41","34","66","0","34","35","55","32","17"
"2022","1","A","골목상권","2110138","송정체육공원","160","79","81","0","15","27","53","41","24","0","4","12","21","23","19","0","11","15","32","18","5"
"2022","1","A","골목상권","2110179","광나루역 1번","911","620","291","0","142","209","188","233","139","0","82","160","157","154","67","0","60","49","31","79","72"
"2022","1","A","골목상권","2110588","한겨레신문사","169","92","77","0","34","44","41","33","17","0","14","22","20","21","15","0","20","22","21","12","2"
"2022","1","A","골목상권","2110126","서울숲역 1번","27","18","9","0","0","7","2","12","6","0","0","6","0","7","5","0","0","1","2","5","1"
"2022","1","A","골목상권","2110119","마장지하차도","127","89","38","0","17","26","32","26","26","0","12","22","19","18","18","0","5","4","13","8","8"
"2022","1","A","골목상권","2110049","장충단 고개","2303","1240","1063","4","566","582","448","431","272","2","174","314","281","257","212","2","392","268","167","174","60"
"2022","1","A","골목상권","2110052","장충초등학교","484","281","203","0","43","100","132","130","79","0","16","63","75","82","45","0","27","37","57","48","34"
"2022","1","R","전통시장","2130035","방산종합시장(방산시장)","1190","736","454","1","96","200","284","312","297","0","56","117","154","191","218","1","40","83","130","121","79"
"2022","1","R","전통시장","2130043","제일평화시장","43","27","16","0","6","14","13","8","2","0","1","9","9","6","2","0","5","5","4","2","0"
"2022","1","R","전통시장","2130041","신평화패션타운(청계6가 지하도상가)","28","21","7","0","1","5","9","8","5","0","0","4","9","5","3","0","1","1","0","3","2"
"2022","1","A","골목상권","2110174","아차산역 1번","432","305","127","1","49","80","115","104","83","1","25","57","76","69","77","0","24","23","39","35","6"
"2022","1","A","골목상권","2110044","관성묘","405","300","105","0","50","135","145","51","24","0","24","90","125","44","17","0","26","45","20","7","7"
"2022","1","R","전통시장","2130022","숭례문수입상가(남대문시장)","1907","850","1057","0","330","855","598","113","11","0","55","378","338","70","9","0","275","477","260","43","2"
"2022","1","A","골목상권","2110139","자양4동주민센터","204","116","88","0","13","28","53","51","59","0","3","14","32","25","42","0","10","14","21","26","17"
"2022","1","R","전통시장","2130049","신당 미래유산 먹거리 골목형상점가","42","19","23","0","3","5","9","13","12","0","1","3","0","7","8","0","2","2","9","6","4"
"2022","1","R","전통시장","2130073","뚝도시장","45","17","28","1","3","10","9","11","11","0","0","2","4","5","6","1","3","8","5","6","5"
"2022","1","A","골목상권","2110140","건대입구역 6번","552","361","191","6","51","90","136","158","111","5","28","47","82","114","85","1","23","43","54","44","26"
"2022","1","A","골목상권","2110146","신자초등학교","735","531","204","0","50","79","208","276","122","0","25","44","156","209","97","0","25","35","52","67","25"
"2022","1","A","골목상권","2110409","창동역 2번","3957","2958","999","1","352","962","964","701","977","0","256","794","803","441","664","1","96","168","161","260","313"
"2022","1","D","발달상권","2120223","휘문고교사거리","9166","5574","3592","20","1785","2926","2736","1401","298","4","1102","2061","1597","609","201","16","683","865","1139","792","97"
"2022","1","A","골목상권","2110164","아차산역 5번","731","494","237","3","111","126","143","164","184","0","61","77","101","112","143","3","50","49","42","52","41"
"2022","1","D","발달상권","2120057","아차산역","2218","1220","998","52","412","432","503","468","351","19","236","257","289","206","213","33","176","175","214","262","138"
"2022","1","A","골목상권","2110237","메가박스 상봉","274","152","122","0","30","67","97","54","26","0","13","37","48","36","18","0","17","30","49","18","8"
"2022","1","A","골목상권","2110122","마장역 2번","464","271","193","1","60","88","117","113","85","1","32","59","68","61","50","0","28","29","49","52","35"
"2022","1","A","골목상권","2110762","선유도역 1번","3139","2286","853","6","392","669","739","809","524","4","217","459","529","629","448","2","175","210","210","180","76"
"2022","1","A","골목상권","2110345","솔밭공원역 2번","117","48","69","1","14","20","26","38","18","0","3","6","8","18","13","1","11","14","18","20","5"
"2022","1","A","골목상권","2110373","수유역 2번","891","705","186","0","129","255","172","236","99","0","90","208","134","205","68","0","39","47","38","31","31"
"2022","1","R","전통시장","2130120","돈암시장(돈암제일시장)","99","23","76","1","20","20","25","18","15","0","0","2","7","8","6","1","20","18","18","10","9"
"2022","1","A","골목상권","2110265","망우역 1번","198","91","107","1","23","43","54","57","20","0","7","18","21","32","13","1","16","25","33","25","7"
"2022","1","A","골목상권","2110156","군자역 5번","624","365","259","0","96","182","174","113","59","0","41","115","102","67","40","0","55","67","72","46","19"
"2022","1","D","발달상권","2120052","성수역","11387","7284","4103","23","2113","2900","2661","2238","1452","12","1170","1971","1783","1298","1050","11","943","929","878","940","402"
"2022","1","A","골목상권","2110056","신당역 3번","506","288","218","0","60","129","115","112","90","0","29","63","68","70","58","0","31","66","47","42","32"
"2022","1","A","골목상권","2111068","강동성심병원","1570","605","965","0","532","392","271","203","172","0","126","134","114","101","130","0","406","258","157","102","42"
"2022","1","A","골목상권","2111064","둔촌동역 4번","157","98","59","0","13","34","47","40","23","0","3","21","30","28","16","0","10","13","17","12","7"
"2022","1","A","골목상권","2111050","강동구청(강동구청역 2번)","131","96","35","0","21","14","21","32","43","0","12","5","12","27","40","0","9","9","9","5","3"
"2022","1","R","전통시장","2130318","로데오거리상점가","266","132","134","0","31","43","49","55","88","0","9","12","19","26","66","0","22","31","30","29","22"
"2022","1","A","골목상권","2111063","강동구립 천호도서관","368","182","186","0","25","44","81","85","133","0","5","15","21","30","111","0","20","29","60","55","22"
"2022","1","R","전통시장","2130322","고분다리전통시장","8","5","3","0","0","1","2","4","1","0","0","1","1","2","1","0","0","0","1","2","0"
"2022","1","A","골목상권","2111051","천호역 6번","407","252","155","2","65","80","90","88","82","1","44","56","58","47","46","1","21","24","32","41","36"
"2022","1","A","골목상권","2110183","한국의류시험연구원","833","441","392","3","237","305","147","75","66","1","87","160","79","58","56","2","150","145","68","17","10"
"2022","1","R","전통시장","2130089","청량리수산시장","42","33","9","0","4","7","16","6","9","0","3","7","12","4","7","0","1","0","4","2","2"
"2022","1","R","전통시장","2130315","문정동 로데오거리 상점가(문정동 로데오거리)","1372","808","564","6","313","289","260","251","253","3","118","168","164","145","210","3","195","121","96","106","43"
"2022","1","A","골목상권","2111016","송파역 2번","3803","1601","2202","15","1126","1104","801","601","156","8","407","533","427","165","61","7","719","571","374","436","95"
"2022","1","A","골목상권","2111009","송파책박물관","127","92","35","1","13","38","27","22","26","0","11","32","17","14","18","1","2","6","10","8","8"
"2022","1","A","골목상권","2111046","마천역(마천초등학교)","705","400","305","2","76","145","170","193","119","1","47","85","83","94","90","1","29","60","87","99","29"
"2022","1","A","골목상권","2111001","아래방죽마을공원(율현초등학교)","70","44","26","0","2","10","16","22","20","0","1","7","13","13","10","0","1","3","3","9","10"
"2022","1","D","발달상권","2120236","장지역(가든파이브)","4622","3221","1401","15","678","1056","1076","989","808","10","373","711","778","710","639","5","305","345","298","279","169"
"2022","1","A","골목상권","2111087","고덕중학교(고덕2동주민센터)","197","89","108","0","26","46","62","36","27","0","5","21","26","17","20","0","21","25","36","19","7"
"2022","1","A","골목상권","2110205","경희대삼거리","82","48","34","0","4","13","23","23","19","0","2","10","7","17","12","0","2","3","16","6","7"
"2022","1","A","골목상권","2111003","삼전역 4번","1991","1333","658","6","249","412","547","436","341","1","160","278","331","307","256","5","89","134","216","129","85"
"2022","1","A","골목상권","2111004","삼전역 1번","2036","1331","705","13","263","407","504","376","473","0","108","261","337","239","386","13","155","146","167","137","87"
"2022","1","D","발달상권","2120016","동대문역","193","120","73","1","10","27","45","44","66","0","6","14","20","31","49","1","4","13","25","13","17"
"2022","1","A","골목상권","2110926","신중초등학교","1610","1175","435","6","193","359","463","382","207","3","114","263","355","292","148","3","79","96","108","90","59"
"2022","1","A","골목상권","2110434","태릉입구역 4번","121","62","59","0","13","11","24","35","38","0","3","2","12","22","23","0","10","9","12","13","15"
"2022","1","A","골목상권","2110291","한성대입구역 3번","345","174","171","2","27","49","96","92","79","0","14","24","50","52","34","2","13","25","46","40","45"
"2022","1","A","골목상권","2110004","대신고등학교","32","14","18","0","3","4","8","14","3","0","1","0","3","8","2","0","2","4","5","6","1"
"2022","1","A","골목상권","2110184","용두사거리","423","215","208","0","81","138","75","77","52","0","39","51","34","51","40","0","42","87","41","26","12"
"2022","1","A","골목상권","2110232","동대부고","579","413","166","0","41","71","119","175","173","0","14","38","80","134","147","0","27","33","39","41","26"
"2022","1","D","발달상권","2120220","대치역","5578","3302","2276","26","1841","2261","972","319","159","2","769","1465","717","225","124","24","1072","796","255","94","35"
"2022","1","D","발달상권","2120232","송파나루역","1269","856","413","0","212","350","295","218","194","0","91","220","204","165","176","0","121","130","91","53","18"
"2022","1","A","골목상권","2111025","경찰병원역 3번","686","412","274","1","84","164","149","157","131","0","45","102","103","88","74","1","39","62","46","69","57"
"2022","1","A","골목상권","2110964","싸리고개근린공원","217","124","93","0","29","60","59","34","35","0","8","32","36","23","25","0","21","28","23","11","10"
"2022","1","A","골목상권","2110194","홍파초등학교","112","85","27","0","6","32","24","36","14","0","4","20","20","31","10","0","2","12","4","5","4"
"2022","1","A","골목상권","2110952","논현목련공원","117","65","52","0","21","23","27","22","24","0","9","13","13","14","16","0","12","10","14","8","8"
"2022","1","A","골목상권","2110947","청계산입구역 2번(내곡동주민센터)","121","48","73","0","19","18","29","21","34","0","9","9","15","7","8","0","10","9","14","14","26"
"2022","1","R","전통시장","2130302","강남시장(강남구 강남시장)","58","33","25","0","13","15","14","8","8","0","7","10","9","2","5","0","6","5","5","6","3"
"2022","1","A","골목상권","2110906","서문여고","683","362","321","2","217","106","119","106","133","0","59","58","72","62","111","2","158","48","47","44","22"
"2022","1","A","골목상권","2110910","내방역 5번","614","240","374","5","72","124","157","176","80","3","30","69","52","49","37","2","42","55","105","127","43"
"2022","1","A","골목상권","2110953","학동근린공원","2487","1583","904","15","679","891","571","218","113","0","336","572","409","180","86","15","343","319","162","38","27"
"2022","1","A","골목상권","2110909","남태령역(서울전자고등학교)","132","97","35","1","11","29","23","34","34","1","4","19","16","29","28","0","7","10","7","5","6"
"2022","1","D","발달상권","2120186","가로수길","6518","3580","2938","19","1316","2133","1570","895","585","5","447","1174","950","573","431","14","869","959","620","322","154"
"2022","1","A","골목상권","2110917","서초소방서","1505","939","566","6","157","432","402","355","153","2","72","281","295","181","108","4","85","151","107","174","45"
"2022","1","D","발달상권","2120167","고속터미널(고속터미널역)","5078","2994","2084","6","600","1311","1087","924","1150","5","318","915","786","488","482","1","282","396","301","436","668"
"2022","1","R","전통시장","2130267","본동인정시장(기능상실)","59","41","18","0","6","10","12","15","16","0","4","7","9","8","13","0","2","3","3","7","3"
"2022","1","D","발달상권","2120067","장안동사거리","2587","1169","1418","9","427","578","671","577","325","7","165","280","258","255","204","2","262","298","413","322","121"
"2022","1","A","골목상권","2110919","내방역 8번","1539","1126","413","3","142","311","413","419","251","1","60","179","331","354","201","2","82","132","82","65","50"
"2022","1","A","골목상권","2110823","신대방삼거리역 3번","472","242","230","0","30","45","83","121","193","0","17","26","40","42","117","0","13","19","43","79","76"
"2022","1","D","발달상권","2120147","보라매역","1981","1262","719","6","292","455","377","378","473","3","99","312","255","270","323","3","193","143","122","108","150"
"2022","1","A","골목상권","2110820","성남고등학교","3101","2470","631","1","651","742","555","991","161","0","438","581","448","879","124","1","213","161","107","112","37"
"2022","1","A","골목상권","2110845","사당종합체육관","119","51","68","0","9","17","39","36","18","0","5","8","19","9","10","0","4","9","20","27","8"
"2022","1","R","전통시장","2130261","성대전통시장(성대시장)","211","104","107","0","15","47","61","61","27","0","4","26","33","23","18","0","11","21","28","38","9"
"2022","1","A","골목상권","2110921","서울프랑스학교","522","321","201","7","63","71","118","142","121","2","30","43","82","90","74","5","33","28","36","52","47"
"2022","1","R","전통시장","2130263","신노량진시장(기능상실)","11","3","8","0","0","3","3","5","0","0","0","0","1","2","0","0","0","3","2","3","0"
"2022","1","D","발달상권","2120153","노량진역(노량진)","3699","1844","1855","10","521","1209","935","690","334","2","193","496","461","465","227","8","328","713","474","225","107"
"2022","1","A","골목상권","2110739","시흥3동 우편취급국","1558","585","973","1","167","288","537","525","40","0","50","153","224","133","25","1","117","135","313","392","15"
"2022","1","D","발달상권","2120179","양재역","21445","16961","4484","59","3105","7307","5206","3969","1799","34","2177","6101","4309","3030","1310","25","928","1206","897","939","489"
"2022","1","A","골목상권","2110735","말미고개","520","330","190","0","64","115","140","140","61","0","31","79","94","79","47","0","33","36","46","61","14"
"2022","1","A","골목상권","2110723","가산디지털단지역 1번 출입구","286","247","39","0","6","10","37","130","103","0","6","5","26","113","97","0","0","5","11","17","6"
"2022","1","A","골목상권","2110726","금천철쭉어린이공원(금하마을)","222","172","50","0","19","25","41","62","75","0","17","16","22","45","72","0","2","9","19","17","3"
"2022","1","A","골목상권","2110748","백산초등학교","102","64","38","0","6","19","21","26","30","0","2","9","11","22","20","0","4","10","10","4","10"
"2022","1","D","발달상권","2120123","오류동역","2120","1645","475","1","313","413","505","594","294","0","276","331","389","425","224","1","37","82","116","169","70"
"2022","1","A","골목상권","2110715","구로구민회관","93","64","29","0","13","15","30","27","8","0","5","11","20","21","7","0","8","4","10","6","1"
"2022","1","A","골목상권","2110704","고척중학교","62","36","26","0","12","23","10","12","5","0","7","12","3","11","3","0","5","11","7","1","2"
"2022","1","D","발달상권","2120171","서초3동사거리","11750","6206","5544","15","1990","3845","2551","1862","1487","6","827","1746","1496","1064","1067","9","1163","2099","1055","798","420"
"2022","1","R","전통시장","2130229","남구로시장","249","139","110","1","16","53","61","62","56","0","7","30","31","32","39","1","9","23","30","30","17"
"2022","1","D","발달상권","2120127","구로구청","5918","3878","2040","6","614","1229","1440","1444","1185","5","365","976","1050","808","674","1","249","253","390","636","511"
"2022","1","A","골목상권","2110642","정곡초등학교","193","163","30","2","8","14","35","69","65","1","4","10","30","58","60","1","4","4","5","11","5"
"2022","1","A","골목상권","2110652","양천향교역 2번","643","483","160","0","70","131","146","169","127","0","32","102","104","139","106","0","38","29","42","30","21"
"2022","1","A","골목상권","2110700","고척초등학교","3249","2648","601","3","209","680","974","1176","207","2","119","533","803","1021","170","1","90","147","171","155","37"
"2022","1","A","골목상권","2110650","우장산힐스테이트","146","118","28","0","24","30","52","21","19","0","15","25","43","18","17","0","9","5","9","3","2"
"2022","1","A","골목상권","2110667","가양역 10번","177","126","51","0","33","32","56","36","20","0","21","20","38","29","18","0","12","12","18","7","2"
"2022","1","A","골목상권","2110666","KC대학교","257","131","126","0","26","51","66","72","42","0","16","23","31","26","35","0","10","28","35","46","7"
"2022","1","D","발달상권","2120122","강서구청","2137","1208","929","4","308","444","489","437","455","2","103","218","267","256","362","2","205","226","222","181","93"
"2022","1","R","전통시장","2130219","까치산시장","124","37","87","0","16","18","39","32","19","0","4","6","9","9","9","0","12","12","30","23","10"
"2022","1","A","골목상권","2110674","강서구청가양동별관","491","327","164","1","69","102","106","109","104","1","54","78","63","51","80","0","15","24","43","58","24"
"2022","1","D","발달상권","2120124","개봉동 현대아파트","461","205","256","0","63","89","119","82","108","0","18","26","49","43","69","0","45","63","70","39","39"
"2022","1","A","골목상권","2110636","방화역 2번","152","76","76","1","25","49","41","21","15","0","9","26","27","4","10","1","16","23","14","17","5"
"2022","1","A","골목상권","2110630","공항시장역 1번","1472","1008","464","0","157","294","298","328","395","0","67","180","202","240","319","0","90","114","96","88","76"
"2022","1","A","골목상권","2110634","송정역 3번","664","434","230","0","64","143","178","145","134","0","33","90","116","101","94","0","31","53","62","44","40"
"2022","1","A","골목상권","2110190","고대앞사거리","195","92","103","0","22","34","34","45","60","0","4","18","22","19","29","0","18","16","12","26","31"
"2022","1","A","골목상권","2110035","동묘앞역 2번","276","161","115","2","18","43","75","88","50","0","5","18","42","65","31","2","13","25","33","23","19"
"2022","1","R","전통시장","2130201","월정로시장","27","17","10","0","2","8","10","7","0","0","0","7","6","4","0","0","2","1","4","3","0"
"2022","1","D","발달상권","2120109","서울남부지방법원","608","342","266","2","56","104","110","170","166","1","18","40","50","104","129","1","38","64","60","66","37"
"2022","1","R","전통시장","2130210","목2동시장","432","251","181","1","66","124","122","71","48","1","40","69","70","39","32","0","26","55","52","32","16"
"2022","1","D","발달상권","2120114","목동신시가지","13614","9392","4222","46","2086","3824","3484","2915","1259","29","1130","2623","2555","2209","846","17","956","1201","929","706","413"
"2022","1","R","전통시장","2130168","연서시장","242","157","85","0","19","50","53","65","55","0","5","23","33","49","47","0","14","27","20","16","8"
"2022","1","A","골목상권","2110474","세명컴퓨터고등학교","196","68","128","0","12","41","40","59","44","0","3","19","15","11","20","0","9","22","25","48","24"
"2022","1","A","골목상권","2110602","신월시영아파트중문","644","574","70","1","7","22","68","238","308","0","4","13","52","214","291","1","3","9","16","24","17"
"2022","1","R","전통시장","2130224","개봉프라자(고척근린시장)","5","4","1","0","0","0","1","2","2","0","0","0","1","1","2","0","0","0","0","1","0"
"2022","1","R","전통시장","2130167","연신내상점가(연빛거리)","636","239","397","1","144","143","157","120","71","1","31","52","57","53","45","0","113","91","100","67","26"
"2022","1","R","전통시장","2130171","불광먹자골목 골목형상점가","155","54","101","0","18","31","24","37","45","0","4","9","11","16","14","0","14","22","13","21","31"
"2022","1","A","골목상권","2110487","불광역 8번","63","35","28","0","11","22","15","8","7","0","6","11","7","8","3","0","5","11","8","0","4"
"2022","1","A","골목상권","2110483","연천초등학교","147","90","57","0","13","21","45","22","46","0","5","11","31","13","30","0","8","10","14","9","16"
"2022","1","A","골목상권","2110450","시립서북병원","1576","644","932","4","301","361","344","339","227","2","124","172","146","108","92","2","177","189","198","231","135"
"2022","1","D","발달상권","2120089","구파발역","1","0","1","0","0","0","1","0","0","0","0","0","0","0","0","0","0","0","1","0","0"
"2022","1","A","골목상권","2110451","증산역 4번","1296","986","310","2","153","384","374","298","85","2","78","294","312","235","65","0","75","90","62","63","20"
"2022","1","A","골목상권","2110855","신대방역 2번","429","275","154","2","53","111","126","90","47","0","22","81","83","55","34","2","31","30","43","35","13"
"2022","1","A","골목상권","2110303","성신여대입구역 1번","138","97","41","1","7","35","44","27","24","0","2","22","28","25","20","1","5","13","16","2","4"
"2022","1","A","골목상권","2110036","동묘앞역 3번","65","42","23","0","3","7","20","15","20","0","1","3","10","13","15","0","2","4","10","2","5"
"2022","1","A","골목상권","2110790","대림1동주민센터","739","336","403","1","74","163","280","161","60","1","46","71","88","77","53","0","28","92","192","84","7"
"2022","1","A","골목상권","2110249","중화역 1번","783","496","287","0","71","131","213","207","161","0","34","62","112","143","145","0","37","69","101","64","16"
"2022","1","R","전통시장","2130036","중부시장(신중부시장)","3089","921","2168","8","1868","593","250","198","172","3","316","189","171","120","122","5","1552","404","79","78","50"
"2022","1","A","골목상권","2110195","동대문구청","221","115","106","0","41","58","47","40","35","0","12","28","23","27","25","0","29","30","24","13","10"
"2022","1","R","전통시장","2130086","서울약령시장","1184","651","533","4","113","208","305","341","213","0","56","128","165","181","121","4","57","80","140","160","92"
"2022","1","A","골목상권","2110931","삼성전자서울R&D(서울우면초등학교)","100","51","49","0","37","31","18","7","7","0","12","16","10","7","6","0","25","15","8","0","1"
"2022","1","A","골목상권","2110431","상계역","124","72","52","1","16","24","28","37","18","0","2","13","17","27","13","1","14","11","11","10","5"
"2022","1","A","골목상권","2110489","불광역 3번","35","25","10","0","3","7","10","10","5","0","3","4","7","6","5","0","0","3","3","4","0"
"2022","1","A","골목상권","2110435","서울과학기술대","73","40","33","0","5","12","18","25","13","0","3","4","8","14","11","0","2","8","10","11","2"
"2022","1","R","전통시장","2130088","경동시장","126","57","69","0","18","32","24","17","35","0","3","11","11","10","22","0","15","21","13","7","13"
"2022","1","R","전통시장","2130153","창동역상점가","229","138","91","0","18","48","54","56","53","0","7","31","30","31","39","0","11","17","24","25","14"
"2022","1","R","전통시장","2130100","답십리시장","93","40","53","2","19","25","23","11","13","2","4","9","11","6","8","0","15","16","12","5","5"
"2022","1","R","전통시장","2130206","신정3동 골목시장","20","6","14","0","0","5","11","2","2","0","0","0","3","1","2","0","0","5","8","1","0"
"2022","1","D","발달상권","2120082","상계백병원","426","148","278","0","85","102","118","82","39","0","21","24","39","43","21","0","64","78","79","39","18"
"2022","1","R","전통시장","2130020","동묘시장(동묘벼룩시장)","407","177","230","5","154","93","73","58","24","5","43","31","45","32","21","0","111","62","28","26","3"
"2022","1","A","골목상권","2110969","베르사이유1아파트","1546","1230","316","4","231","442","483","285","101","2","165","345","402","239","77","2","66","97","81","46","24"
"2022","1","A","골목상권","2110977","논현로18길","148","102","46","0","22","32","45","29","20","0","14","20","33","20","15","0","8","12","12","9","5"
"2022","1","R","전통시장","2130308","청담삼익시장","48","30","18","0","5","11","13","7","12","0","3","6","8","4","9","0","2","5","5","3","3"
"2022","1","D","발달상권","2120201","도곡1동","11559","6387","5172","116","3565","3472","2482","1299","625","31","1365","2021","1730","754","486","85","2200","1451","752","545","139"
"2022","1","A","골목상권","2110410","방학역 2번","957","833","124","3","75","187","185","224","283","2","61","162","154","194","260","1","14","25","31","30","23"
"2022","1","A","골목상권","2110874","원신초등학교(구세군관악영문교회)","46","15","31","1","4","19","7","12","3","1","1","3","3","6","1","0","3","16","4","6","2"
"2022","1","R","전통시장","2130282","난곡 골목형상점가","20","8","12","0","4","2","10","4","0","0","2","1","4","1","0","0","2","1","6","3","0"
"2022","1","R","전통시장","2130289","봉일시장","36","20","16","1","1","2","5","14","13","0","0","1","5","3","11","1","1","1","0","11","2"
"2022","1","A","골목상권","2110772","신우어린이공원","94","55","39","0","9","15","22","26","22","0","5","8","12","19","11","0","4","7","10","7","11"
"2022","1","A","골목상권","2110864","신림우방아파트","236","161","75","0","31","48","53","60","44","0","21","31","37","43","29","0","10","17","16","17","15"
"2022","1","R","전통시장","2130285","서원동상점가","615","316","299","4","28","56","85","160","282","1","17","38","45","60","155","3","11","18","40","100","127"
"2022","1","R","전통시장","2130259","대신시장","12","9","3","0","1","0","5","2","4","0","1","0","3","2","3","0","0","0","2","0","1"
"2022","1","A","골목상권","2110756","문래중학교","275","179","96","0","48","79","78","35","35","0","21","58","52","21","27","0","27","21","26","14","8"
"2022","1","D","발달상권","2120159","서울대입구역","1430","763","667","12","289","320","321","238","250","6","116","164","174","133","170","6","173","156","147","105","80"
"2022","1","A","골목상권","2110563","상수역 3번","355","274","81","12","83","130","78","23","29","10","63","101","61","16","23","2","20","29","17","7","6"
"2022","1","R","전통시장","2130186","망원시장","178","84","94","0","16","30","47","50","35","0","13","19","20","17","15","0","3","11","27","33","20"
"2022","1","D","발달상권","2120138","당산2동(영등포우체국)","2754","1653","1101","23","745","579","479","488","440","15","395","347","312","309","275","8","350","232","167","179","165"
"2022","1","A","골목상권","2110578","대흥역 2번","2091","1413","678","2","213","337","391","638","510","1","80","225","309","452","346","1","133","112","82","186","164"
"2022","1","R","전통시장","2130175","신촌 상인회(신촌상점가)","13","5","8","0","1","3","5","4","0","0","1","0","1","3","0","0","0","3","4","1","0"
"2022","1","A","골목상권","2110565","홍익대","107","64","43","0","16","32","34","19","6","0","8","15","23","13","5","0","8","17","11","6","1"
"2022","1","A","골목상권","2110551","성서초등학교","803","387","416","1","110","164","235","172","121","1","42","90","114","81","59","0","68","74","121","91","62"
"2022","1","A","골목상권","2110496","모래내우체국","611","333","278","2","88","190","160","89","82","2","20","100","117","42","52","0","68","90","43","47","30"
"2022","1","A","골목상권","2110514","서대문우체국","86","19","67","0","26","26","17","9","8","0","0","4","7","4","4","0","26","22","10","5","4"
"2022","1","A","골목상권","2110502","남가좌파출소","290","147","143","0","29","34","73","92","62","0","14","16","35","47","35","0","15","18","38","45","27"
"2022","1","A","골목상권","2110757","양평역 2번","1501","1114","387","1","111","230","356","424","379","0","51","176","286","314","287","1","60","54","70","110","92"
"2022","1","R","전통시장","2130185","망원월드컵시장","190","123","67","1","26","69","53","25","16","1","14","43","35","16","14","0","12","26","18","9","2"
"2022","1","A","골목상권","2110562","연트럴파크(연남동주민센터)","426","237","189","1","73","118","96","94","44","1","29","76","55","44","32","0","44","42","41","50","12"
"2022","1","A","골목상권","2110495","북가좌2동주민센터","501","372","129","0","28","67","125","185","96","0","11","45","88","152","76","0","17","22","37","33","20"
"2022","1","R","전통시장","2130129","장미원골목시장","911","571","340","0","15","14","38","89","755","0","1","4","12","40","514","0","14","10","26","49","241"
"2022","1","A","골목상권","2110530","아현역 1번","36","20","16","0","5","5","7","15","4","0","2","5","4","6","3","0","3","0","3","9","1"
"2022","1","A","골목상권","2110372","강북중학교","188","100","88","0","21","43","50","48","26","0","17","25","18","20","20","0","4","18","32","28","6"
"2022","1","A","골목상권","2110359","수유시장옆","117","67","50","0","12","25","33","36","11","0","3","12","16","29","7","0","9","13","17","7","4"
"2022","1","A","골목상권","2110349","화계역 2번","83","67","16","0","6","4","21","33","19","0","5","3","12","28","19","0","1","1","9","5","0"
"2022","1","A","골목상권","2110283","성북초등학교앞","203","78","125","0","16","33","56","80","18","0","8","10","23","27","10","0","8","23","33","53","8"
"2022","1","D","발달상권","2120075","월곡역","369","213","156","1","40","86","97","67","78","0","17","48","54","44","50","1","23","38","43","23","28"
"2022","1","A","골목상권","2110320","KB국민은행 종암동지점","72","44","28","0","2","11","24","21","14","0","1","5","12","14","12","0","1","6","12","7","2"
"2022","1","A","골목상권","2110343","무너미어린이공원","100","74","26","0","7","21","28","32","12","0","4","14","22","25","9","0","3","7","6","7","3"
"2022","1","A","골목상권","2110493","북가좌초등학교","892","830","62","0","2","19","27","80","764","0","0","12","22","68","728","0","2","7","5","12","36"
"2022","1","A","골목상권","2110989","대치동아우편취급국","444","270","174","9","90","148","75","68","54","0","43","102","43","44","38","9","47","46","32","24","16"
"2022","1","A","골목상권","2110330","돌곶이역 1번","220","172","48","0","12","18","33","31","126","0","4","12","20","23","113","0","8","6","13","8","13"
"2022","1","A","골목상권","2110566","경의선책거리","1690","934","756","2","359","547","406","290","86","1","137","328","252","157","59","1","222","219","154","133","27"
"2022","1","A","골목상권","2110264","면목역 2번","358","170","188","1","52","75","93","80","57","0","21","40","40","37","32","1","31","35","53","43","25"
"2022","1","A","골목상권","2110356","덕수교","228","114","114","0","13","34","55","60","66","0","4","17","22","30","41","0","9","17","33","30","25"
"2022","1","A","골목상권","2110233","중랑역 1번","142","46","96","1","23","27","50","35","6","1","6","7","16","11","5","0","17","20","34","24","1"
"2022","1","A","골목상권","2110168","대원고등학교","688","531","157","0","66","102","139","225","156","0","38","73","103","173","144","0","28","29","36","52","12"
"2022","1","A","골목상권","2110243","중랑노인종합복지관","317","126","191","1","32","51","76","111","46","0","7","22","39","36","22","1","25","29","37","75","24"
"2022","1","A","골목상권","2110145","장안초등학교","7","4","3","0","0","1","2","3","1","0","0","0","1","3","0","0","0","1","1","0","1"
"2022","1","R","전통시장","2130063","신금호역 골목형상점가","30","21","9","0","2","4","5","9","10","0","1","3","4","7","6","0","1","1","1","2","4"
"2022","1","A","골목상권","2110143","뚝섬유원지역 1번","63","26","37","1","5","15","12","20","10","1","0","3","7","7","8","0","5","12","5","13","2"
"2022","1","R","전통시장","2130071","성수역 골목형상점가","335","180","155","1","61","89","70","43","71","0","27","43","43","29","38","1","34","46","27","14","33"
"2022","1","A","골목상권","2110144","어린이대공원역 4번","47","23","24","0","5","4","13","16","9","0","1","1","7","8","6","0","4","3","6","8","3"
"2022","1","D","발달상권","2120008","인사동","22070","13019","9051","1263","7895","5069","3940","2756","1147","589","4005","3077","2666","2006","676","674","3890","1992","1274","750","471"
"2022","1","A","골목상권","2110046","버티고개","106","76","30","0","6","23","41","28","8","0","3","17","29","20","7","0","3","6","12","8","1"
"2022","1","R","전통시장","2130046","team204(팀204)","20","13","7","0","1","3","4","2","10","0","0","2","3","1","7","0","1","1","1","1","3"
"2022","1","A","골목상권","2110147","능동우편취급국","815","464","351","4","120","172","160","137","222","2","56","88","104","77","137","2","64","84","56","60","85"
"2022","1","R","전통시장","2130058","이촌종합시장","109","78","31","0","13","19","25","26","26","0","7","12","15","21","23","0","6","7","10","5","3"
"2022","1","R","전통시장","2130034","필동 골목형상점가","14","7","7","0","2","4","5","2","1","0","1","2","2","2","0","0","1","2","3","0","1"
"2022","1","D","발달상권","2120025","롯데백화점(시청광장 지하쇼핑센터)","22641","6272","16369","229","12750","7002","1623","944","93","71","3075","2028","779","248","71","158","9675","4974","844","696","22"
"2022","1","D","발달상권","2120019","경찰청앞교차로","5958","3146","2812","26","1051","2221","1625","793","242","8","274","1044","982","619","219","18","777","1177","643","174","23"
"2022","1","R","전통시장","2130025","삼익패션타운(남대문시장)","5494","2675","2819","69","1760","1561","1124","794","186","31","674","837","763","292","78","38","1086","724","361","502","108"
"2022","1","R","전통시장","2130087","경동광성상가(경동시장)","28","20","8","0","5","3","8","7","5","0","3","2","6","5","4","0","2","1","2","2","1"
"2022","1","A","골목상권","2110011","청운초등학교","263","188","75","0","21","105","79","43","15","0","21","95","44","16","12","0","0","10","35","27","3"
"2022","1","A","골목상권","2110025","충신시장옆","213","129","84","2","17","46","63","56","29","0","6","23","43","33","24","2","11","23","20","23","5"
"2022","1","A","골목상권","2110109","금호삼성래미안아파트","92","39","53","0","7","10","12","42","21","0","2","6","3","15","13","0","5","4","9","27","8"
"2022","1","A","골목상권","2110192","동의보감타워","70","45","25","0","7","10","25","16","12","0","2","6","17","10","10","0","5","4","8","6","2"
"2022","1","R","전통시장","2130012","동대문종합시장(동대문종합시장 신관, 동대문종합시장D동상가)","1319","965","354","2","156","325","348","339","149","0","116","251","238","247","113","2","40","74","110","92","36"
"2022","1","A","골목상권","2110112","행당역 2번","205","100","105","0","37","37","36","53","42","0","14","19","15","26","26","0","23","18","21","27","16"
"2022","1","D","발달상권","2120047","한남오거리","2290","1458","832","11","366","751","623","343","196","9","152","461","438","249","149","2","214","290","185","94","47"
"2022","1","A","골목상권","2110971","선정릉역 4번","1542","900","642","11","278","455","380","254","164","6","140","270","245","120","119","5","138","185","135","134","45"
"2022","1","A","골목상권","2110872","신림초등학교","277","195","82","3","54","68","69","53","30","3","36","54","54","41","7","0","18","14","15","12","23"
"2022","1","R","전통시장","2130255","영등포전통시장","45","29","16","0","1","7","5","10","22","0","1","5","3","4","16","0","0","2","2","6","6"
"2022","1","A","골목상권","2110766","대림역 5번","360","205","155","0","30","82","85","99","64","0","15","54","42","56","38","0","15","28","43","43","26"
"2022","1","A","골목상권","2110811","보라매역 4번","187","94","93","0","22","41","49","52","23","0","8","22","18","27","19","0","14","19","31","25","4"
"2022","1","A","골목상권","2110583","공덕래미안3차아파트","316","164","152","0","44","98","102","57","15","0","7","54","60","35","8","0","37","44","42","22","7"
"2022","1","D","발달상권","2120158","녹두거리(대학동)","695","550","145","2","31","73","200","279","110","0","7","41","163","241","98","2","24","32","37","38","12"
"2022","1","A","골목상권","2110507","명지대학교","1537","1156","381","29","392","636","318","129","33","26","257","481","282","83","27","3","135","155","36","46","6"
"2022","1","A","골목상권","2110323","상월곡역 1번","109","30","79","2","25","24","28","18","12","0","4","5","11","5","5","2","21","19","17","13","7"
"2022","1","R","전통시장","2130082","면곡골목시장","20","11","9","0","4","0","1","9","6","0","4","0","0","3","4","0","0","0","1","6","2"
"2022","1","A","골목상권","2110170","동대부여고","189","105","84","1","35","39","58","39","17","0","16","16","35","26","12","1","19","23","23","13","5"
"2022","1","A","골목상권","2110072","열정도","374","244","130","6","108","96","78","51","35","0","51","71","62","37","23","6","57","25","16","14","12"
"2022","1","A","골목상권","2110064","효창공원앞역 2번","925","527","398","2","126","275","263","160","99","1","49","160","162","88","67","1","77","115","101","72","32"
"2022","1","R","전통시장","2130051","동화동 골목형상점가","391","156","235","1","82","94","98","66","50","1","18","25","43","36","33","0","64","69","55","30","17"
"2022","1","A","골목상권","2110073","삼각지역 3번","7916","2353","5563","56","2498","2872","1896","491","103","25","856","912","415","109","36","31","1642","1960","1481","382","67"
"2022","1","A","골목상권","2110042","남산골공원옆","994","621","373","3","121","221","287","251","111","0","43","127","198","179","74","3","78","94","89","72","37"
"2022","1","A","골목상권","2110065","남정초등학교","137","92","45","0","17","45","48","17","10","0","9","37","31","10","5","0","8","8","17","7","5"
"2022","1","A","골목상권","2110084","경리단길북측","315","168","147","0","47","85","84","57","42","0","23","36","39","36","34","0","24","49","45","21","8"
"2022","1","R","전통시장","2130321","장신구 특화거리 상점가","433","269","164","0","92","114","88","92","47","0","43","72","56","61","37","0","49","42","32","31","10"
"2022","1","A","골목상권","2111070","천호초등학교","127","73","54","1","7","23","40","28","28","0","3","10","23","17","20","1","4","13","17","11","8"
"2022","1","A","골목상권","2111075","굽은다리역 2번","192","115","77","0","14","42","52","54","30","0","14","28","24","33","16","0","0","14","28","21","14"
"2022","1","D","발달상권","2120244","암사역","916","401","515","0","70","85","103","111","547","0","14","44","49","42","252","0","56","41","54","69","295"
"2022","1","D","발달상권","2120107","공덕역(공덕오거리)","13077","7619","5458","43","2471","3470","3552","3026","515","9","1021","2002","2300","1900","387","34","1450","1468","1252","1126","128"
"2022","1","A","골목상권","2110015","청와대사랑채","578","345","233","0","64","147","166","126","75","0","16","63","110","91","65","0","48","84","56","35","10"
"2022","1","A","골목상권","2111029","오금역 4번","427","314","113","3","71","108","91","79","75","1","51","81","67","55","59","2","20","27","24","24","16"
"2022","1","R","전통시장","2130312","석촌시장","619","270","349","1","20","40","81","170","307","1","9","23","43","41","153","0","11","17","38","129","154"
"2022","1","A","골목상권","2110413","누원고등학교","54","33","21","0","8","11","12","11","12","0","5","8","5","5","10","0","3","3","7","6","2"
"2022","1","R","전통시장","2130316","마천시장","18","9","9","0","3","3","2","10","0","0","2","2","2","3","0","0","1","1","0","7","0"
"2022","1","A","골목상권","2111066","암사동성당(효정하나플러스아파트)","395","235","160","3","40","95","100","106","51","0","9","46","65","84","31","3","31","49","35","22","20"
"2022","1","D","발달상권","2120241","거여역","1197","650","547","5","110","221","296","277","288","2","80","152","161","83","172","3","30","69","135","194","116"
"2022","1","A","골목상권","2110224","외대앞역 2번","95","39","56","0","9","14","16","27","29","0","2","4","9","15","9","0","7","10","7","12","20"
"2022","1","D","발달상권","2120225","잠실새내역(신천)","5750","3738","2012","25","929","1190","1248","1210","1148","3","467","728","831","853","856","22","462","462","417","357","292"
"2022","1","R","전통시장","2130146","쌍문시장(쌍문역골목시장)","263","124","139","0","29","33","54","80","67","0","10","12","28","32","42","0","19","21","26","48","25"
"2022","1","A","골목상권","2110223","군자초등학교","94","56","38","0","13","17","26","24","14","0","4","10","17","15","10","0","9","7","9","9","4"
"2022","1","D","발달상권","2120017","동묘앞역(동묘)","626","149","477","0","62","124","251","120","69","0","7","33","35","27","47","0","55","91","216","93","22"
"2022","1","D","발달상권","2120081","노원역","1552","508","1044","9","369","295","343","307","229","2","66","87","125","121","107","7","303","208","218","186","122"
"2022","1","A","골목상권","2110297","경동고등학교","654","311","343","0","74","123","156","164","137","0","31","65","74","79","62","0","43","58","82","85","75"
"2022","1","A","골목상권","2110532","아현역 2번","330","205","125","0","52","33","48","78","119","0","17","13","23","57","95","0","35","20","25","21","24"
"2022","1","A","골목상권","2111015","석촌역 3번","1352","778","574","1","151","315","350","351","184","1","72","199","216","181","109","0","79","116","134","170","75"
"2022","1","A","골목상권","2111013","송파나루역 1번(송리단길)","2234","1456","778","8","320","568","650","435","253","3","160","384","445","290","174","5","160","184","205","145","79"
"2022","1","A","골목상권","2111031","장지동주민센터(한림연예예술고교)","3127","2317","810","8","263","415","651","857","933","2","170","330","497","648","670","6","93","85","154","209","263"
"2022","1","R","전통시장","2130305","논현종합시장","85","43","42","0","21","14","14","19","17","0","7","7","6","14","9","0","14","7","8","5","8"
"2022","1","A","골목상권","2110983","국립국악고등학교","783","534","249","6","126","212","125","145","169","2","44","137","94","111","146","4","82","75","31","34","23"
"2022","1","D","발달상권","2120240","개롱역","1609","1102","507","7","212","314","404","431","241","5","125","230","269","295","178","2","87","84","135","136","63"
"2022","1","A","골목상권","2110914","내방역 6번","146","116","30","0","26","31","37","26","26","0","17","26","26","24","23","0","9","5","11","2","3"
"2022","1","A","골목상권","2110437","당고개역 2번","116","40","76","0","16","23","25","41","11","0","5","11","9","10","5","0","11","12","16","31","6"
"2022","1","A","골목상권","2111018","풍납초등학교(풍납백제문화공원)","26","23","3","0","1","5","10","6","4","0","1","4","8","6","4","0","0","1","2","0","0"
"2022","1","A","골목상권","2110974","언주중학교","292","179","113","3","60","72","89","44","24","3","27","43","62","28","16","0","33","29","27","16","8"
"2022","1","R","전통시장","2130296","남부종합시장","85","63","22","0","2","8","25","35","15","0","1","8","16","24","14","0","1","0","9","11","1"
"2022","1","A","골목상권","2110912","방배동사이길","210","128","82","3","33","45","53","42","34","2","16","27","39","21","23","1","17","18","14","21","11"
"2022","1","A","골목상권","2110907","방배초등학교","878","506","372","8","144","197","239","157","133","5","66","109","122","99","105","3","78","88","117","58","28"
"2022","1","A","골목상권","2110928","서초우방유쉘아파트","596","491","105","1","57","109","125","205","99","1","29","76","109","190","86","0","28","33","16","15","13"
"2022","1","A","골목상권","2110840","중앙대학교","165","92","73","0","24","22","52","43","24","0","12","12","32","21","15","0","12","10","20","22","9"
"2022","1","R","전통시장","2130260","신대방1동골목상권","70","31","39","0","8","22","15","15","10","0","0","7","7","10","7","0","8","15","8","5","3"
"2022","1","R","전통시장","2130272","사당시장","45","20","25","0","4","6","10","11","14","0","0","1","4","6","9","0","4","5","6","5","5"
"2022","1","A","골목상권","2110848","양지어린이공원","486","307","179","0","36","68","152","132","98","0","6","39","85","93","84","0","30","29","67","39","14"
"2022","1","A","골목상권","2110827","NH농협은행 상도동지점","262","93","169","0","39","51","73","65","34","0","11","18","20","28","16","0","28","33","53","37","18"
"2022","1","A","골목상권","2110836","상도역 5번","3057","1846","1211","9","550","798","701","647","352","2","238","486","453","447","220","7","312","312","248","200","132"
"2022","1","D","발달상권","2120174","논현역 5번","682","380","302","6","108","196","155","95","122","4","39","108","90","59","80","2","69","88","65","36","42"
"2022","1","R","전통시장","2130237","박미시장(기능상실)","39","26","13","0","1","6","11","9","12","0","0","2","7","8","9","0","1","4","4","1","3"
"2022","1","A","골목상권","2110731","금천구청역 1번 출입구","1041","563","478","7","306","383","206","96","43","2","149","229","102","55","26","5","157","154","104","41","17"
"2022","1","A","골목상권","2110749","금산초등학교(금천고등학교)","448","273","175","0","61","105","110","121","51","0","33","67","55","82","36","0","28","38","55","39","15"
"2022","1","D","발달상권","2120176","논현역 4번","893","566","327","1","130","216","195","168","183","1","67","126","129","106","137","0","63","90","66","62","46"
"2022","1","R","전통시장","2130271","남성역골목시장","467","268","199","1","36","33","39","47","311","1","12","20","22","16","197","0","24","13","17","31","114"
"2022","1","A","골목상권","2110849","이수역 10번","220","130","90","1","37","52","58","40","32","0","12","33","34","25","26","1","25","19","24","15","6"
"2022","1","A","골목상권","2110737","금천세무서","506","324","182","8","78","85","96","117","122","0","28","49","51","91","105","8","50","36","45","26","17"
"2022","1","A","골목상권","2110978","도곡2동주민센터(대치중학교)","331","186","145","0","46","70","72","114","29","0","20","41","47","62","16","0","26","29","25","52","13"
"2022","1","R","전통시장","2130238","은행나무시장","113","71","42","0","22","24","31","22","14","0","13","16","22","14","6","0","9","8","9","8","8"
"2022","1","R","전통시장","2130222","오류시장","132","21","111","0","10","26","46","43","7","0","5","1","4","5","6","0","5","25","42","38","1"
"2022","1","A","골목상권","2110688","오류지구대","171","60","111","1","18","20","40","59","33","0","7","11","15","19","8","1","11","9","25","40","25"
"2022","1","A","골목상권","2110686","수궁동주민센터","490","245","245","2","50","83","135","127","93","2","25","37","72","61","48","0","25","46","63","66","45"
"2022","1","A","골목상권","2110721","가리봉파출소","215","104","111","1","6","36","42","42","88","0","2","19","17","22","44","1","4","17","25","20","44"
"2022","1","A","골목상권","2110698","개웅초등학교(개웅중학교)","279","178","101","3","50","50","54","65","57","3","25","32","32","40","46","0","25","18","22","25","11"
"2022","1","A","골목상권","2110718","한국SGI본부","1614","1061","553","3","308","462","397","336","108","3","167","313","292","220","66","0","141","149","105","116","42"
"2022","1","D","발달상권","2120131","가산디지털단지","81100","53404","27696","289","16340","25683","20119","11582","7087","184","8639","17229","14518","7692","5142","105","7701","8454","5601","3890","1945"
"2022","1","D","발달상권","2120187","신논현역","13076","7778","5298","64","3624","3962","2984","1673","769","27","1516","2302","2121","1247","565","37","2108","1660","863","426","204"
"2022","1","D","발달상권","2120125","구로역","9291","6324","2967","24","1029","2136","2412","2271","1419","12","581","1466","1596","1572","1097","12","448","670","816","699","322"
"2022","1","A","골목상권","2110653","화곡역 2번","910","490","420","1","191","271","239","169","39","0","79","136","119","134","22","1","112","135","120","35","17"
"2022","1","A","골목상권","2110860","호림박물관(성보고등학교)","410","314","96","1","57","102","66","110","74","1","44","84","47","78","60","0","13","18","19","32","14"
"2022","1","D","발달상권","2120020","시청역_1번","10375","7489","2886","40","2120","3185","2952","1721","357","21","1118","2220","2480","1370","280","19","1002","965","472","351","77"
"2022","1","A","골목상권","2110629","송정역 4번","190","107","83","0","26","52","54","35","23","0","9","34","28","24","12","0","17","18","26","11","11"
"2022","1","R","전통시장","2130227","고척골목시장상점가(그라운드 고척)","97","68","29","0","8","22","36","23","8","0","4","13","26","19","6","0","4","9","10","4","2"
"2022","1","A","골목상권","2110656","까치산역 3번","838","498","340","13","89","209","253","192","82","12","52","128","154","93","59","1","37","81","99","99","23"
"2022","1","A","골목상권","2110663","우장산롯데캐슬아파트앞","316","232","84","0","7","25","59","116","109","0","3","18","30","84","97","0","4","7","29","32","12"
"2022","1","D","발달상권","2120120","화곡역","927","405","522","1","177","218","193","196","142","0","46","109","84","81","85","1","131","109","109","115","57"
"2022","1","A","골목상권","2110660","등촌3동주민센터","4614","2039","2575","10","469","707","766","1291","1371","5","197","427","424","447","539","5","272","280","342","844","832"
"2022","1","D","발달상권","2120113","오목교역","628","372","256","2","96","144","162","136","88","1","45","79","94","92","61","1","51","65","68","44","27"
"2022","1","A","골목상권","2110482","연신초등학교","45","19","26","0","2","5","16","19","3","0","0","0","6","11","2","0","2","5","10","8","1"
"2022","1","A","골목상권","2110448","상신초등학교입구","120","76","44","1","20","27","26","26","20","1","17","17","12","14","15","0","3","10","14","12","5"
"2022","1","A","골목상권","2110471","응암동우체국","258","110","148","0","33","58","70","72","25","0","10","17","25","36","22","0","23","41","45","36","3"
"2022","1","D","발달상권","2120092","불광역","274","147","127","0","33","51","83","52","55","0","12","29","44","21","41","0","21","22","39","31","14"
"2022","1","A","골목상권","2110465","연신내역 7번","229","110","119","3","36","48","55","52","35","2","11","25","24","23","25","1","25","23","31","29","10"
"2022","1","A","골목상권","2110464","연신내역 5번","301","170","131","4","32","53","93","85","34","4","18","28","44","49","27","0","14","25","49","36","7"
"2022","1","R","전통시장","2130203","서서울 골목형상점가","34","7","27","0","2","7","10","12","3","0","0","0","2","4","1","0","2","7","8","8","2"
"2022","1","A","골목상권","2110477","은평세무서","434","205","229","0","43","62","106","141","82","0","15","23","49","71","47","0","28","39","57","70","35"
"2022","1","A","골목상권","2110456","구산보건지소","966","543","423","3","284","226","177","146","130","1","123","112","94","96","117","2","161","114","83","50","13"
"2022","1","D","발달상권","2120062","신설동역","12641","5433","7208","13","1215","2605","3449","3480","1879","2","445","1435","1625","1123","803","11","770","1170","1824","2357","1076"
"2022","1","A","골목상권","2110902","사당역 4번","1201","739","462","1","193","270","296","250","191","0","84","171","204","158","122","1","109","99","92","92","69"
"2022","1","R","전통시장","2130126","새석관시장","3","1","2","0","0","0","1","2","0","0","0","0","0","1","0","0","0","0","1","1","0"
"2022","1","A","골목상권","2110034","창신1동주민센터","41","35","6","0","2","1","14","13","11","0","2","1","10","11","11","0","0","0","4","2","0"
"2022","1","R","전통시장","2130091","청량종합도매시장","36","27","9","0","1","3","11","14","7","0","0","3","8","10","6","0","1","0","3","4","1"
"2022","1","D","발달상권","2120197","역삼역","58694","38567","20127","93","10088","18053","15887","10835","3738","43","5227","11916","11864","7079","2438","50","4861","6137","4023","3756","1300"
"2022","1","A","골목상권","2110658","화곡초등학교","253","153","100","0","21","55","62","69","46","0","10","35","36","44","28","0","11","20","26","25","18"
"2022","1","R","전통시장","2130215","대원종합시장","9","7","2","0","0","1","0","3","5","0","0","1","0","2","4","0","0","0","0","1","1"
"2022","1","A","골목상권","2110657","양천향교역 5번","3180","2118","1062","12","334","603","741","695","795","8","191","396","493","385","645","4","143","207","248","310","150"
"2022","1","A","골목상권","2110278","망우본동주민센터","279","168","111","1","32","46","78","83","39","0","10","25","44","57","32","1","22","21","34","26","7"
"2022","1","R","전통시장","2130151","신도봉시장","5","5","0","0","1","0","2","2","0","0","1","0","2","2","0","0","0","0","0","0","0"
"2022","1","A","골목상권","2110600","신월7동주민센터","350","263","87","0","32","30","66","101","121","0","17","14","38","79","115","0","15","16","28","22","6"
"2022","1","R","전통시장","2130226","고척프라자","2","2","0","0","1","1","0","0","0","0","1","1","0","0","0","0","0","0","0","0","0"
"2022","1","A","골목상권","2110679","염창역 2번","578","407","171","3","90","207","152","80","46","2","50","149","111","58","37","1","40","58","41","22","9"
"2022","1","A","골목상권","2110672","백석중학교","155","99","56","1","21","37","40","43","13","1","18","26","18","25","11","0","3","11","22","18","2"
"2022","1","A","골목상권","2110615","신서초등학교","87","63","24","0","20","21","27","13","6","0","14","18","18","8","5","0","6","3","9","5","1"
"2022","1","R","전통시장","2130270","흑석시장","4","3","1","0","2","0","0","2","0","0","1","0","0","2","0","0","1","0","0","0","0"
"2022","1","A","골목상권","2110415","수락산역 4번","635","386","249","5","82","110","155","174","109","5","46","71","85","110","69","0","36","39","70","64","40"
"2022","1","D","발달상권","2120168","서울고교교차로","569","378","191","1","58","166","147","103","94","0","28","98","107","78","67","1","30","68","40","25","27"
"2022","1","A","골목상권","2110412","창동중학교","25","23","2","0","4","7","3","4","7","0","3","7","3","3","7","0","1","0","0","1","0"
"2022","1","A","골목상권","2110960","은광여고","1522","692","830","5","207","255","373","502","180","4","55","110","190","212","121","1","152","145","183","290","59"
"2022","1","A","골목상권","2110191","고려대역 6번","48","41","7","0","1","12","14","9","12","0","1","10","11","8","11","0","0","2","3","1","1"
"2022","1","R","전통시장","2130144","백운시장","38","17","21","0","0","3","13","14","8","0","0","0","5","5","7","0","0","3","8","9","1"
"2022","1","A","골목상권","2111090","강일동주민센터","91","35","56","0","15","30","23","17","6","0","1","10","10","10","4","0","14","20","13","7","2"
"2022","1","A","골목상권","2110646","푸른들청소년도서관","782","401","381","1","93","124","208","189","167","1","27","53","103","100","117","0","66","71","105","89","50"
"2022","1","A","골목상권","2110436","상계제일중학교","93","60","33","0","15","21","33","20","4","0","5","13","23","15","4","0","10","8","10","5","0"